# TF Coordinate Frame ID: openni_rgb_optical_frame(data: openni_rgb_optical_frame)
1305031102.175304 -0.000362 -0.001786 -0.008776 0.000008 0.001098 -0.001369 0.999998
1305031102.211214 0.003823 0.005983 0.000122 -0.001891 -0.003920 -0.001568 0.999989
1305031102.243211 0.001027 0.009430 0.006202 -0.006328 -0.006158 -0.001895 0.999959
1305031102.275326 -0.001910 0.007843 0.024136 -0.012057 -0.008423 -0.002281 0.999889
1305031102.311267 -0.002759 0.004452 0.038196 -0.017741 -0.009822 -0.001704 0.999793
1305031102.343233 -0.006020 0.004521 0.052867 -0.020136 -0.011280 -0.000744 0.999733
1305031102.375329 -0.000933 0.005232 0.067100 -0.022776 -0.014842 0.001007 0.999630
1305031102.411258 -0.005250 0.011111 0.077423 -0.022713 -0.016600 -0.000540 0.999604
1305031102.443271 -0.003048 0.018329 0.084884 -0.026417 -0.020775 -0.000224 0.999435
1305031102.475318 -0.004145 0.017546 0.094867 -0.033500 -0.022567 -0.001136 0.999183
1305031102.511219 -0.003676 0.021575 0.131535 -0.038827 -0.023912 -0.000926 0.998959
1305031102.575286 0.000071 0.011535 0.142802 -0.047730 -0.021043 -0.005058 0.998626
1305031102.611233 -0.000709 0.008534 0.164959 -0.046884 -0.019285 -0.003282 0.998709
1305031102.643265 -0.009125 0.013496 0.169971 -0.043986 -0.014984 -0.003699 0.998913
1305031102.675285 -0.008649 0.018547 0.175455 -0.043741 -0.016421 -0.002526 0.998905
1305031102.711263 -0.012220 0.018764 0.190784 -0.044568 -0.015357 -0.002017 0.998886
1305031102.743234 -0.008210 0.023584 0.199983 -0.045345 -0.017721 -0.000122 0.998814
1305031102.775472 -0.003625 0.024345 0.211541 -0.047745 -0.016732 -0.001880 0.998718
1305031102.811232 -0.004127 0.026689 0.226300 -0.049153 -0.014084 -0.002614 0.998689
1305031102.843290 -0.005620 0.028870 0.237945 -0.050552 -0.009648 -0.003917 0.998667
1305031102.875363 -0.010854 0.029851 0.250442 -0.050224 -0.004880 -0.007083 0.998701
1305031102.911185 -0.012505 0.031659 0.262914 -0.050600 -0.003116 -0.007933 0.998683
1305031102.943229 -0.019999 0.037195 0.273937 -0.049316 -0.000504 -0.009150 0.998741
1305031102.975203 -0.029027 0.040302 0.284389 -0.049292 -0.004174 -0.010872 0.998717
1305031103.011215 -0.029859 0.044880 0.296365 -0.049613 -0.010270 -0.007955 0.998684
1305031103.043227 -0.031326 0.046980 0.307629 -0.051913 -0.016034 -0.005530 0.998508
1305031103.075319 -0.024915 0.048923 0.322692 -0.051443 -0.022091 -0.002603 0.998428
1305031103.111240 -0.024953 0.056074 0.330033 -0.049228 -0.022219 -0.000889 0.998540
1305031103.143318 -0.024535 0.058464 0.336561 -0.050281 -0.021831 0.000172 0.998496
1305031103.175452 -0.023820 0.063692 0.346098 -0.050550 -0.021013 0.000903 0.998500
1305031103.211220 -0.027002 0.074060 0.366334 -0.053302 -0.020818 0.001870 0.998360
1305031103.275370 -0.036485 0.073042 0.364620 -0.071798 -0.017561 0.007896 0.997233
1305031103.311210 -0.035150 0.070820 0.377256 -0.078684 -0.029240 0.008187 0.996437
1305031103.343223 -0.027125 0.074124 0.384266 -0.078518 -0.037150 0.009076 0.996179
1305031103.375327 -0.024455 0.071425 0.386834 -0.084045 -0.036841 0.012059 0.995708
1305031103.411260 -0.024527 0.071738 0.390948 -0.084529 -0.037577 0.013826 0.995616
1305031103.443280 -0.024455 0.069582 0.391227 -0.084529 -0.040849 0.013086 0.995497
1305031103.475274 -0.023577 0.067691 0.388106 -0.083861 -0.044219 0.011763 0.995426
1305031103.511333 -0.020459 0.065007 0.387795 -0.081191 -0.048006 0.010362 0.995488
1305031103.543444 -0.019473 0.060906 0.383702 -0.077386 -0.050460 0.008843 0.995684
1305031103.575474 -0.023703 0.058543 0.373682 -0.072558 -0.049773 0.008469 0.996085
1305031103.611223 -0.028055 0.056126 0.360897 -0.068936 -0.050048 0.009036 0.996324
1305031103.643445 -0.025583 0.052143 0.353669 -0.066418 -0.055758 0.010757 0.996175
1305031103.675523 -0.020484 0.047976 0.344667 -0.064330 -0.060498 0.011389 0.996028
1305031103.711610 -0.017213 0.044227 0.333301 -0.062262 -0.062492 0.011499 0.996035
1305031103.743326 -0.014103 0.038717 0.321231 -0.060000 -0.062889 0.011000 0.996155
1305031103.775342 -0.012674 0.036283 0.310485 -0.057042 -0.062758 0.008349 0.996362
1305031103.811242 -0.010633 0.033758 0.289167 -0.056811 -0.062064 0.004957 0.996442
1305031103.843251 -0.017045 0.034784 0.269268 -0.057892 -0.058230 0.000326 0.996623
1305031103.875361 -0.019046 0.023639 0.255204 -0.066125 -0.060398 -0.001686 0.995980
1305031103.911221 -0.013633 0.021500 0.253068 -0.064325 -0.067615 -0.001802 0.995634
1305031103.943211 -0.012055 0.015516 0.243703 -0.064263 -0.071141 -0.002649 0.995390
1305031103.975373 -0.007708 0.010454 0.230856 -0.062904 -0.074046 -0.002854 0.995265
1305031104.011232 -0.001951 -0.000739 0.219623 -0.061577 -0.076557 -0.004194 0.995153
1305031104.043249 0.000763 -0.004458 0.202379 -0.054718 -0.072060 -0.006617 0.995876
1305031104.075425 0.006389 -0.005065 0.186236 -0.050421 -0.068609 -0.008330 0.996334
1305031104.111235 0.009559 -0.009285 0.170200 -0.046855 -0.062851 -0.010123 0.996871
1305031104.143230 0.010802 -0.015380 0.160594 -0.043376 -0.057782 -0.010614 0.997330
1305031104.175424 0.009066 -0.019480 0.146162 -0.039503 -0.053494 -0.011657 0.997718
1305031104.211283 0.009585 -0.023278 0.132271 -0.035507 -0.050626 -0.011944 0.998015
1305031104.243196 0.009128 -0.026860 0.118942 -0.031095 -0.047826 -0.012055 0.998299
1305031104.275546 0.013064 -0.028375 0.106637 -0.026531 -0.046305 -0.012440 0.998497
1305031104.311219 0.012692 -0.030467 0.091510 -0.022428 -0.041890 -0.013378 0.998781
1305031104.343342 0.016826 -0.031146 0.077170 -0.019025 -0.038311 -0.014005 0.998987
1305031104.375837 0.011746 -0.031458 0.058626 -0.016251 -0.031087 -0.014441 0.999280
1305031104.411509 0.011629 -0.030590 0.048957 -0.014677 -0.027614 -0.013029 0.999426
1305031104.443288 0.003050 -0.028106 0.035932 -0.012041 -0.023282 -0.014466 0.999552
1305031104.475456 -0.000662 -0.028060 0.027042 -0.011894 -0.022959 -0.013739 0.999571
1305031104.511329 -0.003124 -0.032939 0.021204 -0.012028 -0.026128 -0.012236 0.999511
1305031104.543368 -0.000225 -0.036183 0.015285 -0.009691 -0.029710 -0.011115 0.999450
1305031104.575343 0.007411 -0.042508 0.011397 -0.006238 -0.030590 -0.009595 0.999466
1305031104.611336 0.011122 -0.053984 0.016068 0.000545 -0.027381 -0.007604 0.999596
1305031104.643243 0.013482 -0.054615 0.002302 0.012865 -0.019851 -0.007426 0.999693
1305031104.675525 0.019227 -0.059250 -0.007560 0.023658 -0.012754 -0.005807 0.999622
1305031104.711277 0.016103 -0.059618 -0.015740 0.038022 -0.003784 -0.004332 0.999260
1305031104.743280 0.020823 -0.056613 -0.026862 0.052133 0.003294 -0.001175 0.998634
1305031104.775327 0.019869 -0.058149 -0.044445 0.063622 0.010886 -0.000046 0.997915
1305031104.811465 0.021338 -0.051008 -0.052240 0.076281 0.017651 0.002530 0.996927
1305031104.843258 0.022062 -0.051584 -0.068860 0.083592 0.024747 0.005117 0.996180
1305031104.875350 0.021628 -0.043673 -0.079652 0.090847 0.028430 0.007454 0.995431
1305031104.911534 0.021421 -0.043029 -0.092332 0.092295 0.029501 0.008097 0.995262
1305031104.943262 0.025370 -0.033248 -0.098378 0.095101 0.029540 0.010148 0.994977
1305031104.975202 0.022932 -0.029194 -0.101871 0.094520 0.030838 0.009742 0.994998
1305031105.011290 0.020451 -0.023959 -0.111494 0.091154 0.030248 0.009070 0.995336
1305031105.043373 0.019979 -0.021153 -0.106789 0.084760 0.029878 0.007462 0.995925
1305031105.075320 0.019231 -0.021280 -0.100444 0.077826 0.029301 0.004674 0.996525
1305031105.111299 0.006100 -0.025727 -0.091834 0.071000 0.030925 0.002059 0.996995
1305031105.143106 0.010257 -0.010447 -0.077610 0.068146 0.027075 0.001087 0.997307
1305031105.175159 0.007302 -0.006139 -0.075240 0.055952 0.024106 -0.003747 0.998135
1305031105.211268 -0.001444 -0.013075 -0.056514 0.041401 0.022036 -0.004185 0.998891
1305031105.243270 -0.003639 -0.009642 -0.034140 0.034112 0.016119 -0.006301 0.999268
1305031105.275288 -0.008115 -0.005262 -0.019845 0.024672 0.010489 -0.008477 0.999605
1305031105.311290 -0.015267 -0.007869 -0.004468 0.014073 0.004122 -0.009892 0.999844
1305031105.343302 -0.011584 -0.011955 0.015020 0.003887 -0.003570 -0.008120 0.999953
1305031105.375338 -0.011715 -0.017050 0.039522 -0.001388 -0.009913 -0.008215 0.999916
1305031105.411286 -0.013430 -0.009672 0.046172 -0.005145 -0.014143 -0.009045 0.999846
1305031105.443316 -0.013059 -0.010951 0.064064 -0.012230 -0.019035 -0.009045 0.999703
1305031105.475280 -0.016911 -0.013875 0.080447 -0.017107 -0.021182 -0.009835 0.999581
1305031105.511332 -0.016023 -0.011083 0.091813 -0.021365 -0.024127 -0.009658 0.999434
1305031105.543282 -0.016744 -0.012567 0.106394 -0.025952 -0.024539 -0.008866 0.999323
1305031105.575449 -0.018824 -0.011066 0.122230 -0.028794 -0.025875 -0.008944 0.999210
1305031105.611378 -0.019720 -0.013758 0.140481 -0.032712 -0.026410 -0.008197 0.999082
1305031105.643273 -0.018627 -0.013600 0.157369 -0.034056 -0.028065 -0.005292 0.999012
1305031105.675166 -0.017930 -0.012590 0.167749 -0.036190 -0.028916 -0.004700 0.998915
1305031105.711309 -0.011097 -0.014751 0.188155 -0.036740 -0.029512 -0.004141 0.998880
1305031105.743312 -0.010930 -0.011751 0.201890 -0.035205 -0.025581 -0.004138 0.999044
1305031105.775339 -0.007357 -0.006406 0.213188 -0.033731 -0.021534 -0.004460 0.999189
1305031105.811283 -0.008303 -0.008309 0.230088 -0.034250 -0.016462 -0.003020 0.999273
1305031105.843271 -0.008247 -0.005656 0.242965 -0.032269 -0.012174 -0.003165 0.999400
1305031105.875337 -0.008435 0.001007 0.254376 -0.030256 -0.006212 -0.001500 0.999522
1305031105.911262 -0.006460 0.003287 0.262302 -0.033639 -0.002626 0.002832 0.999427
1305031105.943272 -0.007586 0.007106 0.275287 -0.036543 0.001579 0.005757 0.999314
1305031105.975329 -0.009464 0.013777 0.284347 -0.039582 0.005355 0.006859 0.999178
1305031106.011285 -0.009519 0.017660 0.296625 -0.043842 0.007622 0.007841 0.998979
1305031106.043355 -0.009291 0.022353 0.310192 -0.047976 0.009418 0.009238 0.998761
1305031106.075330 -0.011056 0.025918 0.322918 -0.052291 0.010678 0.010881 0.998516
1305031106.111327 -0.014484 0.034654 0.334890 -0.055695 0.011859 0.011827 0.998307
1305031106.143355 -0.017436 0.037773 0.346822 -0.062247 0.010905 0.013217 0.997914
1305031106.175534 -0.017435 0.038834 0.359928 -0.066986 0.008823 0.014394 0.997611
1305031106.211275 -0.017937 0.038154 0.371263 -0.071653 0.006837 0.015585 0.997284
1305031106.243267 -0.018017 0.044097 0.381999 -0.070099 0.004329 0.019392 0.997342
1305031106.276385 -0.021962 0.048753 0.387874 -0.070842 0.004760 0.019952 0.997277
1305031106.311238 -0.021652 0.051243 0.394212 -0.075279 0.003237 0.023323 0.996884
1305031106.343258 -0.026476 0.060213 0.398006 -0.077703 0.004387 0.022658 0.996709
1305031106.375388 -0.020731 0.060705 0.403559 -0.087864 0.001191 0.016884 0.995989
1305031106.411320 -0.018269 0.052640 0.410833 -0.098632 0.005423 0.011523 0.995042
1305031106.443278 -0.022538 0.053000 0.413636 -0.097775 0.010164 0.006456 0.995136
1305031106.475345 -0.022907 0.051982 0.413940 -0.097929 0.007964 0.006802 0.995138
1305031106.511129 -0.020559 0.049936 0.408939 -0.095362 0.002155 0.007526 0.995412
1305031106.543302 -0.020692 0.050882 0.401436 -0.089848 -0.001941 0.006277 0.995934
1305031106.575282 -0.020420 0.048779 0.393567 -0.086657 -0.004318 0.005233 0.996215
1305031106.611151 -0.024094 0.047549 0.379897 -0.085762 -0.005581 0.001866 0.996298
1305031106.643207 -0.021985 0.042433 0.371719 -0.086299 -0.009787 0.000296 0.996221
1305031106.675279 -0.027736 0.041677 0.359460 -0.083196 -0.010632 -0.000451 0.996476
1305031106.711508 -0.028827 0.038364 0.344751 -0.084649 -0.016410 -0.000734 0.996275
1305031106.743341 -0.030117 0.035109 0.332384 -0.083103 -0.022869 -0.000785 0.996278
1305031106.775390 -0.027931 0.031579 0.319874 -0.082655 -0.029758 0.000166 0.996134
1305031106.811289 -0.026969 0.031794 0.303318 -0.081545 -0.034045 -0.000542 0.996088
1305031106.843416 -0.023642 0.023086 0.291246 -0.084086 -0.039859 -0.000707 0.995661
1305031106.875905 -0.018996 0.018916 0.281024 -0.078390 -0.045169 -0.004370 0.995889
1305031106.911243 -0.014365 0.015919 0.266100 -0.076062 -0.046636 -0.007109 0.995987
1305031106.943439 -0.013065 0.008540 0.248174 -0.074664 -0.045931 -0.011697 0.996082
1305031106.975547 -0.015192 0.002321 0.233940 -0.068940 -0.042607 -0.016172 0.996579
1305031107.011576 -0.009020 -0.001136 0.216836 -0.064561 -0.042885 -0.018114 0.996827
1305031107.043281 -0.013280 -0.001791 0.192470 -0.061831 -0.037367 -0.020892 0.997168
1305031107.075432 -0.018930 -0.008766 0.183250 -0.058394 -0.035085 -0.022391 0.997426
1305031107.111229 -0.016514 -0.011200 0.166299 -0.054143 -0.036068 -0.022876 0.997619
1305031107.143260 -0.011943 -0.009215 0.147057 -0.050253 -0.036442 -0.023381 0.997798
1305031107.175399 -0.011291 -0.016940 0.134935 -0.049648 -0.034854 -0.023805 0.997875
1305031107.211358 -0.009539 -0.026392 0.126362 -0.045912 -0.032882 -0.024795 0.998096
1305031107.243378 -0.004245 -0.025019 0.113610 -0.038226 -0.031234 -0.025188 0.998463
1305031107.275398 -0.001337 -0.028352 0.100704 -0.032773 -0.028311 -0.024646 0.998758
1305031107.311226 -0.001412 -0.036446 0.088257 -0.027185 -0.024213 -0.026003 0.998999
1305031107.343509 -0.001078 -0.046445 0.077367 -0.018493 -0.019250 -0.026760 0.999285
1305031107.375413 0.003621 -0.042036 0.063810 -0.007161 -0.014892 -0.026315 0.999517
1305031107.411271 0.005419 -0.040535 0.049873 0.000264 -0.008774 -0.026853 0.999601
1305031107.443419 0.010051 -0.038778 0.039300 0.005948 -0.005516 -0.025783 0.999635
1305031107.475377 0.011230 -0.038154 0.031634 0.009770 -0.000116 -0.025282 0.999633
1305031107.511352 0.011882 -0.035302 0.018753 0.012137 0.004577 -0.025549 0.999589
1305031107.543605 0.014581 -0.034766 0.012451 0.009519 0.007192 -0.023850 0.999644
1305031107.575454 0.016788 -0.039492 0.018064 0.008531 0.009048 -0.020438 0.999714
1305031107.611271 0.018652 -0.035926 0.014014 0.009553 0.010622 -0.019827 0.999701
1305031107.643323 0.020693 -0.030900 0.009492 0.007705 0.011682 -0.017318 0.999752
1305031107.675568 0.018011 -0.031510 0.014893 0.006225 0.013593 -0.018302 0.999721
1305031107.711307 0.017700 -0.026543 0.015523 0.006079 0.013428 -0.017622 0.999736
1305031107.743538 0.014303 -0.021009 0.012564 0.004027 0.013483 -0.017061 0.999755
1305031107.775802 0.016232 -0.021750 0.018031 0.000635 0.009652 -0.017714 0.999796
1305031107.811596 0.016085 -0.019941 0.020321 -0.001096 0.008173 -0.018750 0.999790
1305031107.843332 0.018568 -0.017865 0.021053 -0.003428 0.007418 -0.018829 0.999789
1305031107.875358 0.025727 -0.020504 0.030207 -0.004857 0.006944 -0.021533 0.999732
1305031107.911541 0.027456 -0.020911 0.034697 -0.003901 0.009695 -0.024480 0.999646
1305031107.943122 0.031939 -0.020517 0.042381 -0.001618 0.013263 -0.025361 0.999589
1305031107.975807 0.037655 -0.023820 0.042679 -0.000171 0.017302 -0.024736 0.999544
1305031108.011320 0.046819 -0.025247 0.043826 0.003349 0.021569 -0.027758 0.999376
1305031108.043418 0.058811 -0.024638 0.042647 0.005675 0.028304 -0.025808 0.999250
1305031108.075352 0.071662 -0.027018 0.041813 0.006379 0.036615 -0.020060 0.999108
1305031108.111378 0.079687 -0.027733 0.044829 0.008935 0.042958 -0.019191 0.998853
1305031108.143334 0.090393 -0.023995 0.046086 0.012082 0.047064 -0.018815 0.998642
1305031108.176058 0.098641 -0.020141 0.043719 0.010891 0.051532 -0.016413 0.998477
1305031108.211475 0.107269 -0.020699 0.045236 0.005958 0.054028 -0.016925 0.998378
1305031108.243347 0.130856 -0.026839 0.053481 0.003632 0.053896 -0.017657 0.998384
1305031108.275358 0.136963 -0.020742 0.055704 0.005264 0.060142 -0.017509 0.998022
1305031108.311332 0.142778 -0.017660 0.053689 0.001937 0.062846 -0.016560 0.997884
1305031108.343278 0.147706 -0.014908 0.056604 -0.003336 0.062990 -0.015286 0.997892
1305031108.375410 0.156107 -0.013458 0.060753 -0.008307 0.061087 -0.010730 0.998040
1305031108.411361 0.169417 -0.016215 0.065138 -0.014469 0.056277 -0.003604 0.998304
1305031108.443610 0.187169 -0.014652 0.067617 -0.018717 0.053190 0.003095 0.998404
1305031108.475471 0.198706 -0.015254 0.073808 -0.021662 0.053455 0.010208 0.998283
1305031108.511378 0.225743 -0.014300 0.074324 -0.019838 0.051604 0.015773 0.998346
1305031108.543737 0.240415 -0.013225 0.078106 -0.014698 0.058382 0.015210 0.998070
1305031108.575414 0.247576 -0.012275 0.077829 -0.011921 0.064403 0.012799 0.997771
1305031108.611407 0.257561 -0.011781 0.077633 -0.012100 0.071780 0.013374 0.997257
1305031108.643303 0.267691 -0.010095 0.077791 -0.012224 0.077380 0.014831 0.996816
1305031108.675375 0.283617 -0.006977 0.072407 -0.014621 0.080837 0.019373 0.996432
1305031108.711411 0.292826 -0.010251 0.076903 -0.020004 0.088994 0.023166 0.995562
1305031108.743502 0.298748 -0.008637 0.079965 -0.020525 0.094801 0.023926 0.994997
1305031108.775493 0.306750 -0.006384 0.080319 -0.021088 0.098747 0.026307 0.994541
1305031108.811244 0.305058 -0.007675 0.081912 -0.022991 0.104423 0.030512 0.993799
1305031108.843264 0.312840 -0.009709 0.084959 -0.022439 0.102819 0.036749 0.993768
1305031108.876515 0.312621 -0.007830 0.082635 -0.019409 0.100309 0.043680 0.993808
1305031108.911364 0.310754 -0.010861 0.082460 -0.017153 0.097892 0.047720 0.993904
1305031108.943243 0.309647 -0.009875 0.082178 -0.010991 0.094116 0.049566 0.994266
1305031108.975268 0.308305 -0.005087 0.077004 -0.005983 0.087233 0.048068 0.995010
1305031109.011269 0.308815 -0.006653 0.073271 -0.007516 0.082245 0.046292 0.995508
1305031109.043277 0.303866 -0.006615 0.072707 -0.006093 0.080894 0.044242 0.995722
1305031109.075410 0.299623 -0.003745 0.067754 -0.007345 0.076636 0.039746 0.996240
1305031109.111282 0.288666 -0.007864 0.066364 -0.012879 0.076397 0.036196 0.996337
1305031109.143334 0.273108 -0.008460 0.069026 -0.013394 0.075153 0.033632 0.996515
1305031109.175464 0.264547 -0.003293 0.065658 -0.012241 0.067456 0.030181 0.997191
1305031109.211379 0.247790 -0.001970 0.061880 -0.017751 0.065217 0.031601 0.997213
1305031109.243290 0.233305 -0.005025 0.061498 -0.027361 0.063641 0.036900 0.996915
1305031109.275308 0.223133 -0.008675 0.067167 -0.030038 0.057887 0.041493 0.997008
1305031109.311329 0.210590 -0.002196 0.065879 -0.025265 0.047542 0.042581 0.997641
1305031109.343248 0.193119 -0.004754 0.062673 -0.029559 0.039251 0.041098 0.997946
1305031109.375397 0.178550 -0.003246 0.064878 -0.031888 0.031754 0.040623 0.998161
1305031109.411329 0.168042 0.000286 0.063768 -0.030991 0.023722 0.036493 0.998572
1305031109.443302 0.154141 0.001709 0.064008 -0.035071 0.018939 0.030911 0.998727
1305031109.475363 0.142338 0.001503 0.064252 -0.037590 0.016058 0.027983 0.998772
1305031109.511273 0.131042 0.001606 0.063987 -0.036969 0.012663 0.023868 0.998951
1305031109.543294 0.117012 -0.000469 0.063898 -0.035165 0.011209 0.020854 0.999101
1305031109.575362 0.100188 0.003593 0.058356 -0.033741 0.012200 0.020485 0.999146
1305031109.611310 0.088244 0.001897 0.054492 -0.034926 0.010336 0.018155 0.999172
1305031109.643229 0.077403 0.003689 0.054559 -0.034869 0.008562 0.016743 0.999215
1305031109.675263 0.058599 0.007454 0.050553 -0.036285 0.010097 0.019397 0.999102
1305031109.711312 0.046434 0.010032 0.049082 -0.038634 0.006402 0.018545 0.999061
1305031109.743274 0.035800 0.011014 0.049536 -0.043190 0.002445 0.017778 0.998906
1305031109.775277 0.023538 0.009898 0.051238 -0.046317 0.000919 0.017876 0.998766
1305031109.811371 0.009933 0.011848 0.052192 -0.048371 -0.000364 0.017472 0.998677
1305031109.843296 -0.004644 0.013284 0.054631 -0.051637 -0.002699 0.016673 0.998523
1305031109.875306 -0.021766 0.013129 0.054804 -0.055524 -0.004757 0.015004 0.998333
1305031109.911265 -0.033697 0.010666 0.062845 -0.057430 -0.011583 0.010159 0.998231
1305031109.943299 -0.039153 0.012375 0.065041 -0.060093 -0.017438 0.007823 0.998010
1305031109.975258 -0.056217 0.016812 0.065167 -0.062586 -0.018334 0.001608 0.997870
1305031110.011256 -0.068071 0.018924 0.071150 -0.064408 -0.021554 -0.004393 0.997681
1305031110.043299 -0.078006 0.018796 0.075355 -0.067406 -0.023810 -0.011319 0.997377
1305031110.075319 -0.095664 0.020882 0.077946 -0.069392 -0.022485 -0.016761 0.997195
1305031110.111325 -0.114226 0.024495 0.078203 -0.072721 -0.021939 -0.022129 0.996865
1305031110.143432 -0.130950 0.022339 0.088483 -0.074600 -0.024681 -0.026055 0.996568
1305031110.175641 -0.140857 0.024691 0.087261 -0.076545 -0.028364 -0.027018 0.996296
1305031110.211637 -0.150598 0.027474 0.089936 -0.078807 -0.032304 -0.028134 0.995969
1305031110.243323 -0.170745 0.024643 0.098294 -0.080503 -0.033554 -0.029326 0.995758
1305031110.279321 -0.179545 0.021730 0.101194 -0.079982 -0.037974 -0.030308 0.995612
1305031110.311404 -0.193688 0.023857 0.101062 -0.076700 -0.040032 -0.031837 0.995741
1305031110.343355 -0.200876 0.026916 0.100211 -0.075163 -0.046564 -0.031621 0.995581
1305031110.379281 -0.213095 0.027071 0.101612 -0.074245 -0.051984 -0.035404 0.995255
1305031110.411469 -0.226066 0.033018 0.099415 -0.072807 -0.057787 -0.037810 0.994952
1305031110.443260 -0.231472 0.038640 0.094932 -0.075079 -0.065775 -0.040325 0.994188
1305031110.479331 -0.247029 0.034904 0.099216 -0.079394 -0.071932 -0.046689 0.993148
1305031110.511429 -0.264052 0.033197 0.101176 -0.080868 -0.077098 -0.051302 0.992413
1305031110.543408 -0.271989 0.038499 0.099633 -0.081534 -0.084550 -0.054044 0.991606
1305031110.579426 -0.276997 0.042299 0.096088 -0.085205 -0.092324 -0.057502 0.990409
1305031110.611307 -0.287956 0.041792 0.101215 -0.089049 -0.095261 -0.062358 0.989498
1305031110.643418 -0.303096 0.035676 0.107613 -0.090053 -0.094859 -0.065746 0.989227
1305031110.679606 -0.309253 0.043977 0.103075 -0.087820 -0.097780 -0.067961 0.988993
1305031110.711412 -0.311624 0.043025 0.102975 -0.091622 -0.101396 -0.068599 0.988240
1305031110.743249 -0.323631 0.042326 0.104572 -0.092232 -0.100263 -0.071507 0.988093
1305031110.779193 -0.327022 0.041825 0.105054 -0.092899 -0.102082 -0.072390 0.987780
1305031110.811386 -0.328483 0.042962 0.104032 -0.093139 -0.102968 -0.073729 0.987566
1305031110.843218 -0.332211 0.045365 0.103117 -0.093778 -0.104446 -0.076370 0.987150
1305031110.879313 -0.330701 0.040891 0.105238 -0.095752 -0.107306 -0.075898 0.986690
1305031110.911333 -0.328684 0.043040 0.104183 -0.095596 -0.109007 -0.076183 0.986496
1305031110.943862 -0.325297 0.043662 0.105946 -0.095462 -0.111184 -0.077169 0.986190
1305031110.979345 -0.314893 0.045338 0.105275 -0.095159 -0.112208 -0.077721 0.986060
1305031111.011431 -0.302654 0.048369 0.105865 -0.094840 -0.109873 -0.076732 0.986431
1305031111.043327 -0.297014 0.046120 0.109149 -0.094982 -0.103842 -0.073967 0.987281
1305031111.079283 -0.290572 0.048658 0.104925 -0.095901 -0.100566 -0.072166 0.987665
1305031111.111508 -0.281624 0.050472 0.108398 -0.096044 -0.098651 -0.069279 0.988050
1305031111.143257 -0.269060 0.043633 0.114118 -0.096723 -0.098144 -0.067484 0.988159
1305031111.179326 -0.253382 0.041860 0.114079 -0.094739 -0.096122 -0.067162 0.988572
1305031111.211433 -0.243646 0.042190 0.111752 -0.092769 -0.087187 -0.064254 0.989780
1305031111.243236 -0.235501 0.040914 0.112929 -0.092195 -0.084697 -0.062763 0.990145
1305031111.279308 -0.221024 0.036533 0.120301 -0.089196 -0.084352 -0.061163 0.990549
1305031111.311547 -0.211436 0.042729 0.113800 -0.083314 -0.078775 -0.055948 0.991828
1305031111.343397 -0.210119 0.047564 0.107452 -0.085200 -0.078172 -0.057259 0.991641
1305031111.379134 -0.193327 0.036398 0.117736 -0.088148 -0.082658 -0.053492 0.991230
1305031111.411296 -0.178996 0.039138 0.120724 -0.082454 -0.084953 -0.050859 0.991664
1305031111.443386 -0.155834 0.033047 0.117072 -0.084819 -0.094751 -0.055479 0.990328
1305031111.479259 -0.129368 0.028029 0.123781 -0.082349 -0.092001 -0.056695 0.990727
1305031111.511264 -0.121073 0.027519 0.120457 -0.078292 -0.079263 -0.055802 0.992207
1305031111.543250 -0.100400 0.020758 0.125632 -0.076149 -0.076090 -0.052947 0.992778
1305031111.579237 -0.089027 0.026244 0.119279 -0.069993 -0.065186 -0.048451 0.994236
1305031111.611271 -0.091097 0.024875 0.108291 -0.071603 -0.054429 -0.041956 0.995063
1305031111.643395 -0.072016 0.016564 0.124902 -0.070401 -0.057677 -0.035243 0.995226
1305031111.679320 -0.044798 0.022628 0.118637 -0.063220 -0.054090 -0.025583 0.996204
1305031111.711760 -0.025373 0.018082 0.114162 -0.064197 -0.047549 -0.025495 0.996478
1305031111.743386 -0.001538 0.014071 0.120152 -0.061048 -0.038324 -0.021564 0.997166
1305031111.779423 0.016974 0.017224 0.118022 -0.056538 -0.022426 -0.017218 0.998000
1305031111.811406 0.017723 0.009764 0.116187 -0.056225 -0.004094 -0.018702 0.998235
1305031111.843299 0.029600 0.016973 0.116068 -0.049466 0.006101 -0.016802 0.998616
1305031111.879442 0.030948 0.014721 0.102744 -0.050928 0.016882 -0.012557 0.998481
1305031111.911354 0.036542 0.017332 0.113232 -0.048798 0.017983 -0.005909 0.998629
1305031111.943300 0.050831 0.016364 0.114415 -0.047510 0.013974 0.002148 0.998771
1305031111.979449 0.076705 0.016493 0.108983 -0.045930 0.011961 0.009353 0.998829
1305031112.011433 0.103143 0.012533 0.105301 -0.045674 0.014944 0.011674 0.998776
1305031112.043270 0.113799 0.013658 0.105310 -0.041159 0.024570 0.008441 0.998815
1305031112.079339 0.133790 0.012353 0.101199 -0.039371 0.034287 0.009455 0.998591
1305031112.111423 0.129775 0.010252 0.101769 -0.037611 0.048663 0.003161 0.998102
1305031112.144342 0.153437 0.014243 0.097907 -0.035443 0.049842 -0.002522 0.998125
1305031112.179390 0.170902 0.006570 0.095814 -0.041048 0.061123 -0.005444 0.997271
1305031112.211254 0.184171 0.000713 0.100327 -0.042064 0.070656 -0.010816 0.996555
1305031112.243369 0.198517 -0.003796 0.102970 -0.037252 0.080046 -0.014241 0.995993
1305031112.279353 0.187897 -0.000879 0.104854 -0.030419 0.094565 -0.018979 0.994873
1305031112.311312 0.199449 -0.000365 0.103495 -0.023103 0.096041 -0.020391 0.994900
1305031112.343323 0.206960 -0.001006 0.100109 -0.016555 0.097182 -0.019806 0.994932
1305031112.379360 0.215655 -0.001228 0.098110 -0.012371 0.096272 -0.016034 0.995149
1305031112.411442 0.230946 -0.001941 0.095149 -0.010210 0.092466 -0.011476 0.995597
1305031112.443391 0.245465 -0.003336 0.095293 -0.007836 0.090272 -0.004785 0.995875
1305031112.479418 0.252152 -0.004572 0.094079 -0.005037 0.089933 0.003872 0.995928
1305031112.511504 0.259913 -0.005941 0.093888 -0.003161 0.086867 0.011519 0.996148
1305031112.543212 0.272556 -0.006493 0.092742 -0.000586 0.082422 0.016191 0.996466
1305031112.579252 0.281052 -0.005550 0.091116 0.001719 0.079269 0.021431 0.996621
1305031112.611261 0.301810 -0.002175 0.086525 0.002579 0.075141 0.028118 0.996773
1305031112.643246 0.315753 -0.004404 0.084766 -0.000955 0.079252 0.037049 0.996165
1305031112.679952 0.319747 -0.002042 0.086054 -0.001857 0.085274 0.040570 0.995530
1305031112.711251 0.322071 -0.001257 0.085840 -0.003912 0.089828 0.041576 0.995081
1305031112.743245 0.327018 0.005762 0.080346 -0.006933 0.091764 0.045711 0.994707
1305031112.779310 0.326130 0.001696 0.082283 -0.015672 0.096150 0.048659 0.994053
1305031112.811310 0.314599 0.002617 0.093872 -0.016806 0.099548 0.047119 0.993774
1305031112.843286 0.309567 0.007207 0.092876 -0.018198 0.094476 0.045274 0.994331
1305031112.879421 0.311872 0.009263 0.093392 -0.021160 0.089679 0.047420 0.994616
1305031112.911411 0.299300 0.007946 0.097076 -0.024545 0.089335 0.048544 0.994515
1305031112.943321 0.295509 0.007907 0.100293 -0.026014 0.083238 0.049077 0.994981
1305031112.979278 0.292810 0.008152 0.099673 -0.026479 0.076194 0.046000 0.995679
1305031113.011353 0.284797 0.011138 0.096375 -0.027488 0.073399 0.045600 0.995880
1305031113.043231 0.277696 0.009351 0.095749 -0.032279 0.071440 0.043632 0.995967
1305031113.079251 0.267316 0.007082 0.098971 -0.032599 0.069085 0.039109 0.996311
1305031113.111316 0.253069 0.009941 0.095806 -0.029190 0.065254 0.033456 0.996880
1305031113.143306 0.242849 0.008214 0.091386 -0.033288 0.062184 0.031423 0.997014
1305031113.179343 0.228928 0.005256 0.092759 -0.036414 0.061717 0.033033 0.996882
1305031113.211259 0.211651 0.001009 0.090592 -0.036140 0.057061 0.034604 0.997116
1305031113.243227 0.197233 0.003418 0.087694 -0.037703 0.050341 0.035249 0.997397
1305031113.279312 0.183322 0.002176 0.089692 -0.039018 0.045556 0.036827 0.997520
1305031113.311452 0.168870 0.006381 0.091834 -0.030959 0.038059 0.040446 0.997977
1305031113.343252 0.151631 0.005592 0.086005 -0.027358 0.027483 0.039015 0.998486
1305031113.379312 0.132032 0.004815 0.083737 -0.031117 0.020542 0.035758 0.998665
1305031113.411625 0.115487 0.003054 0.088029 -0.030293 0.013827 0.036488 0.998779
1305031113.443266 0.095391 0.004227 0.086477 -0.028578 0.008559 0.029846 0.999109
1305031113.479311 0.078514 0.004847 0.083073 -0.032060 0.001390 0.023666 0.999205
1305031113.511523 0.061744 0.002884 0.087411 -0.036323 -0.004278 0.021430 0.999101
1305031113.543242 0.043346 0.000188 0.089838 -0.038661 -0.009479 0.018502 0.999036
1305031113.579301 0.030038 0.001351 0.090961 -0.038718 -0.015484 0.013926 0.999033
1305031113.611268 0.022536 0.003930 0.091517 -0.040926 -0.021048 0.010295 0.998887
1305031113.643222 0.009838 0.002510 0.090643 -0.044089 -0.021387 0.006686 0.998776
1305031113.679288 -0.002691 -0.001629 0.095991 -0.046926 -0.021995 0.003765 0.998649
1305031113.711931 -0.016980 -0.002653 0.098354 -0.047260 -0.021450 -0.001221 0.998652
1305031113.743590 -0.028743 -0.001152 0.098280 -0.045907 -0.019426 -0.006745 0.998734
1305031113.779320 -0.045345 -0.002903 0.100393 -0.045496 -0.016154 -0.010751 0.998776
1305031113.811237 -0.062491 0.000341 0.102035 -0.043620 -0.014009 -0.013097 0.998864
1305031113.843295 -0.072318 0.005156 0.099096 -0.042475 -0.012731 -0.016035 0.998888
1305031113.879281 -0.090969 -0.002774 0.107091 -0.043802 -0.011377 -0.020710 0.998761
1305031113.911290 -0.108226 -0.000763 0.109610 -0.040764 -0.011224 -0.022424 0.998854
1305031113.943291 -0.116751 0.001790 0.107167 -0.037239 -0.010496 -0.023677 0.998971
1305031113.979293 -0.134501 0.001115 0.108371 -0.034120 -0.007287 -0.029546 0.998954
1305031114.011257 -0.154864 0.006221 0.109639 -0.029273 -0.004299 -0.035189 0.998943
1305031114.043301 -0.170648 0.009378 0.111065 -0.026856 -0.007192 -0.036377 0.998951
1305031114.079285 -0.187166 0.008390 0.114235 -0.024773 -0.011926 -0.037414 0.998922
1305031114.111263 -0.201653 0.011153 0.112061 -0.021916 -0.017155 -0.041138 0.998766
1305031114.143284 -0.209139 0.015038 0.112266 -0.020647 -0.024421 -0.043046 0.998561
1305031114.179337 -0.222989 0.008797 0.119961 -0.020454 -0.026499 -0.045563 0.998400
1305031114.211303 -0.231695 0.016911 0.115300 -0.016460 -0.028215 -0.046434 0.998387
1305031114.243337 -0.246077 0.023005 0.115209 -0.016167 -0.030655 -0.050830 0.998106
1305031114.279390 -0.265521 0.022127 0.123644 -0.016763 -0.035148 -0.052356 0.997869
1305031114.311429 -0.279195 0.023450 0.121665 -0.017967 -0.042516 -0.052718 0.997542
1305031114.343331 -0.287934 0.024231 0.124204 -0.018619 -0.048962 -0.056087 0.997051
1305031114.379320 -0.297395 0.019448 0.127102 -0.020382 -0.051375 -0.059379 0.996704
1305031114.411397 -0.308993 0.018580 0.130375 -0.019792 -0.053103 -0.063648 0.996362
1305031114.443345 -0.323597 0.021850 0.130005 -0.019134 -0.056277 -0.065411 0.996086
1305031114.479332 -0.338162 0.020678 0.131613 -0.020007 -0.061594 -0.066726 0.995667
1305031114.511266 -0.342599 0.020653 0.131363 -0.020828 -0.071728 -0.068133 0.994876
1305031114.543236 -0.342824 0.021170 0.131632 -0.023529 -0.077983 -0.067144 0.994413
1305031114.579237 -0.351553 0.017236 0.135237 -0.026124 -0.077620 -0.064196 0.994571
1305031114.611391 -0.356615 0.020608 0.134183 -0.027601 -0.078228 -0.062093 0.994617
1305031114.644136 -0.364836 0.018837 0.132181 -0.033094 -0.079804 -0.061252 0.994376
1305031114.679251 -0.369314 0.016463 0.139190 -0.036355 -0.086636 -0.061666 0.993665
1305031114.711306 -0.373984 0.013431 0.141003 -0.038360 -0.090121 -0.062453 0.993230
1305031114.743200 -0.374138 0.009464 0.143186 -0.038048 -0.093914 -0.064322 0.992771
1305031114.779289 -0.371760 0.010296 0.145231 -0.035584 -0.096525 -0.068085 0.992361
1305031114.811303 -0.369167 0.015176 0.140069 -0.034055 -0.097125 -0.069034 0.992291
1305031114.843208 -0.368010 0.014884 0.141702 -0.034231 -0.098021 -0.071425 0.992028
1305031114.879281 -0.362651 0.019607 0.138038 -0.033144 -0.098747 -0.071748 0.991969
1305031114.912879 -0.358252 0.019548 0.137792 -0.034627 -0.099658 -0.071040 0.991878
1305031114.943234 -0.347748 0.024457 0.135143 -0.035690 -0.101329 -0.072831 0.991541
1305031114.979280 -0.340898 0.026500 0.136576 -0.037548 -0.099129 -0.073188 0.991669
1305031115.011300 -0.331741 0.033282 0.133135 -0.039861 -0.098369 -0.074779 0.991536
1305031115.043508 -0.319283 0.028322 0.139035 -0.045291 -0.097756 -0.074076 0.991416
1305031115.079238 -0.307928 0.030303 0.142053 -0.046510 -0.095568 -0.074427 0.991546
1305031115.111230 -0.287603 0.032136 0.143609 -0.049231 -0.094216 -0.073388 0.991622
1305031115.143275 -0.279273 0.028263 0.148361 -0.051784 -0.084093 -0.071279 0.992555
1305031115.179440 -0.272301 0.032836 0.148626 -0.051481 -0.079037 -0.070668 0.993030
1305031115.211374 -0.256698 0.027227 0.156782 -0.053334 -0.077901 -0.067506 0.993242
1305031115.243297 -0.240609 0.021063 0.164379 -0.050962 -0.073851 -0.063371 0.993948
1305031115.279966 -0.223885 0.028832 0.161776 -0.047045 -0.072243 -0.059170 0.994518
1305031115.311704 -0.198806 0.022124 0.170038 -0.048725 -0.071154 -0.052329 0.994899
1305031115.343235 -0.189464 0.025744 0.169022 -0.043627 -0.058447 -0.050155 0.996075
1305031115.379166 -0.177794 0.032202 0.162147 -0.046633 -0.055556 -0.043868 0.996401
1305031115.411237 -0.164867 0.030249 0.171772 -0.053499 -0.061813 -0.041649 0.995782
1305031115.443159 -0.139799 0.026452 0.176917 -0.058584 -0.066749 -0.035382 0.995420
1305031115.479241 -0.119675 0.028160 0.178872 -0.062521 -0.067971 -0.028157 0.995328
1305031115.511253 -0.092257 0.021077 0.185378 -0.067267 -0.068949 -0.026598 0.994994
1305031115.543604 -0.057878 0.016995 0.191966 -0.068383 -0.062661 -0.018177 0.995524
1305031115.579315 -0.047909 0.018325 0.190272 -0.066671 -0.048069 -0.013033 0.996531
1305031115.611424 -0.036748 0.017236 0.189487 -0.065369 -0.039707 -0.008625 0.997034
1305031115.643254 -0.017548 0.016123 0.190687 -0.064051 -0.033902 -0.000547 0.997370
1305031115.679241 -0.010812 0.016028 0.189852 -0.062573 -0.027727 0.010012 0.997605
1305031115.711320 0.011538 0.017106 0.184186 -0.061132 -0.029282 0.017988 0.997538
1305031115.743250 0.034542 0.013641 0.185107 -0.062211 -0.023453 0.024222 0.997493
1305031115.779425 0.047870 0.013604 0.180354 -0.059901 -0.012605 0.031011 0.997643
1305031115.811277 0.064988 0.017465 0.176913 -0.057956 -0.003573 0.038222 0.997581
1305031115.843224 0.074780 0.016251 0.169958 -0.060020 0.010099 0.045171 0.997123
1305031115.879198 0.083882 0.009676 0.173101 -0.061357 0.017670 0.052001 0.996604
1305031115.911118 0.104132 0.017792 0.169518 -0.056165 0.018769 0.058729 0.996516
1305031115.943311 0.118922 0.017430 0.168752 -0.057723 0.025470 0.065059 0.995885
1305031115.980740 0.131457 0.023392 0.167308 -0.056970 0.031312 0.070535 0.995389
1305031116.011379 0.157514 0.023462 0.165357 -0.060397 0.035548 0.074290 0.994771
1305031116.043164 0.163141 0.025396 0.166181 -0.062573 0.052093 0.074828 0.993867
1305031116.080030 0.172705 0.028958 0.166077 -0.066518 0.062840 0.078627 0.992696
1305031116.111300 0.187571 0.031226 0.167333 -0.072506 0.071563 0.082749 0.991350
1305031116.143441 0.195178 0.031899 0.172165 -0.076306 0.081142 0.085966 0.990052
1305031116.179572 0.203059 0.035208 0.174907 -0.077431 0.087674 0.088896 0.989149
1305031116.211299 0.216771 0.036132 0.174276 -0.081280 0.091694 0.093223 0.988077
1305031116.243320 0.231138 0.038349 0.176136 -0.082239 0.096349 0.096668 0.987223
1305031116.279385 0.243399 0.037434 0.176934 -0.083261 0.104444 0.099975 0.985984
1305031116.311336 0.249359 0.042805 0.174742 -0.083649 0.113766 0.103843 0.984519
1305031116.343292 0.254528 0.028700 0.182121 -0.091136 0.122562 0.107213 0.982435
1305031116.379384 0.257211 0.035988 0.179743 -0.081224 0.125296 0.107498 0.982928
1305031116.411333 0.254235 0.042832 0.172277 -0.073978 0.128939 0.110707 0.982673
1305031116.443369 0.258515 0.040195 0.168977 -0.078403 0.129410 0.120297 0.981140
1305031116.479850 0.262004 0.037285 0.171011 -0.079363 0.129420 0.124744 0.980505
1305031116.511205 0.259865 0.036604 0.168623 -0.077843 0.128070 0.120680 0.981313
1305031116.543262 0.251460 0.040674 0.167477 -0.073231 0.129526 0.116037 0.982036
1305031116.579313 0.243773 0.040513 0.163927 -0.073651 0.127038 0.113725 0.982600
1305031116.611261 0.233206 0.036171 0.165368 -0.074779 0.121767 0.108009 0.983827
1305031116.643355 0.219103 0.033524 0.164595 -0.074543 0.114931 0.098900 0.985623
1305031116.679281 0.205397 0.033938 0.163518 -0.074017 0.108084 0.089515 0.987333
1305031116.711634 0.193702 0.034827 0.161391 -0.073471 0.102205 0.079540 0.988853
1305031116.743291 0.176793 0.033733 0.160131 -0.075635 0.098324 0.068027 0.989941
1305031116.779298 0.162334 0.032589 0.158417 -0.078391 0.093556 0.057665 0.990847
1305031116.811318 0.142441 0.031413 0.157798 -0.078359 0.090797 0.049228 0.991561
1305031116.846089 0.118896 0.032423 0.157298 -0.076344 0.084693 0.042662 0.992562
1305031116.880165 0.100082 0.032851 0.154070 -0.077305 0.074867 0.035533 0.993557
1305031116.912044 0.084938 0.028115 0.153768 -0.079254 0.062299 0.032089 0.994388
1305031116.943296 0.062716 0.034426 0.153784 -0.077960 0.050514 0.024205 0.995382
1305031116.979351 0.049537 0.038663 0.153090 -0.075209 0.036078 0.013582 0.996422
1305031117.011382 0.025355 0.039915 0.152368 -0.073921 0.027149 0.003802 0.996887
1305031117.043261 0.013319 0.044399 0.151253 -0.073736 0.015189 -0.001769 0.997161
1305031117.079520 -0.002815 0.044736 0.151975 -0.076801 0.005601 -0.006672 0.997008
1305031117.111238 -0.020493 0.046707 0.152934 -0.078566 -0.003898 -0.008028 0.996869
1305031117.143218 -0.028886 0.048040 0.151384 -0.081636 -0.015185 -0.009167 0.996504
1305031117.179264 -0.034802 0.053645 0.152236 -0.082848 -0.025984 -0.013889 0.996127
1305031117.211361 -0.036171 0.053304 0.157854 -0.086001 -0.035537 -0.016149 0.995530
1305031117.243277 -0.034729 0.058816 0.156506 -0.087688 -0.040018 -0.018011 0.995181
1305031117.279299 -0.034384 0.055898 0.159446 -0.093540 -0.040630 -0.022557 0.994530
1305031117.311200 -0.042703 0.053199 0.162359 -0.097875 -0.036707 -0.024093 0.994230
1305031117.343243 -0.046197 0.047974 0.167190 -0.100875 -0.036910 -0.024955 0.993901
1305031117.379454 -0.048182 0.039368 0.171388 -0.103030 -0.037150 -0.025372 0.993660
1305031117.411221 -0.051995 0.035690 0.171484 -0.101429 -0.037503 -0.024867 0.993825
1305031117.443274 -0.051677 0.033064 0.171739 -0.098376 -0.039635 -0.023351 0.994086
1305031117.479403 -0.051542 0.027758 0.172329 -0.096699 -0.040909 -0.021511 0.994240
1305031117.511325 -0.052315 0.021422 0.174011 -0.093367 -0.042464 -0.019559 0.994533
1305031117.544285 -0.049486 0.016576 0.174701 -0.088519 -0.044872 -0.018441 0.994892
1305031117.579155 -0.051380 0.010321 0.174033 -0.085540 -0.045900 -0.020188 0.995072
1305031117.611159 -0.053917 0.006464 0.173070 -0.083190 -0.046504 -0.019648 0.995254
1305031117.643252 -0.055223 -0.003734 0.177474 -0.082813 -0.048599 -0.018670 0.995204
1305031117.679262 -0.053581 -0.008590 0.178466 -0.082009 -0.052110 -0.016903 0.995125
1305031117.711184 -0.056409 -0.016100 0.181806 -0.081617 -0.053533 -0.015921 0.995098
1305031117.743184 -0.056518 -0.027091 0.185877 -0.082447 -0.055844 -0.012585 0.994950
1305031117.779467 -0.059283 -0.034452 0.187585 -0.081933 -0.057089 -0.011317 0.994937
1305031117.811320 -0.053629 -0.044122 0.194866 -0.083101 -0.061634 -0.007536 0.994605
1305031117.843291 -0.047793 -0.059388 0.203304 -0.083494 -0.063871 -0.006291 0.994439
1305031117.879451 -0.047002 -0.065641 0.203274 -0.080978 -0.060833 -0.006392 0.994837
1305031117.911407 -0.047802 -0.077228 0.209949 -0.081067 -0.059072 -0.006746 0.994934
1305031117.943253 -0.046968 -0.086536 0.213422 -0.080336 -0.057527 -0.006592 0.995085
1305031117.979228 -0.051245 -0.092127 0.213505 -0.080542 -0.054199 -0.007804 0.995246
1305031118.011228 -0.051612 -0.107181 0.222540 -0.084056 -0.054320 -0.007985 0.994947
1305031118.043521 -0.053166 -0.117962 0.228934 -0.083713 -0.052650 -0.008153 0.995065
1305031118.079334 -0.049819 -0.127209 0.233741 -0.083926 -0.052887 -0.008799 0.995029
1305031118.111217 -0.046443 -0.138747 0.239601 -0.083833 -0.049740 -0.010264 0.995185
1305031118.143256 -0.049284 -0.147639 0.243059 -0.082242 -0.044427 -0.011866 0.995551
1305031118.179323 -0.049084 -0.159263 0.249105 -0.082363 -0.041907 -0.013921 0.995624
1305031118.211202 -0.058312 -0.170470 0.256427 -0.079816 -0.036832 -0.013865 0.996032
1305031118.243173 -0.059640 -0.179529 0.258087 -0.076945 -0.037369 -0.013609 0.996242
1305031118.279194 -0.056734 -0.191842 0.264900 -0.074010 -0.039105 -0.014030 0.996392
1305031118.311299 -0.059176 -0.200918 0.269311 -0.067724 -0.038978 -0.014218 0.996841
1305031118.343324 -0.054869 -0.203693 0.269061 -0.061833 -0.038859 -0.014524 0.997224
1305031118.379208 -0.057251 -0.209569 0.271786 -0.057093 -0.036826 -0.016200 0.997558
1305031118.411296 -0.061077 -0.212054 0.272253 -0.053438 -0.037365 -0.016503 0.997735
1305031118.445692 -0.056620 -0.215275 0.272851 -0.052952 -0.038864 -0.013799 0.997745
1305031118.479285 -0.056467 -0.217137 0.274886 -0.052280 -0.039359 -0.010891 0.997797
1305031118.511255 -0.052621 -0.216172 0.277754 -0.050173 -0.040835 -0.009587 0.997859
1305031118.544414 -0.046697 -0.212169 0.273236 -0.050671 -0.041694 -0.010315 0.997791
1305031118.579285 -0.047765 -0.212157 0.273734 -0.053490 -0.039983 -0.010819 0.997709
1305031118.616142 -0.046812 -0.206475 0.272960 -0.053356 -0.037943 -0.012947 0.997770
1305031118.645325 -0.047640 -0.197463 0.271211 -0.053270 -0.035542 -0.016042 0.997818
1305031118.679295 -0.048072 -0.189398 0.267060 -0.055731 -0.034032 -0.017556 0.997711
1305031118.711421 -0.051525 -0.184110 0.268918 -0.056953 -0.033720 -0.020100 0.997605
1305031118.746770 -0.058672 -0.174505 0.267671 -0.054329 -0.034028 -0.021119 0.997720
1305031118.779277 -0.052327 -0.151992 0.255403 -0.052659 -0.039210 -0.019846 0.997645
1305031118.811221 -0.051138 -0.151516 0.253887 -0.059150 -0.041563 -0.022159 0.997137
1305031118.846753 -0.048016 -0.150903 0.260122 -0.059194 -0.043188 -0.020708 0.997097
1305031118.879208 -0.045463 -0.127008 0.240323 -0.053956 -0.040341 -0.022424 0.997476
1305031118.911177 -0.046129 -0.116630 0.234158 -0.056067 -0.038909 -0.024765 0.997361
1305031118.946974 -0.046031 -0.105460 0.230413 -0.055290 -0.037799 -0.026148 0.997412
1305031118.979374 -0.046996 -0.086604 0.218132 -0.053865 -0.036140 -0.029763 0.997450
1305031119.011363 -0.051767 -0.072946 0.208770 -0.056186 -0.034529 -0.032545 0.997292
1305031119.047172 -0.056566 -0.066035 0.204943 -0.059341 -0.033763 -0.034001 0.997087
1305031119.079223 -0.056853 -0.055650 0.201514 -0.060310 -0.036707 -0.032771 0.996966
1305031119.111328 -0.060685 -0.046841 0.194528 -0.060995 -0.038927 -0.032913 0.996836
1305031119.147616 -0.062490 -0.032527 0.186716 -0.059933 -0.041757 -0.031441 0.996833
1305031119.179226 -0.062442 -0.027154 0.183091 -0.061304 -0.046250 -0.031605 0.996546
1305031119.211364 -0.061535 -0.016822 0.177006 -0.058867 -0.048273 -0.029670 0.996656
1305031119.247399 -0.060327 -0.004426 0.170472 -0.057277 -0.049979 -0.028939 0.996687
1305031119.279212 -0.060386 0.007462 0.163928 -0.056169 -0.050702 -0.029278 0.996703
1305031119.311212 -0.062338 0.017066 0.159139 -0.056140 -0.050454 -0.026976 0.996782
1305031119.347741 -0.062671 0.023630 0.157055 -0.056270 -0.052440 -0.024510 0.996736
1305031119.379239 -0.061273 0.037507 0.150863 -0.054419 -0.054927 -0.023926 0.996719
1305031119.411484 -0.057189 0.047819 0.145565 -0.054908 -0.055763 -0.023551 0.996655
1305031119.447706 -0.054616 0.056422 0.142216 -0.055724 -0.054293 -0.023073 0.996702
1305031119.479267 -0.058214 0.066637 0.138731 -0.054618 -0.050890 -0.023705 0.996928
1305031119.511240 -0.059221 0.081155 0.132135 -0.054203 -0.049425 -0.023317 0.997033
1305031119.547382 -0.059174 0.090661 0.129580 -0.056063 -0.049563 -0.021869 0.996956
1305031119.579559 -0.056696 0.105699 0.123445 -0.056555 -0.048935 -0.022276 0.996951
1305031119.615017 -0.058280 0.114400 0.120964 -0.060843 -0.046498 -0.020909 0.996844
1305031119.647903 -0.059788 0.126938 0.117565 -0.063044 -0.045545 -0.020600 0.996758
1305031119.679208 -0.056501 0.137181 0.113808 -0.067430 -0.044084 -0.023300 0.996477
1305031119.715232 -0.060078 0.148736 0.112789 -0.072176 -0.038101 -0.021234 0.996438
1305031119.747193 -0.067057 0.154297 0.113046 -0.077278 -0.034388 -0.017212 0.996268
1305031119.779169 -0.068765 0.164246 0.111259 -0.079904 -0.035471 -0.014961 0.996059
1305031119.814537 -0.068481 0.174661 0.110170 -0.081341 -0.036363 -0.011225 0.995960
1305031119.847429 -0.066577 0.182439 0.108935 -0.084628 -0.036159 -0.007353 0.995729
1305031119.879214 -0.064727 0.186118 0.109062 -0.086758 -0.035088 -0.006895 0.995587
1305031119.911401 -0.066472 0.198551 0.105485 -0.085562 -0.032786 -0.006535 0.995772
1305031119.947392 -0.064771 0.204785 0.103394 -0.090442 -0.031763 -0.006605 0.995373
1305031119.979537 -0.063755 0.208974 0.102424 -0.093738 -0.028881 -0.007370 0.995151
1305031120.015264 -0.069268 0.221961 0.096940 -0.095361 -0.023145 -0.006115 0.995155
1305031120.047290 -0.071297 0.223409 0.098561 -0.103595 -0.021985 -0.003889 0.994369
1305031120.079418 -0.074210 0.225407 0.103442 -0.104732 -0.023595 -0.001113 0.994220
1305031120.115232 -0.073674 0.229056 0.101137 -0.105350 -0.026187 0.000242 0.994090
1305031120.148157 -0.069807 0.227687 0.102815 -0.107302 -0.028590 0.001594 0.993814
1305031120.179246 -0.070344 0.222360 0.105339 -0.107165 -0.027643 0.003744 0.993850
1305031120.215249 -0.070229 0.214287 0.108103 -0.104481 -0.028109 0.003518 0.994123
1305031120.248003 -0.068531 0.211565 0.107187 -0.099801 -0.028706 0.001320 0.994592
1305031120.279430 -0.068538 0.203917 0.109113 -0.097390 -0.027841 -0.000367 0.994857
1305031120.315196 -0.068111 0.196538 0.111069 -0.094712 -0.027638 -0.002554 0.995118
1305031120.347787 -0.068923 0.188540 0.114718 -0.091180 -0.026947 -0.003995 0.995462
1305031120.379437 -0.068544 0.176564 0.117890 -0.090722 -0.027218 -0.004309 0.995495
1305031120.415445 -0.069743 0.163160 0.126558 -0.085381 -0.027445 -0.004351 0.995961
1305031120.447417 -0.067456 0.156277 0.130072 -0.077869 -0.029348 -0.004150 0.996523
1305031120.479432 -0.067281 0.145523 0.133882 -0.074877 -0.030083 -0.003018 0.996734
1305031120.514819 -0.070759 0.132584 0.141386 -0.069256 -0.030829 -0.001649 0.997121
1305031120.547736 -0.071125 0.123867 0.144569 -0.062409 -0.033759 0.000134 0.997480
1305031120.579551 -0.068824 0.115555 0.147568 -0.059446 -0.038791 0.004448 0.997468
1305031120.615236 -0.066381 0.106366 0.155002 -0.055677 -0.044226 0.006865 0.997445
1305031120.647354 -0.067014 0.098528 0.158301 -0.050158 -0.046419 0.006559 0.997640
1305031120.679318 -0.062634 0.091114 0.162077 -0.047565 -0.049395 0.008027 0.997614
1305031120.714522 -0.059296 0.083236 0.166594 -0.045309 -0.051385 0.009898 0.997601
1305031120.747369 -0.061101 0.073245 0.170822 -0.044380 -0.053042 0.009992 0.997556
1305031120.779894 -0.060418 0.061360 0.176343 -0.042705 -0.055119 0.009303 0.997523
1305031120.814944 -0.055389 0.054315 0.180428 -0.040145 -0.057587 0.010031 0.997483
1305031120.847921 -0.055135 0.047266 0.182525 -0.039659 -0.058492 0.008143 0.997467
1305031120.883435 -0.054434 0.032391 0.187196 -0.039410 -0.058141 0.005818 0.997513
1305031120.915444 -0.051656 0.028361 0.189259 -0.036473 -0.057837 0.004789 0.997648
1305031120.947488 -0.051956 0.017778 0.193442 -0.037165 -0.057605 0.002912 0.997643
1305031120.983366 -0.053961 0.007031 0.197399 -0.037081 -0.056999 0.000233 0.997685
1305031121.015019 -0.055513 -0.003397 0.201138 -0.035763 -0.057201 -0.001175 0.997721
1305031121.047498 -0.054926 -0.009160 0.200884 -0.034225 -0.057171 -0.001896 0.997776
1305031121.083099 -0.058679 -0.023960 0.207168 -0.034906 -0.057566 -0.003364 0.997726
1305031121.114696 -0.058162 -0.032468 0.208251 -0.032354 -0.059108 -0.003077 0.997722
1305031121.147331 -0.058338 -0.042049 0.209676 -0.030964 -0.059834 -0.003320 0.997722
1305031121.183271 -0.061031 -0.051670 0.212385 -0.029148 -0.060225 -0.004397 0.997750
1305031121.211420 -0.056789 -0.065499 0.215539 -0.028709 -0.061452 -0.004076 0.997689
1305031121.247194 -0.056825 -0.069019 0.216010 -0.025154 -0.060279 -0.003601 0.997858
1305031121.282876 -0.060218 -0.079836 0.219147 -0.025223 -0.060591 -0.003426 0.997838
1305031121.313568 -0.057665 -0.095835 0.225404 -0.025308 -0.061857 -0.002032 0.997762
1305031121.347517 -0.061794 -0.100688 0.225497 -0.021785 -0.061749 -0.001146 0.997853
1305031121.383226 -0.058305 -0.116190 0.231520 -0.022355 -0.064236 -0.000402 0.997684
1305031121.414318 -0.058369 -0.125850 0.233811 -0.018208 -0.063535 -0.001695 0.997812
1305031121.447319 -0.059069 -0.129903 0.233227 -0.015363 -0.062670 -0.001009 0.997916
1305031121.482964 -0.055012 -0.146278 0.238210 -0.015893 -0.061870 0.000663 0.997957
1305031121.514107 -0.058495 -0.148394 0.240109 -0.010688 -0.059411 0.001321 0.998176
1305031121.547270 -0.057480 -0.155773 0.237920 -0.012041 -0.059359 0.001665 0.998163
1305031121.583204 -0.056502 -0.167767 0.243188 -0.014460 -0.058344 0.001028 0.998191
1305031121.614700 -0.056304 -0.178047 0.247113 -0.013950 -0.056831 -0.000444 0.998286
1305031121.647183 -0.055874 -0.182954 0.246570 -0.012750 -0.052531 -0.002830 0.998534
1305031121.683200 -0.057201 -0.190084 0.249003 -0.014870 -0.048597 -0.004076 0.998699
1305031121.714520 -0.065640 -0.199164 0.250960 -0.016031 -0.045211 -0.003915 0.998841
1305031121.747145 -0.063559 -0.204061 0.251752 -0.017656 -0.045645 -0.003140 0.998797
1305031121.782835 -0.062150 -0.210917 0.256121 -0.019570 -0.045806 -0.000801 0.998758
1305031121.811540 -0.058674 -0.215197 0.258924 -0.020868 -0.045707 0.001209 0.998736
1305031121.847335 -0.058478 -0.218888 0.260723 -0.022879 -0.044194 0.004082 0.998753
1305031121.882060 -0.060837 -0.220782 0.262661 -0.025114 -0.043241 0.009983 0.998699
1305031121.914931 -0.059777 -0.220564 0.263129 -0.026716 -0.045430 0.013136 0.998524
1305031121.947288 -0.058808 -0.220857 0.264929 -0.026736 -0.047831 0.012131 0.998424
1305031121.982926 -0.055001 -0.218168 0.263659 -0.026896 -0.048517 0.012287 0.998385
1305031122.014256 -0.056634 -0.214757 0.263117 -0.027468 -0.048110 0.010688 0.998407
1305031122.047306 -0.057123 -0.209232 0.260930 -0.026256 -0.049219 0.006894 0.998419
1305031122.082959 -0.054541 -0.202479 0.258717 -0.025223 -0.050521 0.003477 0.998398
1305031122.114672 -0.054947 -0.192075 0.255269 -0.023431 -0.050515 0.000035 0.998448
1305031122.150725 -0.053436 -0.181737 0.250704 -0.023101 -0.051127 -0.005039 0.998412
1305031122.183042 -0.052116 -0.171220 0.247812 -0.020937 -0.050344 -0.010531 0.998457
1305031122.214959 -0.051970 -0.146359 0.236180 -0.019248 -0.048463 -0.015531 0.998519
1305031122.251319 -0.053302 -0.141582 0.233315 -0.026602 -0.047560 -0.018563 0.998341
1305031122.283560 -0.059836 -0.127341 0.231122 -0.026153 -0.046502 -0.021817 0.998337
1305031122.314289 -0.058818 -0.105418 0.218624 -0.028499 -0.048648 -0.025965 0.998072
1305031122.351327 -0.064270 -0.095769 0.216672 -0.035091 -0.049347 -0.029379 0.997733
1305031122.382630 -0.067036 -0.082517 0.212050 -0.039216 -0.050706 -0.030011 0.997492
1305031122.414997 -0.071024 -0.077909 0.209447 -0.044855 -0.053965 -0.031002 0.997053
1305031122.451257 -0.072885 -0.065839 0.204107 -0.046540 -0.058111 -0.029584 0.996786
1305031122.483360 -0.070698 -0.055585 0.198229 -0.049637 -0.064008 -0.029016 0.996292
1305031122.515097 -0.071126 -0.045588 0.193057 -0.050915 -0.067571 -0.031339 0.995922
1305031122.551490 -0.064815 -0.033607 0.188148 -0.051886 -0.070696 -0.032226 0.995626
1305031122.583208 -0.066625 -0.024527 0.183681 -0.053702 -0.068716 -0.033713 0.995619
1305031122.614980 -0.072325 -0.015962 0.179037 -0.054462 -0.067214 -0.033494 0.995688
1305031122.648788 -0.068704 -0.006258 0.174960 -0.053806 -0.070703 -0.031567 0.995545
1305031122.683402 -0.071722 0.006711 0.168405 -0.052272 -0.070638 -0.030692 0.995659
1305031122.715208 -0.073906 0.018049 0.164927 -0.051806 -0.072890 -0.028118 0.995597
1305031122.751298 -0.070532 0.032366 0.158926 -0.050267 -0.076317 -0.028011 0.995422
1305031122.783423 -0.069528 0.046627 0.153341 -0.052596 -0.076651 -0.028582 0.995259
1305031122.812555 -0.069761 0.055463 0.150049 -0.057562 -0.075404 -0.029435 0.995055
1305031122.851418 -0.063620 0.059392 0.150712 -0.062059 -0.073739 -0.030959 0.994863
1305031122.883754 -0.066768 0.071399 0.146563 -0.064276 -0.066068 -0.030725 0.995269
1305031122.914571 -0.070193 0.077234 0.144582 -0.068495 -0.062737 -0.029387 0.995243
1305031122.951341 -0.074132 0.082553 0.143168 -0.070220 -0.060561 -0.029765 0.995246
1305031122.982815 -0.074830 0.094546 0.139115 -0.070896 -0.060438 -0.025113 0.995334
1305031123.015450 -0.076190 0.100602 0.137842 -0.073597 -0.060944 -0.022854 0.995162
1305031123.051827 -0.073863 0.105449 0.136823 -0.073991 -0.061580 -0.021279 0.995128
1305031123.082975 -0.072931 0.117687 0.131231 -0.072273 -0.060829 -0.018853 0.995350
1305031123.113873 -0.075095 0.129210 0.126213 -0.074503 -0.058327 -0.016878 0.995370
1305031123.150822 -0.074339 0.137180 0.124936 -0.077486 -0.058142 -0.016483 0.995160
1305031123.182155 -0.071325 0.145714 0.122738 -0.080599 -0.057200 -0.016118 0.994973
1305031123.214704 -0.067474 0.153293 0.120991 -0.085917 -0.053885 -0.016581 0.994706
1305031123.250618 -0.069127 0.168980 0.117241 -0.089388 -0.049320 -0.017496 0.994621
1305031123.282347 -0.069690 0.177309 0.117232 -0.098161 -0.045676 -0.015080 0.994007
1305031123.311327 -0.067463 0.184647 0.118069 -0.104254 -0.042441 -0.014814 0.993534
1305031123.350481 -0.066853 0.192080 0.117607 -0.109803 -0.038333 -0.014308 0.993111
1305031123.382255 -0.066916 0.201567 0.115948 -0.113984 -0.033090 -0.010833 0.992872
1305031123.411363 -0.065480 0.206513 0.116943 -0.118194 -0.029042 -0.009167 0.992523
1305031123.451255 -0.066175 0.215236 0.115378 -0.120245 -0.026029 -0.007706 0.992373
1305031123.483594 -0.067233 0.223424 0.112597 -0.124416 -0.023101 -0.003538 0.991955
1305031123.511360 -0.062731 0.230895 0.112862 -0.127114 -0.023519 -0.000878 0.991609
1305031123.551513 -0.063421 0.237757 0.112082 -0.129087 -0.023054 0.001562 0.991364
1305031123.579583 -0.062135 0.246144 0.110133 -0.130607 -0.022684 0.004690 0.991164
1305031123.611335 -0.059213 0.252661 0.108586 -0.132415 -0.022129 0.005968 0.990929
1305031123.652411 -0.059553 0.258157 0.106016 -0.137235 -0.019005 0.005849 0.990339
1305031123.683753 -0.056586 0.266880 0.105458 -0.140140 -0.016465 0.006876 0.989971
1305031123.711323 -0.055544 0.276788 0.103861 -0.142583 -0.012883 0.008415 0.989663
1305031123.751723 -0.057355 0.279370 0.105228 -0.146416 -0.010205 0.010562 0.989114
1305031123.783858 -0.059112 0.281496 0.105868 -0.148382 -0.009822 0.012591 0.988801
1305031123.811608 -0.057035 0.285177 0.105102 -0.148209 -0.010938 0.013015 0.988810
1305031123.851444 -0.057654 0.288687 0.104841 -0.147730 -0.010747 0.015779 0.988843
1305031123.883786 -0.058272 0.287911 0.106602 -0.146976 -0.011983 0.015942 0.988939
1305031123.911243 -0.058832 0.284219 0.106072 -0.144884 -0.013023 0.015511 0.989241
1305031123.951442 -0.056435 0.281118 0.104136 -0.145953 -0.014578 0.017194 0.989035
1305031123.983415 -0.060415 0.281995 0.107183 -0.144395 -0.015247 0.019184 0.989217
1305031124.011302 -0.062003 0.273501 0.111580 -0.140482 -0.018819 0.018940 0.989723
1305031124.051505 -0.061865 0.267928 0.112602 -0.136744 -0.021923 0.019471 0.990172
1305031124.083837 -0.060918 0.262237 0.113990 -0.135109 -0.025266 0.020084 0.990305
1305031124.111331 -0.059045 0.250166 0.120752 -0.130811 -0.029568 0.019030 0.990784
1305031124.147446 -0.056796 0.245502 0.122265 -0.124988 -0.031938 0.017143 0.991496
1305031124.182694 -0.057310 0.237234 0.125463 -0.123404 -0.032947 0.014830 0.991699
1305031124.211396 -0.057996 0.224918 0.131273 -0.118627 -0.034036 0.013001 0.992270
1305031124.249327 -0.060062 0.219551 0.131653 -0.112278 -0.034532 0.013028 0.992991
1305031124.282545 -0.058114 0.209443 0.134445 -0.112866 -0.040151 0.013394 0.992708
1305031124.311361 -0.059724 0.199566 0.139709 -0.108512 -0.043412 0.013650 0.993053
1305031124.350354 -0.059139 0.188848 0.141652 -0.104549 -0.047105 0.012313 0.993327
1305031124.382420 -0.057699 0.179746 0.143785 -0.100259 -0.049789 0.011045 0.993653
1305031124.411439 -0.058093 0.167773 0.146912 -0.095635 -0.051106 0.010303 0.994050
1305031124.450245 -0.057936 0.155196 0.149027 -0.089669 -0.052341 0.008060 0.994563
1305031124.480099 -0.059045 0.143655 0.151081 -0.083285 -0.053188 0.005912 0.995088
1305031124.511324 -0.058395 0.132848 0.153222 -0.077140 -0.055478 0.004163 0.995467
1305031124.550437 -0.059104 0.124814 0.153904 -0.071573 -0.056896 0.001628 0.995810
1305031124.579404 -0.060629 0.113051 0.156840 -0.067559 -0.058956 -0.000994 0.995971
1305031124.611358 -0.059077 0.100753 0.161387 -0.062875 -0.062304 -0.002569 0.996071
1305031124.651271 -0.057494 0.089358 0.163902 -0.059164 -0.065352 -0.003886 0.996099
1305031124.679362 -0.057005 0.074069 0.169128 -0.056266 -0.067333 -0.005787 0.996126
1305031124.711251 -0.054680 0.064919 0.171467 -0.051114 -0.068366 -0.007335 0.996323
1305031124.749890 -0.053694 0.053764 0.176240 -0.048370 -0.069080 -0.008207 0.996404
1305031124.779365 -0.058382 0.041588 0.180479 -0.045012 -0.068540 -0.009834 0.996584
1305031124.811360 -0.054018 0.031504 0.184285 -0.042591 -0.071274 -0.009158 0.996505
1305031124.850535 -0.053961 0.017905 0.192155 -0.042976 -0.072949 -0.009438 0.996365
1305031124.879355 -0.051022 0.002920 0.198967 -0.041540 -0.073959 -0.010415 0.996341
1305031124.911448 -0.049648 -0.004050 0.202037 -0.039290 -0.071727 -0.009820 0.996602
1305031124.950730 -0.049866 -0.012854 0.205946 -0.040516 -0.070226 -0.010458 0.996653
1305031124.979438 -0.055656 -0.036083 0.216845 -0.043049 -0.067746 -0.009647 0.996727
1305031125.011454 -0.060248 -0.045586 0.220292 -0.037954 -0.068705 -0.008438 0.996879
1305031125.050763 -0.054187 -0.049473 0.225000 -0.033991 -0.073124 -0.007513 0.996715
1305031125.079364 -0.053407 -0.059895 0.231116 -0.034878 -0.072529 -0.003943 0.996748
1305031125.111364 -0.056783 -0.074147 0.235577 -0.035372 -0.072495 -0.002823 0.996737
1305031125.151013 -0.054074 -0.084414 0.240953 -0.031830 -0.073950 -0.004404 0.996744
1305031125.179353 -0.054900 -0.082731 0.238968 -0.029110 -0.070898 -0.003888 0.997051
1305031125.211320 -0.053820 -0.096235 0.244248 -0.033423 -0.070297 -0.003537 0.996960
1305031125.250632 -0.057689 -0.113351 0.251345 -0.033842 -0.069393 -0.005912 0.996998
1305031125.279467 -0.058009 -0.115770 0.252575 -0.029657 -0.069435 -0.006602 0.997124
1305031125.311493 -0.061627 -0.128041 0.254123 -0.030431 -0.066417 -0.006432 0.997307
1305031125.348880 -0.061092 -0.135548 0.258110 -0.027022 -0.065952 -0.009636 0.997410
1305031125.379401 -0.057217 -0.137159 0.257731 -0.025588 -0.064808 -0.013700 0.997476
1305031125.411335 -0.055797 -0.146196 0.262793 -0.027097 -0.059119 -0.014495 0.997778
1305031125.451195 -0.057399 -0.150660 0.262672 -0.029300 -0.053176 -0.016647 0.998016
1305031125.479424 -0.059688 -0.160900 0.268632 -0.030080 -0.048801 -0.018315 0.998188
1305031125.511316 -0.057660 -0.161194 0.268920 -0.028867 -0.045838 -0.018743 0.998356
1305031125.551020 -0.058216 -0.164701 0.269615 -0.030018 -0.042470 -0.020494 0.998436
1305031125.579308 -0.057772 -0.167338 0.270099 -0.031586 -0.038989 -0.023173 0.998471
1305031125.611533 -0.059939 -0.171703 0.271644 -0.031409 -0.035109 -0.023215 0.998620
1305031125.650575 -0.066437 -0.172618 0.270432 -0.026862 -0.033172 -0.020024 0.998888
1305031125.679328 -0.067021 -0.164867 0.262998 -0.021481 -0.037225 -0.018521 0.998904
1305031125.711443 -0.065076 -0.165995 0.263014 -0.020997 -0.043463 -0.016676 0.998695
1305031125.751260 -0.059465 -0.154025 0.257333 -0.014792 -0.047498 -0.014507 0.998656
1305031125.779348 -0.057959 -0.146609 0.251366 -0.014623 -0.048497 -0.017515 0.998563
1305031125.811573 -0.056172 -0.136296 0.246127 -0.013464 -0.048006 -0.019248 0.998571
1305031125.847412 -0.057290 -0.129640 0.241570 -0.016142 -0.045996 -0.020309 0.998605
1305031125.879318 -0.062269 -0.121559 0.237724 -0.016254 -0.045129 -0.021846 0.998610
1305031125.911305 -0.063058 -0.103891 0.231480 -0.017173 -0.048250 -0.020205 0.998483
1305031125.947343 -0.069751 -0.097791 0.229869 -0.021238 -0.053079 -0.018067 0.998201
1305031125.979324 -0.066487 -0.087520 0.227783 -0.022088 -0.061720 -0.014140 0.997749
1305031126.011333 -0.062350 -0.073814 0.221931 -0.023154 -0.067969 -0.014896 0.997308
1305031126.047324 -0.058577 -0.059051 0.217886 -0.025052 -0.069883 -0.014812 0.997131
1305031126.079356 -0.055360 -0.045130 0.214856 -0.028733 -0.069238 -0.013549 0.997094
1305031126.111370 -0.056989 -0.038342 0.213668 -0.034198 -0.067721 -0.014858 0.997007
1305031126.147432 -0.055128 -0.021950 0.211211 -0.035748 -0.067018 -0.012849 0.997028
1305031126.179384 -0.056179 -0.005518 0.206708 -0.041028 -0.066656 -0.012099 0.996859
1305031126.211319 -0.055260 0.002706 0.208868 -0.046589 -0.067544 -0.012360 0.996551
1305031126.247298 -0.053586 0.018008 0.203670 -0.048857 -0.066471 -0.012096 0.996518
1305031126.279363 -0.051693 0.030008 0.202813 -0.053347 -0.065284 -0.013394 0.996350
1305031126.311332 -0.049191 0.043856 0.199671 -0.057086 -0.062888 -0.014621 0.996279
1305031126.347363 -0.049382 0.054611 0.198057 -0.061557 -0.059038 -0.016725 0.996216
1305031126.379423 -0.051504 0.063715 0.195392 -0.066387 -0.055299 -0.017671 0.996104
1305031126.411465 -0.053332 0.076148 0.191103 -0.070258 -0.052764 -0.019756 0.995936
1305031126.447361 -0.053945 0.084254 0.190023 -0.075119 -0.051315 -0.018891 0.995674
1305031126.479533 -0.056818 0.092093 0.187022 -0.078293 -0.050392 -0.016535 0.995519
1305031126.511410 -0.055985 0.108585 0.181728 -0.079280 -0.052275 -0.015008 0.995368
1305031126.547374 -0.053016 0.117598 0.178585 -0.085299 -0.053255 -0.014165 0.994830
1305031126.579454 -0.050638 0.124504 0.177984 -0.090614 -0.051934 -0.012487 0.994453
1305031126.611528 -0.050688 0.132570 0.175841 -0.096186 -0.049857 -0.011120 0.994052
1305031126.647376 -0.049303 0.134514 0.177083 -0.102373 -0.048421 -0.008773 0.993528
1305031126.679479 -0.048299 0.138952 0.175288 -0.105181 -0.046357 -0.004444 0.993362
1305031126.711583 -0.047333 0.144937 0.171823 -0.108076 -0.044727 -0.001429 0.993135
1305031126.747316 -0.046039 0.146575 0.172325 -0.110142 -0.043471 0.001407 0.992964
1305031126.779379 -0.045457 0.152375 0.169048 -0.109458 -0.042298 0.004375 0.993081
1305031126.811602 -0.041003 0.154713 0.167034 -0.110535 -0.041560 0.004882 0.992991
1305031126.847343 -0.041211 0.159210 0.164147 -0.110186 -0.037199 0.005239 0.993201
1305031126.879357 -0.039314 0.161157 0.163053 -0.111334 -0.036038 0.006189 0.993110
1305031126.911364 -0.037274 0.161510 0.161997 -0.112048 -0.034516 0.005427 0.993088
1305031126.947437 -0.040234 0.166628 0.159020 -0.110741 -0.031897 0.007219 0.993311
1305031126.979337 -0.039276 0.164113 0.159246 -0.112372 -0.033252 0.008340 0.993075
1305031127.011371 -0.038427 0.164092 0.158865 -0.110809 -0.034443 0.008697 0.993207
1305031127.047297 -0.039157 0.165725 0.157797 -0.109324 -0.034380 0.009668 0.993364
1305031127.079299 -0.038024 0.163159 0.158541 -0.110757 -0.035437 0.010157 0.993164
1305031127.111435 -0.040833 0.162410 0.158821 -0.110005 -0.036573 0.011003 0.993197
1305031127.147307 -0.042022 0.159763 0.159943 -0.108924 -0.039647 0.011481 0.993193
1305031127.179349 -0.041358 0.159215 0.160347 -0.106553 -0.042928 0.010916 0.993320
1305031127.211700 -0.039761 0.155182 0.161655 -0.106973 -0.045003 0.010589 0.993186
1305031127.247374 -0.039094 0.152688 0.163139 -0.104780 -0.045473 0.009931 0.993406
1305031127.279465 -0.040412 0.152648 0.163188 -0.101578 -0.045205 0.008818 0.993761
1305031127.311362 -0.043293 0.151004 0.163504 -0.101360 -0.044861 0.007935 0.993806
1305031127.347356 -0.042373 0.145003 0.167746 -0.100581 -0.047260 0.007572 0.993777
1305031127.379262 -0.042663 0.144891 0.168406 -0.097386 -0.048374 0.007531 0.994042
1305031127.411371 -0.043645 0.143545 0.169399 -0.096831 -0.049196 0.006527 0.994063
1305031127.447333 -0.044859 0.137481 0.172952 -0.097401 -0.050178 0.006103 0.993961
1305031127.479362 -0.044002 0.137972 0.173677 -0.094923 -0.051864 0.005636 0.994117
1305031127.511356 -0.044946 0.137876 0.174941 -0.095447 -0.052806 0.004425 0.994023
1305031127.547348 -0.046128 0.133893 0.177622 -0.095784 -0.053287 0.004210 0.993966
1305031127.579345 -0.046240 0.133914 0.178574 -0.093741 -0.053944 0.004053 0.994126
1305031127.611271 -0.045661 0.135406 0.178653 -0.093351 -0.054758 0.004066 0.994118
1305031127.647358 -0.045764 0.130681 0.181492 -0.095630 -0.055129 0.005199 0.993876
1305031127.679298 -0.046360 0.128551 0.182555 -0.094661 -0.055462 0.006055 0.993945
1305031127.711375 -0.044581 0.131109 0.181559 -0.093052 -0.057111 0.006013 0.994004
1305031127.747304 -0.044551 0.129909 0.183009 -0.094085 -0.057663 0.005946 0.993875
1305031127.779346 -0.045906 0.126108 0.184452 -0.094106 -0.057302 0.005990 0.993894
1305031127.811829 -0.044973 0.126643 0.183288 -0.092513 -0.058188 0.005104 0.993997
1305031127.847366 -0.046289 0.126555 0.182853 -0.092396 -0.057711 0.004111 0.994040
1305031127.879380 -0.048393 0.125729 0.183397 -0.092424 -0.057251 0.003518 0.994066
1305031127.911476 -0.047506 0.125620 0.183687 -0.091986 -0.058742 0.003371 0.994020
1305031127.947366 -0.047947 0.127156 0.183634 -0.092011 -0.059532 0.003437 0.993971
1305031127.979371 -0.050130 0.128149 0.184078 -0.092724 -0.059306 0.003182 0.993919
1305031128.011427 -0.047580 0.126979 0.186356 -0.094421 -0.060449 0.002929 0.993691
1305031128.047369 -0.047615 0.125006 0.188814 -0.097240 -0.059358 0.003913 0.993482
1305031128.079334 -0.047290 0.122362 0.191497 -0.097680 -0.059372 0.005189 0.993432
1305031128.111391 -0.046889 0.120501 0.193309 -0.097813 -0.059764 0.005902 0.993391
1305031128.147418 -0.046159 0.119748 0.194520 -0.098703 -0.060081 0.007324 0.993275
1305031128.179350 -0.045659 0.116007 0.196868 -0.098885 -0.060223 0.008739 0.993236
1305031128.211447 -0.044707 0.116553 0.197550 -0.096776 -0.060820 0.009063 0.993405
1305031128.247480 -0.044706 0.118105 0.196731 -0.096404 -0.061265 0.009495 0.993410
1305031128.279336 -0.045639 0.114456 0.198644 -0.097650 -0.061190 0.009329 0.993294
1305031128.311483 -0.045447 0.115235 0.197647 -0.096049 -0.061315 0.008656 0.993449
1305031128.347423 -0.045394 0.115918 0.197556 -0.095722 -0.061595 0.008016 0.993468
1305031128.379404 -0.045827 0.114599 0.198351 -0.096296 -0.062012 0.006536 0.993398
1305031128.411337 -0.046836 0.112863 0.198069 -0.096045 -0.061567 0.004958 0.993459
1305031128.447296 -0.047344 0.113927 0.197237 -0.095083 -0.061554 0.003933 0.993557
1305031128.479296 -0.047423 0.112253 0.197864 -0.095908 -0.061866 0.003077 0.993461
1305031128.511433 -0.046887 0.111559 0.198028 -0.095619 -0.061991 0.002498 0.993483
1305031128.547399 -0.046949 0.114483 0.196741 -0.093800 -0.061353 0.002089 0.993697
1305031128.579455 -0.047817 0.109983 0.197800 -0.095071 -0.060394 0.001604 0.993635
1305031128.611395 -0.048751 0.109404 0.197058 -0.093882 -0.060183 0.002121 0.993760
1305031128.647352 -0.050644 0.110765 0.195924 -0.092710 -0.060559 0.002235 0.993847
