# TF Coordinate Frame ID: openni_rgb_optical_frame(data: openni_rgb_optical_frame)
1305031102.175304 -0.000362 -0.001786 -0.008776 0.000008 0.001098 -0.001369 0.999998
1305031102.211214 0.003409 0.006363 -0.000529 -0.001701 -0.003969 -0.001711 0.999989
1305031102.243211 -0.000568 0.009130 0.004515 -0.006410 -0.005571 -0.001938 0.999962
1305031102.275326 -0.002231 0.007435 0.024053 -0.012070 -0.008297 -0.002389 0.999890
1305031102.311267 -0.003585 0.005099 0.037537 -0.017525 -0.009590 -0.001640 0.999799
1305031102.343233 -0.006196 0.004148 0.052232 -0.020192 -0.011118 -0.000591 0.999734
1305031102.375329 -0.000430 0.005422 0.066910 -0.022637 -0.014981 0.001228 0.999631
1305031102.411258 -0.004867 0.010968 0.077541 -0.022703 -0.016673 -0.000399 0.999603
1305031102.443271 -0.002636 0.018203 0.085068 -0.026449 -0.020876 -0.000075 0.999432
1305031102.475318 -0.003775 0.016584 0.094617 -0.033798 -0.022134 -0.000986 0.999183
1305031102.511219 -0.002950 0.020710 0.131109 -0.038994 -0.023855 -0.001014 0.998954
1305031102.575286 0.000581 0.011358 0.142970 -0.047806 -0.021190 -0.004854 0.998620
1305031102.611233 0.000288 0.008181 0.165316 -0.047048 -0.019632 -0.003040 0.998695
1305031102.643265 -0.007765 0.011946 0.169722 -0.044757 -0.015292 -0.003481 0.998875
1305031102.675285 -0.008105 0.018149 0.175551 -0.043915 -0.016561 -0.002344 0.998895
1305031102.711263 -0.011749 0.018422 0.190814 -0.044715 -0.015484 -0.001845 0.998878
1305031102.743234 -0.008852 0.022312 0.198538 -0.045953 -0.017198 -0.000073 0.998796
1305031102.775472 -0.003418 0.023982 0.211480 -0.047916 -0.016783 -0.001768 0.998709
1305031102.811232 -0.003935 0.026413 0.226252 -0.049285 -0.014106 -0.002470 0.998682
1305031102.843290 -0.006603 0.028804 0.237459 -0.050497 -0.008944 -0.004112 0.998676
1305031102.875363 -0.011007 0.029053 0.250157 -0.050662 -0.004670 -0.007130 0.998679
1305031102.911185 -0.012599 0.031301 0.262946 -0.050786 -0.003033 -0.007746 0.998675
1305031102.943229 -0.019681 0.037284 0.274036 -0.049205 -0.000665 -0.009033 0.998748
1305031102.975203 -0.028301 0.040116 0.284742 -0.049390 -0.004593 -0.010596 0.998713
1305031103.011215 -0.029103 0.044626 0.296659 -0.049763 -0.010690 -0.007671 0.998674
1305031103.043227 -0.030663 0.046739 0.307936 -0.052059 -0.016382 -0.005285 0.998496
1305031103.075319 -0.023888 0.048299 0.322765 -0.051668 -0.022912 -0.001870 0.998400
1305031103.111240 -0.023845 0.055976 0.330569 -0.049334 -0.022835 -0.000597 0.998521
1305031103.143318 -0.024052 0.058111 0.336710 -0.050451 -0.022035 0.000335 0.998483
1305031103.175452 -0.024292 0.062592 0.346047 -0.051110 -0.020513 0.000703 0.998482
1305031103.211220 -0.026242 0.073817 0.366722 -0.053421 -0.021200 0.002091 0.998345
1305031103.275370 -0.035467 0.071171 0.363755 -0.072805 -0.017581 0.007756 0.997161
1305031103.311210 -0.034671 0.070509 0.377408 -0.078856 -0.029378 0.008297 0.996419
1305031103.343223 -0.026973 0.074136 0.384224 -0.078278 -0.036863 0.008950 0.996210
1305031103.375327 -0.023800 0.071209 0.387084 -0.084182 -0.037134 0.012202 0.995683
1305031103.411260 -0.023695 0.071529 0.391413 -0.084682 -0.037974 0.013974 0.995586
1305031103.443280 -0.023519 0.069602 0.391973 -0.084736 -0.041380 0.013377 0.995454
1305031103.475274 -0.022997 0.067235 0.388408 -0.084370 -0.044365 0.011852 0.995376
1305031103.511333 -0.018674 0.065140 0.389458 -0.081260 -0.049148 0.010606 0.995424
1305031103.543444 -0.018238 0.060875 0.384719 -0.077520 -0.051188 0.009133 0.995634
1305031103.575474 -0.022492 0.058535 0.374708 -0.072669 -0.050497 0.008775 0.996038
1305031103.611223 -0.026867 0.056070 0.361809 -0.069049 -0.050726 0.009334 0.996279
1305031103.643445 -0.024288 0.052138 0.354731 -0.066510 -0.056532 0.011091 0.996121
1305031103.675523 -0.019209 0.047973 0.345691 -0.064420 -0.061225 0.011727 0.995974
1305031103.711610 -0.015880 0.044305 0.334382 -0.062292 -0.063257 0.011877 0.995981
1305031103.743326 -0.012750 0.038714 0.322303 -0.060090 -0.063647 0.011376 0.996097
1305031103.775342 -0.011217 0.036402 0.311627 -0.057057 -0.063572 0.008734 0.996307
1305031103.811242 -0.009220 0.033845 0.290348 -0.056840 -0.062792 0.005339 0.996392
1305031103.843251 -0.015621 0.034916 0.270366 -0.057863 -0.058965 0.000707 0.996581
1305031103.875361 -0.017517 0.023766 0.256323 -0.066117 -0.061139 -0.001299 0.995936
1305031103.911221 -0.010826 0.021942 0.255127 -0.064190 -0.068857 -0.001213 0.995559
1305031103.943211 -0.009837 0.015753 0.245328 -0.064210 -0.072256 -0.002147 0.995315
1305031103.975373 -0.004950 0.010921 0.232697 -0.062697 -0.075659 -0.002294 0.995158
1305031104.011232 0.001427 -0.000362 0.222613 -0.061490 -0.078176 -0.003592 0.995035
1305031104.043249 0.003362 -0.004543 0.204178 -0.054886 -0.073094 -0.005505 0.995798
1305031104.075425 0.009649 -0.004166 0.189125 -0.050151 -0.070152 -0.007635 0.996246
1305031104.111235 0.013365 -0.008205 0.172788 -0.046552 -0.064636 -0.009086 0.996781
1305031104.143230 0.013431 -0.014893 0.162962 -0.043315 -0.058990 -0.009975 0.997269
1305031104.175424 0.011824 -0.018284 0.148664 -0.039099 -0.054724 -0.011083 0.997674
1305031104.211283 0.012256 -0.022261 0.134447 -0.035211 -0.051776 -0.011199 0.997975
1305031104.243196 0.011629 -0.025563 0.121118 -0.030702 -0.048907 -0.011405 0.998266
1305031104.275546 0.014688 -0.027511 0.108869 -0.026198 -0.047042 -0.012127 0.998476
1305031104.311219 0.015427 -0.028820 0.093519 -0.021918 -0.042974 -0.012543 0.998757
1305031104.343342 0.020338 -0.027822 0.079021 -0.017987 -0.039180 -0.013266 0.998982
1305031104.375837 0.013811 -0.030348 0.060130 -0.015878 -0.031821 -0.013909 0.999271
1305031104.411509 0.013924 -0.029487 0.050491 -0.014367 -0.028422 -0.012379 0.999416
1305031104.443288 0.003981 -0.027060 0.036661 -0.011710 -0.023766 -0.014090 0.999550
1305031104.475456 0.000637 -0.027228 0.028016 -0.011631 -0.023413 -0.013328 0.999569
1305031104.511329 -0.002028 -0.031894 0.022306 -0.011763 -0.026636 -0.011833 0.999506
1305031104.543368 0.000486 -0.035880 0.016615 -0.009624 -0.030149 -0.010241 0.999447
1305031104.575343 0.008721 -0.041837 0.012566 -0.006017 -0.031094 -0.009081 0.999457
1305031104.611336 0.012805 -0.053079 0.017580 0.000880 -0.028051 -0.006948 0.999582
1305031104.643243 0.015454 -0.053649 0.004034 0.013204 -0.020601 -0.006693 0.999678
1305031104.675525 0.021133 -0.058047 -0.005831 0.024050 -0.013480 -0.005035 0.999607
1305031104.711277 0.017983 -0.058239 -0.014050 0.038453 -0.004478 -0.003550 0.999244
1305031104.743280 0.022664 -0.055329 -0.025193 0.052506 0.002623 -0.000371 0.998617
1305031104.775327 0.021719 -0.055230 -0.041994 0.064483 0.010187 0.001040 0.997866
1305031104.811465 0.023345 -0.049615 -0.050692 0.076582 0.016749 0.003463 0.996917
1305031104.843258 0.023545 -0.050444 -0.067551 0.083895 0.024269 0.005772 0.996162
1305031104.875350 0.022776 -0.042873 -0.078745 0.091054 0.028099 0.007926 0.995418
1305031104.911534 0.022559 -0.042514 -0.091542 0.092400 0.029149 0.008528 0.995259
1305031104.943262 0.026237 -0.031851 -0.097141 0.095543 0.029424 0.010593 0.994934
1305031104.975202 0.023731 -0.028901 -0.101323 0.094608 0.030776 0.010011 0.994988
1305031105.011290 0.020719 -0.023788 -0.111265 0.091152 0.030368 0.009328 0.995330
1305031105.043373 0.020251 -0.020991 -0.106473 0.084706 0.029981 0.007787 0.995924
1305031105.075320 0.019236 -0.021138 -0.100263 0.077761 0.029456 0.004959 0.996524
1305031105.111299 0.006172 -0.025683 -0.091628 0.070915 0.031109 0.002348 0.996994
1305031105.143106 0.009700 -0.010479 -0.077662 0.067990 0.027448 0.001365 0.997307
1305031105.175159 0.005477 -0.006008 -0.076051 0.055426 0.024873 -0.002988 0.998148
1305031105.211268 -0.003822 -0.013716 -0.056861 0.040981 0.023432 -0.004073 0.998877
1305031105.243270 -0.004468 -0.009841 -0.034341 0.033909 0.016582 -0.006091 0.999269
1305031105.275288 -0.010547 -0.005461 -0.020620 0.024453 0.011756 -0.008298 0.999597
1305031105.311290 -0.015860 -0.008184 -0.004568 0.013750 0.004621 -0.009575 0.999849
1305031105.343302 -0.012782 -0.012474 0.014555 0.003463 -0.003225 -0.007791 0.999958
1305031105.375338 -0.012320 -0.017401 0.038872 -0.001611 -0.009269 -0.008001 0.999924
1305031105.411286 -0.013117 -0.010058 0.046267 -0.005455 -0.014100 -0.008746 0.999847
1305031105.443316 -0.013077 -0.011974 0.063096 -0.013320 -0.018949 -0.008684 0.999694
1305031105.475280 -0.016313 -0.014193 0.080646 -0.017329 -0.021317 -0.009530 0.999577
1305031105.511332 -0.015654 -0.011640 0.091693 -0.021726 -0.024157 -0.009358 0.999428
1305031105.543282 -0.016467 -0.013659 0.105971 -0.026551 -0.024566 -0.008453 0.999310
1305031105.575449 -0.018228 -0.011453 0.122297 -0.029083 -0.026045 -0.008618 0.999200
1305031105.611378 -0.019088 -0.014554 0.140672 -0.033304 -0.026594 -0.007586 0.999063
1305031105.643273 -0.017767 -0.014265 0.157408 -0.034419 -0.028371 -0.005028 0.998992
1305031105.675166 -0.017015 -0.012974 0.168032 -0.036469 -0.029289 -0.004328 0.998896
1305031105.711309 -0.009428 -0.014907 0.188551 -0.037005 -0.030403 -0.003640 0.998846
1305031105.743312 -0.010122 -0.011989 0.201961 -0.035416 -0.025961 -0.003766 0.999028
1305031105.775339 -0.006988 -0.006650 0.212596 -0.034001 -0.021737 -0.003889 0.999178
1305031105.811283 -0.007326 -0.008310 0.230344 -0.034356 -0.016958 -0.002594 0.999262
1305031105.843271 -0.007384 -0.005654 0.243132 -0.032354 -0.012618 -0.002764 0.999393
1305031105.875337 -0.007783 0.001069 0.254442 -0.030293 -0.006534 -0.001114 0.999519
1305031105.911262 -0.006100 0.003894 0.262109 -0.033241 -0.002716 0.003289 0.999438
1305031105.943272 -0.007179 0.007334 0.275168 -0.036433 0.001405 0.006058 0.999317
1305031105.975329 -0.009672 0.014143 0.283918 -0.039289 0.005759 0.007069 0.999186
1305031106.011285 -0.009721 0.017496 0.295792 -0.043959 0.007631 0.008178 0.998971
1305031106.043355 -0.008609 0.022960 0.309886 -0.047612 0.009099 0.009601 0.998778
1305031106.075330 -0.010935 0.026477 0.322650 -0.051909 0.010708 0.010869 0.998535
1305031106.111327 -0.014705 0.034916 0.334584 -0.055466 0.012078 0.011838 0.998317
1305031106.143355 -0.017180 0.037874 0.346774 -0.062168 0.010843 0.013361 0.997917
1305031106.175534 -0.017078 0.038870 0.359932 -0.066951 0.008730 0.014525 0.997612
1305031106.211275 -0.017627 0.038185 0.371356 -0.071620 0.006761 0.015718 0.997285
1305031106.243267 -0.018268 0.043953 0.382089 -0.070178 0.004746 0.019469 0.997333
1305031106.276385 -0.021640 0.048585 0.388120 -0.070957 0.004680 0.020096 0.997266
1305031106.311238 -0.021236 0.051141 0.394427 -0.075342 0.003066 0.023518 0.996876
1305031106.343258 -0.026042 0.060091 0.398270 -0.077792 0.004214 0.022834 0.996699
1305031106.375388 -0.020120 0.060609 0.403975 -0.087958 0.000883 0.017100 0.995977
1305031106.411320 -0.017585 0.052541 0.411271 -0.098738 0.005043 0.011749 0.995031
1305031106.443278 -0.021793 0.052910 0.414121 -0.097875 0.009730 0.006694 0.995129
1305031106.475345 -0.021995 0.051900 0.414591 -0.098047 0.007413 0.007072 0.995129
1305031106.511129 -0.019568 0.049858 0.409663 -0.095484 0.001552 0.007818 0.995399
1305031106.543302 -0.019673 0.050792 0.402168 -0.089973 -0.002564 0.006590 0.995919
1305031106.575282 -0.019374 0.048683 0.394325 -0.086785 -0.004937 0.005530 0.996200
1305031106.611151 -0.023013 0.047477 0.380698 -0.085878 -0.006227 0.002174 0.996284
1305031106.643207 -0.020880 0.042352 0.372516 -0.086409 -0.010443 0.000608 0.996205
1305031106.675279 -0.026572 0.041613 0.360338 -0.083307 -0.011320 -0.000135 0.996460
1305031106.711508 -0.027676 0.038300 0.345624 -0.084751 -0.017069 -0.000430 0.996256
1305031106.743341 -0.028819 0.035052 0.333368 -0.083214 -0.023625 -0.000432 0.996252
1305031106.775390 -0.026639 0.031517 0.320874 -0.082766 -0.030489 0.000492 0.996102
1305031106.811289 -0.025650 0.031765 0.304350 -0.081633 -0.034781 -0.000207 0.996055
1305031106.843416 -0.022301 0.022962 0.292309 -0.084240 -0.040614 -0.000372 0.995617
1305031106.875905 -0.017528 0.018838 0.282235 -0.078499 -0.045949 -0.003960 0.995847
1305031106.911243 -0.012974 0.015872 0.267310 -0.076143 -0.047414 -0.006803 0.995946
1305031106.943439 -0.011617 0.008350 0.249440 -0.074814 -0.046710 -0.011378 0.996038
1305031106.975547 -0.013544 0.002123 0.235347 -0.069095 -0.043518 -0.015835 0.996535
1305031107.011576 -0.007350 -0.001315 0.218297 -0.064701 -0.043781 -0.017767 0.996786
1305031107.043281 -0.012117 -0.002351 0.194167 -0.062087 -0.038063 -0.020753 0.997129
1305031107.075432 -0.016977 -0.009076 0.184957 -0.058582 -0.036140 -0.022033 0.997385
1305031107.111229 -0.014227 -0.011935 0.168251 -0.054435 -0.037344 -0.022544 0.997564
1305031107.143260 -0.009972 -0.009342 0.148727 -0.050384 -0.037421 -0.022980 0.997764
1305031107.175399 -0.009015 -0.016938 0.136849 -0.049734 -0.035944 -0.023361 0.997842
1305031107.211358 -0.005673 -0.026451 0.129680 -0.046069 -0.034639 -0.024281 0.998042
1305031107.243378 -0.001654 -0.024974 0.115663 -0.038298 -0.032432 -0.024680 0.998435
1305031107.275398 0.001625 -0.028260 0.102959 -0.032877 -0.029621 -0.023987 0.998732
1305031107.311226 0.002062 -0.036485 0.090630 -0.027308 -0.025712 -0.025427 0.998973
1305031107.343509 0.001660 -0.046274 0.079436 -0.018534 -0.020411 -0.026202 0.999276
1305031107.375413 0.005949 -0.041109 0.065818 -0.006980 -0.015927 -0.025600 0.999521
1305031107.411271 0.007826 -0.040340 0.051585 0.000236 -0.009765 -0.026310 0.999606
1305031107.443419 0.012431 -0.038606 0.040945 0.005921 -0.006411 -0.025213 0.999644
1305031107.475377 0.013289 -0.037892 0.033023 0.009783 -0.000934 -0.024771 0.999645
1305031107.511352 0.013791 -0.035125 0.020031 0.012145 0.003898 -0.025121 0.999603
1305031107.543605 0.016148 -0.034561 0.013582 0.009559 0.006660 -0.023485 0.999656
1305031107.575454 0.018468 -0.039221 0.019188 0.008567 0.008458 -0.020041 0.999727
1305031107.611271 0.020027 -0.035909 0.014877 0.009533 0.010171 -0.019518 0.999712
1305031107.643323 0.022041 -0.030850 0.010387 0.007675 0.011243 -0.017016 0.999763
1305031107.675568 0.019561 -0.031305 0.015884 0.006238 0.013074 -0.017975 0.999733
1305031107.711307 0.019085 -0.026535 0.016385 0.006023 0.012950 -0.017328 0.999748
1305031107.743538 0.015671 -0.021027 0.013377 0.003952 0.012999 -0.016765 0.999767
1305031107.775802 0.018257 -0.021993 0.019069 0.000440 0.008870 -0.017366 0.999810
1305031107.811596 0.017384 -0.019945 0.021169 -0.001147 0.007745 -0.018479 0.999799
1305031107.843332 0.020042 -0.017813 0.021997 -0.003489 0.006876 -0.018536 0.999798
1305031107.875358 0.027091 -0.020374 0.031151 -0.004916 0.006404 -0.021236 0.999742
1305031107.911541 0.028551 -0.020693 0.035527 -0.003943 0.009232 -0.024241 0.999656
1305031107.943122 0.032901 -0.020279 0.043212 -0.001703 0.012817 -0.025135 0.999600
1305031107.975807 0.038551 -0.023571 0.043518 -0.000286 0.016796 -0.024504 0.999559
1305031108.011320 0.047610 -0.024698 0.044727 0.003288 0.020977 -0.027584 0.999394
1305031108.043418 0.058903 -0.022499 0.044384 0.005802 0.027813 -0.026130 0.999255
1305031108.075352 0.072118 -0.026156 0.042807 0.006233 0.035697 -0.019990 0.999143
1305031108.111378 0.080030 -0.026934 0.045706 0.008718 0.041880 -0.019080 0.998902
1305031108.143334 0.090385 -0.023114 0.046763 0.011762 0.045739 -0.018740 0.998708
1305031108.176058 0.098343 -0.019307 0.044286 0.010319 0.049422 -0.016361 0.998591
1305031108.211475 0.106943 -0.020028 0.045530 0.005271 0.051484 -0.016900 0.998517
1305031108.243347 0.129474 -0.026069 0.052768 0.002891 0.052481 -0.017327 0.998467
1305031108.275358 0.136478 -0.019848 0.056436 0.004479 0.057188 -0.017489 0.998200
1305031108.311332 0.142976 -0.017403 0.053407 0.001285 0.060001 -0.016835 0.998056
1305031108.343278 0.147422 -0.014097 0.057059 -0.004190 0.059328 -0.015519 0.998109
1305031108.375410 0.156580 -0.012791 0.061288 -0.009031 0.057416 -0.011638 0.998242
1305031108.411361 0.169649 -0.014943 0.065937 -0.015275 0.052288 -0.003991 0.998507
1305031108.443610 0.186952 -0.013826 0.068594 -0.019677 0.049337 0.002727 0.998585
1305031108.475471 0.196536 -0.014906 0.074640 -0.022908 0.049961 0.010019 0.998438
1305031108.511378 0.225899 -0.012561 0.078173 -0.020709 0.047334 0.015352 0.998546
1305031108.543737 0.240034 -0.011796 0.080444 -0.015647 0.054205 0.014917 0.998296
1305031108.575414 0.247056 -0.010592 0.079970 -0.012844 0.059983 0.012477 0.998039
1305031108.611407 0.256922 -0.009769 0.079823 -0.013037 0.067042 0.013006 0.997580
1305031108.643303 0.267233 -0.008006 0.079762 -0.013164 0.072314 0.014414 0.997191
1305031108.675375 0.282951 -0.004753 0.074416 -0.015582 0.075704 0.018957 0.996828
1305031108.711411 0.292117 -0.006857 0.077893 -0.020504 0.083542 0.022322 0.996043
1305031108.743502 0.298012 -0.006440 0.081935 -0.021648 0.089312 0.023493 0.995491
1305031108.775493 0.306221 -0.004225 0.082361 -0.022134 0.093242 0.025867 0.995061
1305031108.811244 0.304378 -0.005612 0.084052 -0.024215 0.098752 0.030096 0.994362
1305031108.843264 0.312287 -0.007792 0.087017 -0.023675 0.097099 0.036356 0.994329
1305031108.876515 0.312127 -0.006030 0.084976 -0.020741 0.094538 0.043362 0.994360
1305031108.911364 0.310945 -0.008246 0.084725 -0.018191 0.091327 0.047557 0.994518
1305031108.943243 0.309097 -0.008331 0.084427 -0.012389 0.088284 0.049325 0.994796
1305031108.975268 0.307746 -0.003707 0.079246 -0.007424 0.081545 0.047869 0.995492
1305031109.011269 0.308355 -0.005895 0.075797 -0.009334 0.075884 0.045914 0.996015
1305031109.043277 0.302757 -0.005945 0.074715 -0.007557 0.075169 0.044233 0.996161
1305031109.075410 0.298976 -0.002568 0.070066 -0.008715 0.071504 0.039562 0.996617
1305031109.111282 0.288111 -0.006718 0.068677 -0.014272 0.071163 0.035940 0.996715
1305031109.143334 0.272562 -0.007270 0.071051 -0.014771 0.070027 0.033384 0.996877
1305031109.175464 0.263966 -0.002096 0.067769 -0.013529 0.062756 0.029965 0.997487
1305031109.211379 0.247533 -0.000956 0.063699 -0.018959 0.060753 0.031323 0.997481
1305031109.243290 0.233131 -0.003965 0.063062 -0.028489 0.059388 0.036572 0.997158
1305031109.275308 0.223027 -0.007851 0.068673 -0.031182 0.053912 0.041230 0.997207
1305031109.311329 0.210554 -0.001438 0.067249 -0.026391 0.043709 0.042389 0.997796
1305031109.343248 0.193035 -0.003935 0.063951 -0.030714 0.035363 0.040942 0.998063
1305031109.375397 0.178678 -0.002638 0.066016 -0.032901 0.028328 0.040457 0.998238
1305031109.411329 0.168318 0.000667 0.064798 -0.031964 0.020524 0.036375 0.998616
1305031109.443302 0.154669 0.001806 0.065004 -0.035926 0.016225 0.030857 0.998746
1305031109.475363 0.142931 0.001543 0.065332 -0.038337 0.013686 0.028005 0.998779
1305031109.511273 0.131932 0.001114 0.064931 -0.037630 0.010817 0.023859 0.998948
1305031109.543294 0.118223 -0.001836 0.065063 -0.035994 0.009652 0.020870 0.999087
1305031109.575362 0.101912 0.002685 0.059266 -0.034357 0.010689 0.020639 0.999139
1305031109.611310 0.089970 0.001425 0.055709 -0.035385 0.008734 0.018213 0.999170
1305031109.643229 0.077389 0.002735 0.054944 -0.035132 0.007618 0.016522 0.999217
1305031109.675263 0.059589 0.007101 0.051282 -0.036564 0.009151 0.019522 0.999099
1305031109.711312 0.047205 0.009737 0.049716 -0.038885 0.005692 0.018739 0.999052
1305031109.743274 0.036652 0.010855 0.050237 -0.043371 0.001707 0.017975 0.998896
1305031109.775277 0.025018 0.010190 0.052135 -0.046355 -0.000002 0.018308 0.998757
1305031109.811371 0.010886 0.011649 0.052894 -0.048542 -0.000992 0.017715 0.998664
1305031109.843296 -0.004447 0.012760 0.055148 -0.051857 -0.002949 0.016933 0.998507
1305031109.875306 -0.020727 0.012973 0.055514 -0.055640 -0.005299 0.015226 0.998321
1305031109.911265 -0.032602 0.010574 0.063600 -0.057518 -0.012112 0.010391 0.998217
1305031109.943299 -0.037579 0.011625 0.065999 -0.060379 -0.018150 0.007868 0.997980
1305031109.975258 -0.055069 0.016735 0.065895 -0.062643 -0.018806 0.001798 0.997857
1305031110.011256 -0.066754 0.018986 0.071989 -0.064403 -0.022118 -0.004218 0.997670
1305031110.043299 -0.076712 0.018887 0.076200 -0.067364 -0.024335 -0.011153 0.997369
1305031110.075319 -0.094189 0.021190 0.078863 -0.069265 -0.023071 -0.016560 0.997194
1305031110.111325 -0.112628 0.024862 0.079250 -0.072548 -0.022584 -0.021895 0.996869
1305031110.143432 -0.129047 0.022905 0.089671 -0.074343 -0.025437 -0.025753 0.996576
1305031110.175641 -0.138744 0.025205 0.088605 -0.076309 -0.029211 -0.026668 0.996299
1305031110.211637 -0.148745 0.029409 0.091054 -0.077936 -0.032977 -0.027851 0.996023
1305031110.243323 -0.167838 0.024904 0.100064 -0.080359 -0.034785 -0.028844 0.995741
1305031110.279321 -0.176309 0.021894 0.103154 -0.079872 -0.039373 -0.029787 0.995582
1305031110.311404 -0.189155 0.023837 0.104003 -0.076636 -0.042045 -0.031188 0.995684
1305031110.343355 -0.197542 0.027029 0.102140 -0.075054 -0.048006 -0.031059 0.995539
1305031110.379281 -0.209345 0.026753 0.103674 -0.074296 -0.053615 -0.034764 0.995187
1305031110.411469 -0.222454 0.033163 0.101290 -0.072678 -0.059373 -0.037105 0.994895
1305031110.443260 -0.228002 0.038842 0.096613 -0.074918 -0.067292 -0.039630 0.994127
1305031110.479331 -0.243487 0.035079 0.100882 -0.079228 -0.073509 -0.045980 0.993079
1305031110.511429 -0.260561 0.033359 0.102748 -0.080685 -0.078647 -0.050551 0.992345
1305031110.543408 -0.267421 0.039395 0.101289 -0.081047 -0.086596 -0.052744 0.991539
1305031110.579426 -0.273426 0.042519 0.097556 -0.084974 -0.093906 -0.056775 0.990322
1305031110.611307 -0.284550 0.041927 0.102607 -0.088838 -0.096781 -0.061770 0.989407
1305031110.643418 -0.299651 0.035753 0.108951 -0.089866 -0.096408 -0.065186 0.989131
1305031110.679606 -0.305884 0.044018 0.104347 -0.087635 -0.099307 -0.067447 0.988893
1305031110.711412 -0.307320 0.043157 0.104644 -0.091363 -0.103316 -0.068028 0.988105
1305031110.743249 -0.319974 0.042284 0.105899 -0.092053 -0.101987 -0.071209 0.987955
1305031110.779193 -0.323641 0.041690 0.106273 -0.092789 -0.103636 -0.071960 0.987660
1305031110.811386 -0.325121 0.042801 0.105240 -0.093040 -0.104521 -0.073299 0.987444
1305031110.843218 -0.328776 0.045162 0.104337 -0.093706 -0.106041 -0.075934 0.987020
1305031110.879313 -0.327399 0.040661 0.106423 -0.095688 -0.108834 -0.075468 0.986561
1305031110.911333 -0.325411 0.042773 0.105363 -0.095556 -0.110518 -0.075739 0.986366
1305031110.943862 -0.322136 0.043362 0.107110 -0.095448 -0.112642 -0.076710 0.986061
1305031110.979345 -0.311769 0.044883 0.106439 -0.095222 -0.113649 -0.077236 0.985927
1305031111.011431 -0.299446 0.047762 0.107124 -0.095011 -0.111365 -0.076181 0.986290
1305031111.043327 -0.293677 0.045419 0.110470 -0.095206 -0.105406 -0.073372 0.987138
1305031111.079283 -0.287416 0.048007 0.106231 -0.096108 -0.102040 -0.071552 0.987538
1305031111.111508 -0.278252 0.049713 0.109786 -0.096322 -0.100231 -0.068580 0.987913
1305031111.143257 -0.264690 0.042309 0.115952 -0.097311 -0.100237 -0.066657 0.987947
1305031111.179326 -0.249734 0.040825 0.115679 -0.095191 -0.097832 -0.066409 0.988412
1305031111.211433 -0.238929 0.040779 0.113757 -0.093502 -0.089376 -0.063059 0.989592
1305031111.243236 -0.231386 0.039999 0.114522 -0.092589 -0.086557 -0.061942 0.989999
1305031111.279308 -0.218035 0.035187 0.122046 -0.089853 -0.085776 -0.060627 0.990401
1305031111.311547 -0.208205 0.041837 0.115298 -0.083691 -0.080253 -0.055205 0.991720
1305031111.343397 -0.206991 0.046705 0.108898 -0.085542 -0.079618 -0.056623 0.991533
1305031111.379134 -0.189492 0.035241 0.119263 -0.088583 -0.084319 -0.053024 0.991076
1305031111.411296 -0.175471 0.037151 0.122514 -0.083113 -0.086606 -0.049942 0.991513
1305031111.443386 -0.152666 0.033032 0.118615 -0.084874 -0.096217 -0.054887 0.990215
1305031111.479259 -0.124286 0.026213 0.125928 -0.083243 -0.094440 -0.056506 0.990434
1305031111.511264 -0.116214 0.025641 0.123104 -0.079376 -0.081652 -0.054950 0.991974
1305031111.543250 -0.096366 0.019816 0.127682 -0.076699 -0.078034 -0.052272 0.992621
1305031111.579237 -0.083945 0.024981 0.121889 -0.070800 -0.067631 -0.047505 0.994061
1305031111.611271 -0.086129 0.024403 0.110737 -0.072080 -0.056868 -0.040873 0.994937
1305031111.643395 -0.068577 0.016060 0.126693 -0.070792 -0.059278 -0.034597 0.995127
1305031111.679320 -0.041706 0.022324 0.120360 -0.063552 -0.055650 -0.025039 0.996111
1305031111.711760 -0.022939 0.017892 0.115480 -0.064395 -0.048723 -0.025113 0.996418
1305031111.743386 0.001456 0.014028 0.119039 -0.060731 -0.039167 -0.021934 0.997144
1305031111.779423 0.019437 0.017247 0.118965 -0.056609 -0.023536 -0.016941 0.997975
1305031111.811406 0.019897 0.009871 0.117194 -0.056252 -0.005123 -0.018423 0.998233
1305031111.843299 0.031423 0.017191 0.116924 -0.049479 0.005171 -0.016534 0.998625
1305031111.879442 0.032895 0.015025 0.103933 -0.050968 0.015852 -0.012214 0.998500
1305031111.911354 0.037993 0.017627 0.114177 -0.048869 0.017039 -0.005624 0.998644
1305031111.943300 0.052459 0.016815 0.115616 -0.047550 0.012936 0.002467 0.998782
1305031111.979449 0.077737 0.017391 0.109810 -0.045787 0.010901 0.009497 0.998847
1305031112.011433 0.102602 0.014538 0.105488 -0.045165 0.013983 0.011782 0.998812
1305031112.043270 0.114245 0.018383 0.104311 -0.039454 0.022627 0.007859 0.998934
1305031112.079339 0.134011 0.014656 0.101320 -0.038892 0.032494 0.009257 0.998672
1305031112.111423 0.130106 0.012113 0.102161 -0.037375 0.046857 0.002959 0.998198
1305031112.144342 0.153680 0.016269 0.098159 -0.035160 0.047733 -0.002781 0.998237
1305031112.179390 0.171139 0.008528 0.096136 -0.040886 0.058881 -0.005685 0.997411
1305031112.211254 0.184397 0.002401 0.100978 -0.042181 0.067867 -0.011125 0.996740
1305031112.243369 0.198566 -0.002433 0.103978 -0.037759 0.076732 -0.014505 0.996231
1305031112.279353 0.187805 0.000432 0.106044 -0.031205 0.090527 -0.019324 0.995217
1305031112.311312 0.200837 0.000523 0.105450 -0.024534 0.089499 -0.020974 0.995464
1305031112.343323 0.206184 0.000573 0.100991 -0.017783 0.091497 -0.020246 0.995441
1305031112.379360 0.213190 0.000284 0.098534 -0.014078 0.090389 -0.016355 0.995673
1305031112.411442 0.228648 0.000462 0.095416 -0.011285 0.086663 -0.012327 0.996097
1305031112.443391 0.244771 -0.001489 0.096067 -0.009502 0.083093 -0.005161 0.996483
1305031112.479418 0.251094 -0.003229 0.093393 -0.006820 0.082591 0.003444 0.996554
1305031112.511504 0.258820 -0.004502 0.093727 -0.004879 0.079974 0.011142 0.996723
1305031112.543212 0.271631 -0.005242 0.092089 -0.002496 0.074909 0.015842 0.997061
1305031112.579252 0.280564 -0.005021 0.087651 -0.001102 0.068719 0.021236 0.997409
1305031112.611261 0.301038 -0.000934 0.086768 0.000713 0.068029 0.027909 0.997293
1305031112.643246 0.314667 -0.002805 0.085873 -0.002833 0.072564 0.036875 0.996678
1305031112.679952 0.318891 -0.000749 0.086715 -0.003767 0.078463 0.040338 0.996093
1305031112.711251 0.321292 0.000069 0.086639 -0.005742 0.083160 0.041330 0.995662
1305031112.743245 0.326229 0.007095 0.080759 -0.008857 0.084585 0.045626 0.995332
1305031112.779310 0.325299 0.003043 0.083440 -0.017471 0.089842 0.048368 0.994627
1305031112.811310 0.313698 0.004047 0.094933 -0.018537 0.093357 0.046761 0.994361
1305031112.843286 0.308427 0.008713 0.094339 -0.019976 0.088409 0.044991 0.994867
1305031112.879421 0.310754 0.010726 0.095136 -0.022868 0.083883 0.047102 0.995099
1305031112.911411 0.298186 0.009458 0.098825 -0.026176 0.083740 0.048210 0.994976
1305031112.943321 0.294467 0.009552 0.102024 -0.027698 0.077451 0.048726 0.995420
1305031112.979278 0.291692 0.009869 0.101770 -0.028092 0.070689 0.045708 0.996055
1305031113.011353 0.283375 0.013373 0.099051 -0.029132 0.067874 0.045354 0.996237
1305031113.043231 0.276645 0.011724 0.098468 -0.033795 0.066050 0.043245 0.996306
1305031113.079251 0.266511 0.008705 0.101496 -0.034184 0.063794 0.038905 0.996618
1305031113.111316 0.252476 0.011478 0.098595 -0.030592 0.060468 0.033294 0.997146
1305031113.143306 0.242490 0.010357 0.095009 -0.034520 0.057386 0.031120 0.997270
1305031113.179343 0.228229 0.006702 0.095438 -0.037762 0.057272 0.032902 0.997102
1305031113.211259 0.212869 0.000006 0.094858 -0.038293 0.052719 0.034871 0.997265
1305031113.243227 0.195528 0.006672 0.090624 -0.038003 0.047020 0.035261 0.997548
1305031113.279312 0.182387 0.003228 0.091772 -0.040167 0.041994 0.036911 0.997628
1305031113.311452 0.167617 0.007000 0.094027 -0.032055 0.035319 0.040708 0.998032
1305031113.343252 0.147899 0.005870 0.089294 -0.028444 0.026227 0.039915 0.998454
1305031113.379312 0.130520 0.005201 0.085581 -0.031931 0.018789 0.036179 0.998658
1305031113.411625 0.114368 0.003009 0.089582 -0.031091 0.012387 0.036884 0.998759
1305031113.443266 0.094743 0.003839 0.087876 -0.029262 0.007576 0.030233 0.999086
1305031113.479311 0.077881 0.004306 0.084349 -0.032745 0.000504 0.023996 0.999175
1305031113.511523 0.060287 0.001496 0.087913 -0.037141 -0.004540 0.021805 0.999062
1305031113.543242 0.043433 -0.000363 0.090923 -0.039195 -0.010231 0.018871 0.999001
1305031113.579301 0.031165 0.000421 0.092166 -0.039227 -0.016130 0.014311 0.998998
1305031113.611268 0.023708 0.003609 0.092756 -0.041190 -0.021691 0.010719 0.998858
1305031113.643222 0.011183 0.002213 0.091831 -0.044307 -0.021986 0.007102 0.998751
1305031113.679288 -0.001167 -0.001859 0.097294 -0.047118 -0.022651 0.004228 0.998624
1305031113.711931 -0.015063 -0.002775 0.099630 -0.047381 -0.022207 -0.000688 0.998630
1305031113.743590 -0.027040 -0.001661 0.099848 -0.046147 -0.019967 -0.006257 0.998716
1305031113.779320 -0.043712 -0.003255 0.101710 -0.045718 -0.016807 -0.010318 0.998760
1305031113.811237 -0.060533 0.000107 0.103910 -0.043844 -0.014799 -0.012617 0.998849
1305031113.843295 -0.070531 0.004616 0.100130 -0.042707 -0.013218 -0.015715 0.998877
1305031113.879281 -0.088995 -0.004146 0.109171 -0.044651 -0.012240 -0.020243 0.998723
1305031113.911290 -0.106348 -0.001204 0.111064 -0.041066 -0.011992 -0.021950 0.998843
1305031113.943291 -0.114736 0.001381 0.108638 -0.037545 -0.011340 -0.023156 0.998962
1305031113.979293 -0.132722 0.000627 0.109723 -0.034453 -0.008000 -0.029051 0.998952
1305031114.011257 -0.153020 0.005664 0.111025 -0.029640 -0.005054 -0.034665 0.998947
1305031114.043301 -0.169286 0.008859 0.112054 -0.027302 -0.007569 -0.035739 0.998959
1305031114.079285 -0.185421 0.007906 0.115485 -0.025091 -0.012598 -0.036874 0.998925
1305031114.111263 -0.199832 0.010653 0.113323 -0.022226 -0.017878 -0.040606 0.998768
1305031114.143284 -0.207323 0.014536 0.113502 -0.020948 -0.025108 -0.042540 0.998560
1305031114.179337 -0.221151 0.008350 0.121170 -0.020687 -0.027273 -0.045003 0.998400
1305031114.211303 -0.229505 0.016060 0.117359 -0.016893 -0.029039 -0.045939 0.998379
1305031114.243337 -0.244297 0.022410 0.116471 -0.016492 -0.031357 -0.050419 0.998100
1305031114.279390 -0.263644 0.021572 0.124853 -0.017078 -0.035872 -0.051973 0.997858
1305031114.311429 -0.277339 0.022513 0.122866 -0.018519 -0.043167 -0.052468 0.997517
1305031114.343331 -0.286117 0.023801 0.125300 -0.018871 -0.049647 -0.055751 0.997031
1305031114.379320 -0.295561 0.019180 0.128141 -0.020557 -0.052079 -0.059038 0.996684
1305031114.411397 -0.307121 0.018301 0.131357 -0.019978 -0.053795 -0.063330 0.996341
1305031114.443345 -0.321599 0.021673 0.130926 -0.019282 -0.056989 -0.065124 0.996062
1305031114.479332 -0.336843 0.021059 0.132035 -0.020055 -0.061795 -0.066651 0.995659
1305031114.511266 -0.340413 0.020664 0.132259 -0.020844 -0.072529 -0.067846 0.994838
1305031114.543236 -0.339848 0.021357 0.132639 -0.023440 -0.079054 -0.066858 0.994350
1305031114.579237 -0.348737 0.017509 0.136263 -0.025997 -0.078657 -0.063921 0.994511
1305031114.611391 -0.354287 0.020593 0.135097 -0.027554 -0.079135 -0.061791 0.994565
1305031114.644136 -0.362461 0.018849 0.133086 -0.033043 -0.080739 -0.060974 0.994320
1305031114.679251 -0.366979 0.016427 0.140072 -0.036318 -0.087554 -0.061406 0.993602
1305031114.711306 -0.372444 0.013304 0.141808 -0.038311 -0.090690 -0.062359 0.993186
1305031114.743200 -0.372230 0.009608 0.144049 -0.037932 -0.094682 -0.064097 0.992718
1305031114.779289 -0.369897 0.010461 0.146109 -0.035466 -0.097277 -0.067860 0.992308
1305031114.811303 -0.367187 0.015373 0.140965 -0.033918 -0.097922 -0.068807 0.992233
1305031114.843208 -0.366044 0.015064 0.142596 -0.034101 -0.098818 -0.071192 0.991970
1305031114.879281 -0.360912 0.020344 0.139033 -0.032824 -0.099465 -0.071471 0.991928
1305031114.912879 -0.356124 0.019717 0.138679 -0.034513 -0.100513 -0.070799 0.991813
1305031114.943234 -0.344768 0.024569 0.135987 -0.035587 -0.102446 -0.072724 0.991438
1305031114.979280 -0.338606 0.026567 0.137485 -0.037474 -0.100057 -0.072925 0.991598
1305031115.011300 -0.329296 0.033209 0.134099 -0.039849 -0.099372 -0.074485 0.991458
1305031115.043508 -0.316883 0.028023 0.140015 -0.045380 -0.098772 -0.073717 0.991338
1305031115.079238 -0.305700 0.030135 0.142983 -0.046554 -0.096469 -0.074151 0.991478
1305031115.111230 -0.285383 0.031807 0.144667 -0.049351 -0.095159 -0.073039 0.991552
1305031115.143275 -0.276939 0.027383 0.149676 -0.052234 -0.085076 -0.070811 0.992481
1305031115.179440 -0.270314 0.032508 0.149635 -0.051584 -0.079890 -0.070337 0.992980
1305031115.211374 -0.254983 0.026746 0.157699 -0.053531 -0.078631 -0.067277 0.993190
1305031115.243297 -0.238881 0.020548 0.165403 -0.051180 -0.074606 -0.063116 0.993897
1305031115.279966 -0.222189 0.028500 0.162810 -0.047160 -0.072974 -0.058954 0.994472
1305031115.311704 -0.197063 0.021754 0.171020 -0.048853 -0.071931 -0.052136 0.994847
1305031115.343235 -0.190360 0.023738 0.169456 -0.044500 -0.057919 -0.050703 0.996039
1305031115.379166 -0.175653 0.032334 0.163457 -0.046530 -0.056582 -0.043550 0.996362
1305031115.411237 -0.161392 0.031527 0.173512 -0.052646 -0.063500 -0.041464 0.995729
1305031115.443159 -0.137162 0.026432 0.178544 -0.058601 -0.068089 -0.035022 0.995341
1305031115.479241 -0.116999 0.028096 0.180576 -0.062578 -0.069337 -0.027785 0.995241
1305031115.511253 -0.087123 0.019510 0.188292 -0.068235 -0.071680 -0.025989 0.994752
1305031115.543604 -0.051005 0.016387 0.196343 -0.069407 -0.066215 -0.016392 0.995254
1305031115.579315 -0.041852 0.017981 0.194083 -0.067317 -0.051252 -0.011861 0.996344
1305031115.611424 -0.033698 0.016609 0.192531 -0.065985 -0.041551 -0.008088 0.996922
1305031115.643254 -0.014034 0.015969 0.193565 -0.064477 -0.035902 0.000222 0.997273
1305031115.679241 -0.007863 0.015988 0.192200 -0.062870 -0.029348 0.010688 0.997533
1305031115.711320 0.014596 0.017289 0.186826 -0.061404 -0.031117 0.018671 0.997453
1305031115.743250 0.038786 0.015419 0.189268 -0.061715 -0.026164 0.025450 0.997426
1305031115.779425 0.050487 0.014185 0.183217 -0.060145 -0.014554 0.031707 0.997580
1305031115.811277 0.068547 0.017359 0.180129 -0.058696 -0.005866 0.039049 0.997495
1305031115.843224 0.076235 0.016874 0.172560 -0.060480 0.008191 0.045717 0.997088
1305031115.879198 0.082969 0.011144 0.176603 -0.061555 0.016743 0.052383 0.996588
1305031115.911118 0.104684 0.018389 0.172090 -0.056989 0.016593 0.059091 0.996486
1305031115.943311 0.118969 0.018027 0.170923 -0.058739 0.023006 0.065220 0.995875
1305031115.980740 0.131060 0.023959 0.169430 -0.058170 0.028648 0.070654 0.995391
1305031116.011379 0.156532 0.023576 0.167880 -0.062052 0.032810 0.074333 0.994760
1305031116.043164 0.162170 0.025735 0.168673 -0.064244 0.049153 0.074832 0.993910
1305031116.080030 0.171471 0.029378 0.168571 -0.068326 0.059704 0.078546 0.992773
1305031116.111300 0.186056 0.029880 0.170413 -0.075423 0.068266 0.082545 0.991382
1305031116.143441 0.193145 0.033408 0.174831 -0.078132 0.077287 0.085693 0.990242
1305031116.179572 0.200789 0.037176 0.177940 -0.079178 0.083767 0.088567 0.989378
1305031116.211299 0.214414 0.038247 0.177325 -0.083031 0.087756 0.092821 0.988326
1305031116.243320 0.228393 0.041211 0.179568 -0.083955 0.092012 0.096193 0.987539
1305031116.279385 0.239954 0.042521 0.181621 -0.084299 0.100124 0.099522 0.986389
1305031116.311336 0.246194 0.046617 0.179349 -0.085437 0.108913 0.102922 0.985010
1305031116.343292 0.250043 0.033361 0.186708 -0.092721 0.118371 0.106517 0.982876
1305031116.379384 0.252610 0.040900 0.184774 -0.083233 0.120617 0.107305 0.983366
1305031116.411333 0.248530 0.047088 0.177205 -0.075885 0.125069 0.110752 0.983022
1305031116.443369 0.253622 0.043883 0.173433 -0.080490 0.125215 0.120263 0.981519
1305031116.479850 0.256369 0.041248 0.175739 -0.081530 0.125306 0.124894 0.980843
1305031116.511205 0.254524 0.040131 0.172808 -0.080039 0.123867 0.120823 0.981658
1305031116.543262 0.246897 0.043759 0.171864 -0.075505 0.125275 0.116052 0.982414
1305031116.579313 0.241206 0.043226 0.168317 -0.075653 0.122542 0.113596 0.983034
1305031116.611261 0.231550 0.038049 0.169534 -0.076792 0.117374 0.107762 0.984233
1305031116.643355 0.217749 0.035074 0.167926 -0.076482 0.110686 0.098579 0.985993
1305031116.679281 0.204236 0.035357 0.166634 -0.075926 0.103789 0.089171 0.987680
1305031116.711634 0.192963 0.035981 0.164228 -0.075315 0.097983 0.079148 0.989173
1305031116.743291 0.178115 0.034350 0.162414 -0.077549 0.093625 0.067192 0.990306
1305031116.779298 0.161737 0.033229 0.160831 -0.080091 0.089809 0.057298 0.991079
1305031116.811318 0.141420 0.031325 0.160438 -0.080146 0.087676 0.048933 0.991713
1305031116.846089 0.117520 0.031542 0.159801 -0.078207 0.082338 0.042209 0.992634
1305031116.880165 0.098323 0.031723 0.156599 -0.079154 0.072875 0.035142 0.993574
1305031116.912044 0.083298 0.026680 0.156117 -0.080984 0.060764 0.031713 0.994356
1305031116.943296 0.060371 0.031613 0.156700 -0.080350 0.049466 0.023343 0.995265
1305031116.979351 0.047371 0.036561 0.155254 -0.077006 0.035185 0.012867 0.996326
1305031117.011382 0.022997 0.036646 0.154825 -0.076276 0.026540 0.002999 0.996729
1305031117.043261 0.010961 0.042517 0.152757 -0.075050 0.015002 -0.002598 0.997064
1305031117.079520 -0.007269 0.042311 0.152742 -0.077977 0.006521 -0.008329 0.996899
1305031117.111238 -0.024466 0.045707 0.153330 -0.079105 -0.002934 -0.009208 0.996819
1305031117.143218 -0.030509 0.046721 0.152587 -0.082510 -0.015188 -0.009743 0.996427
1305031117.179264 -0.035284 0.052843 0.153455 -0.083423 -0.026221 -0.014042 0.996070
1305031117.211361 -0.035604 0.052914 0.159455 -0.086243 -0.035814 -0.015830 0.995504
1305031117.243277 -0.033978 0.058616 0.158052 -0.087917 -0.040371 -0.017713 0.995152
1305031117.279299 -0.033328 0.055780 0.161017 -0.093727 -0.041110 -0.022200 0.994501
1305031117.311200 -0.041450 0.053249 0.164346 -0.098003 -0.037187 -0.023726 0.994208
1305031117.343243 -0.044798 0.047969 0.169041 -0.100980 -0.037470 -0.024515 0.993880
1305031117.379454 -0.046845 0.039433 0.173591 -0.103014 -0.037526 -0.024765 0.993663
1305031117.411221 -0.050372 0.035716 0.173745 -0.101478 -0.038001 -0.024280 0.993815
1305031117.443274 -0.049883 0.033403 0.174003 -0.098363 -0.040256 -0.022774 0.994075
1305031117.479403 -0.049840 0.028017 0.174632 -0.096704 -0.041486 -0.021018 0.994226
1305031117.511325 -0.050933 0.021755 0.176494 -0.093268 -0.042861 -0.019059 0.994535
1305031117.544285 -0.047924 0.016828 0.177055 -0.088509 -0.045395 -0.017998 0.994878
1305031117.579155 -0.049729 0.010424 0.175943 -0.085574 -0.046534 -0.019745 0.995049
1305031117.611159 -0.052191 0.006580 0.174871 -0.083219 -0.047191 -0.019210 0.995228
1305031117.643252 -0.053353 -0.003697 0.179339 -0.082882 -0.049335 -0.018184 0.995171
1305031117.679262 -0.051950 -0.008541 0.180102 -0.082044 -0.052765 -0.016497 0.995094
1305031117.711184 -0.054811 -0.016060 0.183337 -0.081654 -0.054170 -0.015531 0.995066
1305031117.743184 -0.054897 -0.027047 0.187376 -0.082479 -0.056503 -0.012198 0.994915
1305031117.779467 -0.057635 -0.034433 0.188996 -0.081967 -0.057774 -0.010949 0.994899
1305031117.811320 -0.052083 -0.044119 0.196199 -0.083133 -0.062268 -0.007176 0.994565
1305031117.843291 -0.046195 -0.059386 0.204598 -0.083530 -0.064563 -0.005950 0.994394
1305031117.879451 -0.045397 -0.065640 0.204512 -0.081019 -0.061528 -0.006058 0.994793
1305031117.911407 -0.046177 -0.077218 0.211171 -0.081110 -0.059788 -0.006411 0.994890
1305031117.943253 -0.045336 -0.086524 0.214641 -0.080375 -0.058245 -0.006250 0.995042
1305031117.979228 -0.049538 -0.092160 0.214733 -0.080602 -0.054963 -0.007458 0.995202
1305031118.011228 -0.050006 -0.107246 0.223688 -0.084137 -0.055026 -0.007649 0.994904
1305031118.043521 -0.051535 -0.117982 0.230112 -0.083774 -0.053377 -0.007813 0.995024
1305031118.079334 -0.048144 -0.127229 0.234952 -0.083995 -0.053645 -0.008450 0.994985
1305031118.111217 -0.044784 -0.138744 0.240792 -0.083886 -0.050496 -0.009925 0.995146
1305031118.143256 -0.047590 -0.147638 0.244304 -0.082301 -0.045198 -0.011518 0.995515
1305031118.179323 -0.047320 -0.159246 0.250389 -0.082416 -0.042721 -0.013560 0.995590
1305031118.211202 -0.056440 -0.170383 0.257813 -0.079802 -0.037724 -0.013524 0.996005
1305031118.243173 -0.057719 -0.179426 0.259470 -0.076921 -0.038295 -0.013243 0.996213
1305031118.279194 -0.054897 -0.191748 0.266273 -0.074002 -0.039983 -0.013664 0.996363
1305031118.311299 -0.057350 -0.200838 0.270650 -0.067721 -0.039852 -0.013844 0.996812
1305031118.343324 -0.053057 -0.203591 0.270382 -0.061826 -0.039729 -0.014140 0.997196
1305031118.379208 -0.055429 -0.209484 0.273129 -0.057086 -0.037710 -0.015808 0.997532
1305031118.411296 -0.059348 -0.212006 0.273522 -0.053456 -0.038206 -0.016096 0.997709
1305031118.445692 -0.054952 -0.215224 0.274085 -0.052974 -0.039676 -0.013387 0.997718
1305031118.479285 -0.054768 -0.217039 0.276147 -0.052284 -0.040196 -0.010473 0.997768
1305031118.511255 -0.051047 -0.216147 0.278958 -0.050215 -0.041616 -0.009160 0.997829
1305031118.544414 -0.045205 -0.212165 0.274423 -0.050727 -0.042448 -0.009875 0.997761
1305031118.579285 -0.046341 -0.212171 0.274889 -0.053555 -0.040713 -0.010373 0.997681
1305031118.616142 -0.045423 -0.206499 0.274103 -0.053426 -0.038661 -0.012503 0.997745
1305031118.645325 -0.046353 -0.197537 0.272304 -0.053365 -0.036226 -0.015578 0.997796
1305031118.679295 -0.046854 -0.189481 0.268133 -0.055827 -0.034694 -0.017088 0.997691
1305031118.711421 -0.050334 -0.184179 0.269981 -0.057039 -0.034377 -0.019646 0.997586
1305031118.746770 -0.057542 -0.174557 0.268736 -0.054407 -0.034656 -0.020651 0.997704
1305031118.779277 -0.052588 -0.152977 0.255779 -0.053102 -0.039385 -0.019250 0.997626
1305031118.811221 -0.050129 -0.151538 0.254919 -0.059210 -0.042158 -0.021707 0.997119
1305031118.846753 -0.046957 -0.150869 0.261216 -0.059239 -0.043793 -0.020268 0.997077
1305031118.879208 -0.045368 -0.126333 0.241646 -0.053776 -0.040634 -0.021968 0.997484
1305031118.911177 -0.044984 -0.116422 0.235291 -0.056046 -0.039548 -0.024329 0.997348
1305031118.946974 -0.044864 -0.105200 0.231585 -0.055236 -0.038448 -0.025747 0.997401
1305031118.979374 -0.045662 -0.086340 0.219360 -0.053821 -0.036863 -0.029335 0.997439
1305031119.011363 -0.050542 -0.072659 0.209876 -0.056109 -0.035183 -0.032162 0.997286
1305031119.047172 -0.055134 -0.065731 0.206090 -0.059240 -0.034489 -0.033631 0.997081
1305031119.079223 -0.055186 -0.055333 0.202775 -0.060210 -0.037543 -0.032371 0.996954
1305031119.111328 -0.059088 -0.046452 0.195729 -0.060844 -0.039707 -0.032554 0.996826
1305031119.147616 -0.060875 -0.032083 0.187942 -0.059738 -0.042539 -0.031084 0.996823
1305031119.179226 -0.060790 -0.026585 0.184315 -0.061029 -0.047050 -0.031255 0.996536
1305031119.211364 -0.059825 -0.016197 0.178273 -0.058569 -0.049121 -0.029325 0.996643
1305031119.247399 -0.058612 -0.003722 0.171774 -0.056938 -0.050809 -0.028595 0.996674
1305031119.279212 -0.058646 0.008375 0.165276 -0.055703 -0.051522 -0.028939 0.996697
1305031119.311212 -0.060525 0.018001 0.160514 -0.055674 -0.051302 -0.026635 0.996774
1305031119.347741 -0.060866 0.024553 0.158437 -0.055815 -0.053285 -0.024162 0.996725
1305031119.379239 -0.059547 0.038589 0.152468 -0.053872 -0.055703 -0.023607 0.996713
1305031119.411484 -0.055231 0.050269 0.146938 -0.053607 -0.056663 -0.023281 0.996681
1305031119.447706 -0.052793 0.057653 0.143669 -0.055134 -0.055145 -0.022740 0.996696
1305031119.479267 -0.056498 0.067686 0.140222 -0.054103 -0.051688 -0.023388 0.996922
1305031119.511240 -0.057447 0.082497 0.133945 -0.053636 -0.050210 -0.023003 0.997032
1305031119.547382 -0.057350 0.091634 0.131097 -0.055637 -0.050424 -0.021500 0.996945
1305031119.579559 -0.054778 0.106415 0.125008 -0.056286 -0.049841 -0.021836 0.996931
1305031119.615017 -0.056461 0.115121 0.122428 -0.060589 -0.047380 -0.020467 0.996828
1305031119.647903 -0.057831 0.127271 0.119196 -0.062939 -0.046496 -0.020120 0.996731
1305031119.679208 -0.054562 0.137844 0.115255 -0.067226 -0.045008 -0.022758 0.996462
1305031119.715232 -0.057342 0.149889 0.114487 -0.071867 -0.039420 -0.020318 0.996428
1305031119.747193 -0.065429 0.154838 0.114267 -0.077132 -0.035165 -0.016720 0.996260
1305031119.779169 -0.067236 0.164757 0.112410 -0.079774 -0.036189 -0.014467 0.996051
1305031119.814537 -0.066934 0.175217 0.111342 -0.081195 -0.037096 -0.010729 0.995950
1305031119.847429 -0.065154 0.182961 0.110076 -0.084496 -0.036831 -0.006893 0.995719
1305031119.879214 -0.063442 0.186636 0.110136 -0.086611 -0.035687 -0.006470 0.995582
1305031119.911401 -0.065237 0.199089 0.106531 -0.085420 -0.033362 -0.006088 0.995768
1305031119.947392 -0.063630 0.205321 0.104423 -0.090284 -0.032291 -0.006208 0.995373
1305031119.979537 -0.063099 0.209582 0.103347 -0.093488 -0.029166 -0.007199 0.995167
1305031120.015264 -0.068081 0.222842 0.097815 -0.095141 -0.023660 -0.005398 0.995168
1305031120.047290 -0.070119 0.223834 0.099715 -0.103490 -0.022558 -0.003494 0.994369
1305031120.079418 -0.072651 0.225596 0.104931 -0.104744 -0.024374 -0.000652 0.994200
1305031120.115232 -0.072432 0.229533 0.102463 -0.105229 -0.026811 0.000665 0.994086
1305031120.148157 -0.068832 0.228378 0.104165 -0.107088 -0.029116 0.002036 0.993821
1305031120.179246 -0.068934 0.222781 0.106873 -0.107062 -0.028355 0.004175 0.993839
1305031120.215249 -0.069040 0.215303 0.109867 -0.104113 -0.028698 0.003912 0.994144
1305031120.248003 -0.067008 0.212038 0.108757 -0.099673 -0.029463 0.001765 0.994582
1305031120.279430 -0.066995 0.204413 0.110693 -0.097255 -0.028609 0.000095 0.994848
1305031120.315196 -0.066416 0.196979 0.112702 -0.094611 -0.028468 -0.002043 0.995105
1305031120.347787 -0.067201 0.188974 0.116350 -0.091069 -0.027784 -0.003526 0.995451
1305031120.379437 -0.066713 0.176771 0.119416 -0.090698 -0.028129 -0.003836 0.995474
1305031120.415445 -0.067785 0.163417 0.128193 -0.085370 -0.028400 -0.003815 0.995937
1305031120.447417 -0.065387 0.156542 0.131761 -0.077854 -0.030364 -0.003605 0.996496
1305031120.479432 -0.065238 0.145722 0.135532 -0.074902 -0.031071 -0.002479 0.996704
1305031120.514819 -0.068613 0.132739 0.143039 -0.069318 -0.031865 -0.001089 0.997085
1305031120.547736 -0.068863 0.124033 0.146321 -0.062474 -0.034847 0.000729 0.997438
1305031120.579551 -0.066502 0.115702 0.149377 -0.059531 -0.039911 0.005068 0.997415
1305031120.615236 -0.063895 0.106494 0.156917 -0.055784 -0.045433 0.007510 0.997380
1305031120.647354 -0.064405 0.098672 0.160279 -0.050274 -0.047676 0.007247 0.997571
1305031120.679318 -0.059955 0.091302 0.164139 -0.047669 -0.050684 0.008743 0.997538
1305031120.714522 -0.056496 0.083362 0.168766 -0.045435 -0.052742 0.010612 0.997518
1305031120.747369 -0.057397 0.073098 0.173759 -0.044666 -0.054846 0.010858 0.997436
1305031120.779894 -0.057041 0.061798 0.178814 -0.042768 -0.056766 0.010242 0.997418
1305031120.814944 -0.052642 0.054563 0.182653 -0.040194 -0.058921 0.010683 0.997396
1305031120.847921 -0.052402 0.047503 0.184680 -0.039690 -0.059817 0.008798 0.997381
1305031120.883435 -0.051074 0.032934 0.190197 -0.039265 -0.059798 0.006444 0.997417
1305031120.915444 -0.049161 0.028575 0.191256 -0.036491 -0.059047 0.005372 0.997574
1305031120.947488 -0.049498 0.017995 0.195405 -0.037171 -0.058784 0.003480 0.997572
1305031120.983366 -0.051624 0.007211 0.199216 -0.037094 -0.058124 0.000782 0.997620
1305031121.015019 -0.053117 -0.003197 0.203026 -0.035756 -0.058372 -0.000639 0.997654
1305031121.047498 -0.052476 -0.009014 0.202730 -0.034244 -0.058365 -0.001351 0.997707
1305031121.083099 -0.056310 -0.023797 0.208943 -0.034903 -0.058701 -0.002846 0.997661
1305031121.114696 -0.055727 -0.032303 0.210050 -0.032351 -0.060278 -0.002550 0.997654
1305031121.147331 -0.055915 -0.041880 0.211464 -0.030953 -0.060993 -0.002799 0.997654
1305031121.183271 -0.058084 -0.051493 0.214578 -0.029113 -0.061623 -0.003832 0.997667
1305031121.211420 -0.054537 -0.065325 0.217132 -0.028695 -0.062515 -0.003564 0.997625
1305031121.247194 -0.054388 -0.068859 0.217757 -0.025121 -0.061445 -0.003129 0.997789
1305031121.282876 -0.057944 -0.079725 0.220773 -0.025209 -0.061671 -0.002975 0.997774
1305031121.313568 -0.055490 -0.095747 0.226973 -0.025298 -0.062897 -0.001598 0.997698
1305031121.347517 -0.059723 -0.100636 0.226995 -0.021773 -0.062754 -0.000741 0.997791
1305031121.383226 -0.056391 -0.116176 0.232918 -0.022340 -0.065168 -0.000045 0.997624
1305031121.414318 -0.056480 -0.125789 0.235182 -0.018188 -0.064445 -0.001303 0.997755
1305031121.447319 -0.057308 -0.129875 0.234524 -0.015344 -0.063533 -0.000662 0.997862
1305031121.482964 -0.053949 -0.146697 0.239129 -0.015898 -0.062477 0.000708 0.997920
1305031121.514107 -0.056825 -0.148329 0.241348 -0.010666 -0.060233 0.001680 0.998126
1305031121.547270 -0.055838 -0.155702 0.239122 -0.012033 -0.060150 0.002027 0.998115
1305031121.583204 -0.054803 -0.167607 0.244447 -0.014425 -0.059168 0.001415 0.998143
1305031121.614700 -0.054764 -0.177634 0.248358 -0.013858 -0.057597 -0.000011 0.998244
1305031121.647183 -0.054171 -0.182769 0.247816 -0.012720 -0.053342 -0.002417 0.998492
1305031121.683200 -0.055509 -0.189905 0.250227 -0.014844 -0.049400 -0.003660 0.998662
1305031121.714520 -0.063911 -0.198968 0.252190 -0.016002 -0.046028 -0.003491 0.998806
1305031121.747145 -0.061813 -0.203871 0.252985 -0.017629 -0.046463 -0.002715 0.998761
1305031121.782835 -0.060333 -0.210762 0.257362 -0.019565 -0.046648 -0.000367 0.998720
1305031121.811540 -0.056894 -0.215023 0.260163 -0.020854 -0.046538 0.001636 0.998697
1305031121.847335 -0.056686 -0.218730 0.261966 -0.022874 -0.045030 0.004510 0.998714
1305031121.882060 -0.059027 -0.220632 0.263894 -0.025118 -0.044083 0.010407 0.998658
1305031121.914931 -0.057934 -0.220419 0.264379 -0.026722 -0.046286 0.013561 0.998479
1305031121.947288 -0.056935 -0.220706 0.266192 -0.026745 -0.048700 0.012567 0.998376
1305031121.982926 -0.053157 -0.218018 0.264909 -0.026902 -0.049374 0.012714 0.998337
1305031122.014256 -0.054746 -0.214622 0.264375 -0.027477 -0.048983 0.011114 0.998360
1305031122.047306 -0.055229 -0.209100 0.262180 -0.026260 -0.050092 0.007317 0.998372
1305031122.082959 -0.052624 -0.202317 0.259981 -0.025216 -0.051408 0.003908 0.998352
1305031122.114672 -0.052948 -0.191952 0.256525 -0.023433 -0.051428 0.000467 0.998402
1305031122.150725 -0.051383 -0.181594 0.251992 -0.023092 -0.052061 -0.004594 0.998366
1305031122.183042 -0.050050 -0.171077 0.249100 -0.020921 -0.051282 -0.010083 0.998414
1305031122.214959 -0.049767 -0.146231 0.237482 -0.019245 -0.049444 -0.015040 0.998478
1305031122.251319 -0.050461 -0.141557 0.234757 -0.026629 -0.048778 -0.018035 0.998292
1305031122.283560 -0.057683 -0.127219 0.232391 -0.026143 -0.047470 -0.021326 0.998303
1305031122.314289 -0.056660 -0.105272 0.219857 -0.028491 -0.049615 -0.025453 0.998037
1305031122.351327 -0.062095 -0.095640 0.217937 -0.035089 -0.050332 -0.028857 0.997699
1305031122.382630 -0.064941 -0.082355 0.213246 -0.039199 -0.051658 -0.029495 0.997459
1305031122.414997 -0.068847 -0.077722 0.210707 -0.044838 -0.054953 -0.030443 0.997017
1305031122.451257 -0.070620 -0.065613 0.205427 -0.046512 -0.059142 -0.028994 0.996744
1305031122.483360 -0.068415 -0.055335 0.199551 -0.049607 -0.065052 -0.028402 0.996243
1305031122.515097 -0.068860 -0.045314 0.194330 -0.050884 -0.068607 -0.030699 0.995872
1305031122.551490 -0.062384 -0.033283 0.189470 -0.051865 -0.071802 -0.031492 0.995572
1305031122.583208 -0.064004 -0.024174 0.185110 -0.053675 -0.069915 -0.032929 0.995563
1305031122.614980 -0.069777 -0.015546 0.180357 -0.054431 -0.068375 -0.032657 0.995638
1305031122.648788 -0.066152 -0.005846 0.176337 -0.053771 -0.071864 -0.030720 0.995490
1305031122.683402 -0.068365 0.007422 0.170042 -0.052213 -0.072131 -0.029417 0.995593
1305031122.715208 -0.070560 0.018857 0.166524 -0.051681 -0.074399 -0.026884 0.995526
1305031122.751298 -0.068043 0.032891 0.160281 -0.050175 -0.077451 -0.027147 0.995363
1305031122.783423 -0.067243 0.047048 0.154678 -0.052505 -0.077689 -0.027850 0.995205
1305031122.812555 -0.067608 0.055976 0.151322 -0.057412 -0.076388 -0.028735 0.995009
1305031122.851418 -0.061285 0.059988 0.152158 -0.061874 -0.074828 -0.030257 0.994815
1305031122.883754 -0.064663 0.071897 0.147940 -0.064122 -0.067043 -0.030089 0.995233
1305031122.914571 -0.068272 0.077657 0.145901 -0.068371 -0.063648 -0.028808 0.995211
1305031122.951341 -0.071773 0.083874 0.144483 -0.069654 -0.061666 -0.028988 0.995241
1305031122.982815 -0.072787 0.095092 0.140477 -0.070703 -0.061406 -0.024521 0.995304
1305031123.015450 -0.074253 0.100898 0.139222 -0.073508 -0.061873 -0.022333 0.995123
1305031123.051827 -0.071828 0.105927 0.138187 -0.073825 -0.062569 -0.020698 0.995091
1305031123.082975 -0.070930 0.118139 0.132600 -0.072117 -0.061790 -0.018281 0.995313
1305031123.113873 -0.073195 0.129468 0.127583 -0.074441 -0.059242 -0.016362 0.995330
1305031123.150822 -0.072401 0.137381 0.126344 -0.077450 -0.059067 -0.015967 0.995117
1305031123.182155 -0.069492 0.145806 0.124189 -0.080607 -0.058072 -0.015630 0.994930
1305031123.214704 -0.065652 0.153331 0.122478 -0.085958 -0.054723 -0.016050 0.994665
1305031123.250618 -0.067370 0.169002 0.118729 -0.089435 -0.050124 -0.016978 0.994586
1305031123.282347 -0.067979 0.177290 0.118742 -0.098230 -0.046458 -0.014574 0.993972
1305031123.311327 -0.065774 0.184612 0.119648 -0.104334 -0.043207 -0.014310 0.993500
1305031123.350481 -0.065029 0.192000 0.119215 -0.109936 -0.039146 -0.013696 0.993073
1305031123.382255 -0.065295 0.201472 0.117624 -0.114099 -0.033823 -0.010351 0.992839
1305031123.411363 -0.064024 0.206382 0.118607 -0.118314 -0.029691 -0.008736 0.992494
1305031123.451255 -0.064614 0.215160 0.117393 -0.120367 -0.026681 -0.007280 0.992344
1305031123.483594 -0.065831 0.223278 0.114347 -0.124552 -0.023763 -0.003133 0.991924
1305031123.511360 -0.061442 0.230702 0.114642 -0.127261 -0.024117 -0.000501 0.991576
1305031123.551513 -0.062120 0.237557 0.113948 -0.129235 -0.023669 0.001938 0.991330
1305031123.579583 -0.061010 0.245926 0.112173 -0.130744 -0.023202 0.005059 0.991132
1305031123.611335 -0.058068 0.252312 0.110371 -0.132625 -0.022692 0.006286 0.990887
1305031123.652411 -0.058532 0.257667 0.107777 -0.137492 -0.019521 0.006108 0.990292
1305031123.683753 -0.055534 0.266732 0.107871 -0.140221 -0.017074 0.007119 0.989947
1305031123.711323 -0.055286 0.275266 0.105083 -0.143267 -0.012996 0.008469 0.989563
1305031123.751723 -0.056426 0.278674 0.106881 -0.146748 -0.010720 0.010690 0.989058
1305031123.783858 -0.057998 0.280662 0.107605 -0.148793 -0.010438 0.012721 0.988731
1305031123.811608 -0.055932 0.284331 0.106851 -0.148618 -0.011544 0.013121 0.988740
1305031123.851444 -0.056494 0.287904 0.106577 -0.148115 -0.011385 0.015885 0.988777
1305031123.883786 -0.056980 0.287136 0.108817 -0.147258 -0.012753 0.015765 0.988890
1305031123.911243 -0.057509 0.281907 0.108073 -0.146065 -0.013736 0.015552 0.989057
1305031123.951442 -0.055280 0.280224 0.105772 -0.146347 -0.015186 0.017234 0.988967
1305031123.983415 -0.059087 0.281325 0.108868 -0.144662 -0.015965 0.019219 0.989166
1305031124.011302 -0.060775 0.273851 0.113044 -0.139906 -0.019446 0.018642 0.989798
1305031124.051505 -0.060364 0.267489 0.114208 -0.136951 -0.022711 0.019632 0.990123
1305031124.083837 -0.059347 0.262085 0.115577 -0.135167 -0.026110 0.020273 0.990271
1305031124.111331 -0.057375 0.250205 0.122339 -0.130778 -0.030444 0.019257 0.990757
1305031124.147446 -0.054950 0.245561 0.123825 -0.125021 -0.032904 0.017496 0.991454
1305031124.182694 -0.055052 0.237374 0.127356 -0.123411 -0.034181 0.015184 0.991651
1305031124.211396 -0.056108 0.224986 0.132895 -0.118655 -0.035025 0.013384 0.992227
1305031124.249327 -0.058194 0.219646 0.133196 -0.112311 -0.035504 0.013436 0.992948
1305031124.282545 -0.056125 0.209612 0.136026 -0.112892 -0.041176 0.013850 0.992657
1305031124.311361 -0.057804 0.199637 0.141287 -0.108574 -0.044410 0.014093 0.992996
1305031124.350354 -0.057222 0.188939 0.143197 -0.104607 -0.048092 0.012781 0.993268
1305031124.382420 -0.055692 0.179889 0.145355 -0.100300 -0.050816 0.011536 0.993592
1305031124.411439 -0.056059 0.167897 0.148450 -0.095695 -0.052141 0.010820 0.993985
1305031124.450245 -0.055831 0.155335 0.150580 -0.089735 -0.053403 0.008622 0.994496
1305031124.480099 -0.056951 0.143787 0.152594 -0.083355 -0.054234 0.006478 0.995022
1305031124.511324 -0.056282 0.133007 0.154759 -0.077194 -0.056528 0.004730 0.995401
1305031124.550437 -0.056963 0.124948 0.155407 -0.071648 -0.057960 0.002225 0.995742
1305031124.579404 -0.057809 0.113334 0.158542 -0.067663 -0.060375 -0.000148 0.995880
1305031124.611358 -0.056918 0.100875 0.162877 -0.062951 -0.063364 -0.001967 0.996001
1305031124.651271 -0.055355 0.089478 0.165361 -0.059234 -0.066395 -0.003298 0.996028
1305031124.679362 -0.054962 0.074145 0.170562 -0.056351 -0.068322 -0.005220 0.996057
1305031124.711251 -0.052702 0.065001 0.172844 -0.051183 -0.069313 -0.006801 0.996258
1305031124.749890 -0.051735 0.053832 0.177682 -0.048434 -0.070002 -0.007683 0.996341
1305031124.779365 -0.056361 0.041660 0.181904 -0.045078 -0.069503 -0.009310 0.996519
1305031124.811360 -0.052072 0.031600 0.185707 -0.042632 -0.072201 -0.008659 0.996441
1305031124.850535 -0.052110 0.017980 0.193515 -0.043024 -0.073838 -0.008955 0.996302
1305031124.879355 -0.049222 0.002984 0.200346 -0.041590 -0.074830 -0.009951 0.996279
1305031124.911448 -0.047849 -0.003934 0.203441 -0.039311 -0.072591 -0.009356 0.996543
1305031124.950730 -0.048153 -0.012769 0.207250 -0.040548 -0.071052 -0.010039 0.996598
1305031124.979438 -0.054060 -0.036004 0.218133 -0.043089 -0.068502 -0.009234 0.996677
1305031125.011454 -0.058731 -0.045534 0.221581 -0.037992 -0.069404 -0.008022 0.996833
1305031125.050763 -0.053192 -0.049474 0.226157 -0.034067 -0.073582 -0.007129 0.996682
1305031125.079364 -0.051984 -0.059784 0.232340 -0.034903 -0.073212 -0.003509 0.996699
1305031125.111364 -0.055333 -0.074025 0.236803 -0.035384 -0.073177 -0.002407 0.996688
1305031125.151013 -0.052711 -0.084321 0.242089 -0.031852 -0.074601 -0.003991 0.996697
1305031125.179353 -0.053501 -0.082591 0.240116 -0.029126 -0.071559 -0.003456 0.997005
1305031125.211320 -0.052363 -0.096124 0.245430 -0.033443 -0.070998 -0.003101 0.996911
1305031125.250632 -0.056193 -0.113249 0.252523 -0.033860 -0.070106 -0.005496 0.996950
1305031125.279467 -0.056468 -0.115654 0.253763 -0.029671 -0.070167 -0.006170 0.997075
1305031125.311493 -0.060045 -0.127929 0.255309 -0.030447 -0.067170 -0.006009 0.997259
1305031125.348880 -0.059360 -0.135432 0.259381 -0.027033 -0.066777 -0.009194 0.997359
1305031125.379401 -0.055573 -0.137021 0.258971 -0.025592 -0.065599 -0.013260 0.997430
1305031125.411335 -0.054109 -0.146083 0.264051 -0.027114 -0.059932 -0.014049 0.997735
1305031125.451195 -0.055673 -0.150527 0.263965 -0.029309 -0.054008 -0.016204 0.997979
1305031125.479424 -0.057876 -0.160761 0.269974 -0.030093 -0.049681 -0.017855 0.998152
1305031125.511316 -0.055909 -0.161073 0.270214 -0.028873 -0.046686 -0.018303 0.998324
1305031125.551020 -0.056427 -0.164585 0.270926 -0.030026 -0.043333 -0.020056 0.998408
1305031125.579308 -0.055984 -0.167218 0.271415 -0.031594 -0.039855 -0.022735 0.998447
1305031125.611533 -0.058165 -0.171559 0.272944 -0.031405 -0.035973 -0.022775 0.998599
1305031125.650575 -0.064613 -0.172511 0.271737 -0.026869 -0.034047 -0.019586 0.998867
1305031125.679328 -0.065204 -0.164772 0.264282 -0.021499 -0.038090 -0.018076 0.998880
1305031125.711443 -0.063222 -0.165906 0.264341 -0.021019 -0.044343 -0.016225 0.998663
1305031125.751260 -0.057629 -0.153949 0.258634 -0.014822 -0.048365 -0.014050 0.998621
1305031125.779348 -0.056093 -0.146537 0.252685 -0.014656 -0.049373 -0.017050 0.998527
1305031125.811573 -0.054338 -0.136236 0.247429 -0.013497 -0.048862 -0.018794 0.998537
1305031125.847412 -0.055426 -0.129584 0.242873 -0.016179 -0.046863 -0.019842 0.998573
1305031125.879318 -0.060447 -0.121538 0.238986 -0.016300 -0.045972 -0.021393 0.998581
1305031125.911305 -0.061154 -0.103899 0.232810 -0.017245 -0.049132 -0.019725 0.998449
1305031125.947343 -0.067882 -0.097805 0.231188 -0.021301 -0.053938 -0.017602 0.998162
1305031125.979324 -0.064522 -0.087567 0.229167 -0.022178 -0.062635 -0.013642 0.997697
1305031126.011333 -0.060513 -0.073925 0.223181 -0.023255 -0.068804 -0.014416 0.997255
1305031126.047324 -0.056753 -0.059184 0.219112 -0.025147 -0.070719 -0.014318 0.997076
1305031126.079356 -0.053593 -0.045422 0.215981 -0.028884 -0.070038 -0.013044 0.997041
1305031126.111370 -0.055221 -0.038628 0.214815 -0.034339 -0.068517 -0.014357 0.996955
1305031126.147432 -0.053408 -0.022281 0.212292 -0.035907 -0.067813 -0.012346 0.996975
1305031126.179384 -0.054519 -0.005875 0.207749 -0.041190 -0.067418 -0.011609 0.996807
1305031126.211319 -0.053395 0.001787 0.209775 -0.046938 -0.068401 -0.011717 0.996484
1305031126.247298 -0.051931 0.017698 0.204783 -0.049000 -0.067249 -0.011620 0.996465
1305031126.279363 -0.050055 0.029770 0.203955 -0.053466 -0.066075 -0.012926 0.996297
1305031126.311332 -0.047649 0.043638 0.200771 -0.057198 -0.063627 -0.014178 0.996232
1305031126.347363 -0.047780 0.054449 0.199269 -0.061650 -0.059822 -0.016278 0.996170
1305031126.379423 -0.049912 0.063604 0.196617 -0.066469 -0.056081 -0.017229 0.996062
1305031126.411465 -0.051808 0.076031 0.192333 -0.070342 -0.053510 -0.019343 0.995899
1305031126.447361 -0.052513 0.084291 0.191178 -0.075131 -0.052035 -0.018500 0.995643
1305031126.479533 -0.055390 0.092121 0.188246 -0.078318 -0.051118 -0.016148 0.995486
1305031126.511410 -0.054405 0.108673 0.183065 -0.079301 -0.053073 -0.014583 0.995330
1305031126.547374 -0.051570 0.117731 0.179828 -0.085286 -0.053985 -0.013773 0.994798
1305031126.579454 -0.049491 0.125037 0.179066 -0.090393 -0.052512 -0.012124 0.994447
1305031126.611528 -0.049270 0.132679 0.177114 -0.096203 -0.050583 -0.010724 0.994018
1305031126.647376 -0.047692 0.134604 0.178454 -0.102438 -0.049258 -0.008322 0.993484
1305031126.679479 -0.046790 0.139066 0.176617 -0.105224 -0.047137 -0.004014 0.993323
1305031126.711583 -0.045812 0.145007 0.173121 -0.108149 -0.045516 -0.000990 0.993092
1305031126.747316 -0.044448 0.146603 0.173679 -0.110251 -0.044299 0.001863 0.992914
1305031126.779379 -0.043851 0.152379 0.170394 -0.109582 -0.043129 0.004839 0.993030
1305031126.811602 -0.039421 0.154677 0.168393 -0.110687 -0.042389 0.005347 0.992937
1305031126.847343 -0.039563 0.159187 0.165534 -0.110339 -0.038064 0.005726 0.993148
1305031126.879357 -0.037615 0.161148 0.164483 -0.111500 -0.036932 0.006698 0.993055
1305031126.911364 -0.035580 0.161469 0.163440 -0.112235 -0.035407 0.005946 0.993033
1305031126.947437 -0.038517 0.166595 0.160502 -0.110927 -0.032804 0.007728 0.993257
1305031126.979337 -0.037504 0.164077 0.160738 -0.112579 -0.034189 0.008879 0.993015
1305031127.011371 -0.036485 0.164147 0.160417 -0.111044 -0.035476 0.009382 0.993138
1305031127.047297 -0.037371 0.165642 0.159314 -0.109564 -0.035325 0.010214 0.993299
1305031127.079299 -0.036226 0.163093 0.160053 -0.110993 -0.036391 0.010700 0.993097
1305031127.111435 -0.039038 0.162243 0.160351 -0.110298 -0.037523 0.011548 0.993123
1305031127.147307 -0.040172 0.159054 0.161574 -0.109516 -0.040612 0.012029 0.993082
1305031127.179349 -0.039592 0.159081 0.161906 -0.106822 -0.043879 0.011434 0.993244
1305031127.211700 -0.038010 0.155135 0.163217 -0.107187 -0.045933 0.011106 0.993115
1305031127.247374 -0.037333 0.152655 0.164733 -0.104987 -0.046406 0.010447 0.993335
1305031127.279465 -0.038717 0.152648 0.164756 -0.101762 -0.046103 0.009322 0.993696
1305031127.311362 -0.041646 0.151070 0.165026 -0.101497 -0.045732 0.008417 0.993748
1305031127.347356 -0.040612 0.145414 0.169474 -0.100583 -0.048231 0.008146 0.993726
1305031127.379262 -0.041005 0.144997 0.169973 -0.097495 -0.049252 0.008017 0.993984
1305031127.411371 -0.041999 0.143691 0.170964 -0.096911 -0.050060 0.006997 0.994009
1305031127.447333 -0.043229 0.137726 0.174507 -0.097433 -0.051030 0.006577 0.993911
1305031127.479362 -0.042368 0.138175 0.175217 -0.094970 -0.052719 0.006102 0.994064
1305031127.511356 -0.043670 0.137918 0.176408 -0.095534 -0.053486 0.004747 0.993977
1305031127.547348 -0.044460 0.134223 0.179168 -0.095765 -0.054154 0.004684 0.993919
1305031127.579345 -0.044602 0.134206 0.180096 -0.093729 -0.054805 0.004518 0.994078
1305031127.611271 -0.044046 0.135649 0.180166 -0.093354 -0.055610 0.004520 0.994068
1305031127.647358 -0.043846 0.131382 0.183170 -0.095450 -0.056173 0.005777 0.993831
1305031127.679298 -0.044594 0.128868 0.184111 -0.094638 -0.056387 0.006541 0.993892
1305031127.711375 -0.042837 0.131419 0.183099 -0.093027 -0.058020 0.006484 0.993951
1305031127.747304 -0.042845 0.130161 0.184532 -0.094080 -0.058551 0.006397 0.993821
1305031127.779346 -0.044120 0.126382 0.185980 -0.094095 -0.058233 0.006451 0.993838
1305031127.811829 -0.043230 0.126835 0.184770 -0.092534 -0.059089 0.005546 0.993939
1305031127.847366 -0.044547 0.126726 0.184318 -0.092426 -0.058612 0.004549 0.993983
1305031127.879380 -0.046571 0.125883 0.184907 -0.092463 -0.058190 0.003960 0.994006
1305031127.911476 -0.045702 0.125750 0.185175 -0.092034 -0.059674 0.003808 0.993959
1305031127.947366 -0.046156 0.127234 0.185095 -0.092081 -0.060452 0.003867 0.993907
1305031127.979371 -0.048284 0.128183 0.185565 -0.092813 -0.060258 0.003607 0.993852
1305031128.011427 -0.045683 0.127017 0.187879 -0.094512 -0.061429 0.003361 0.993621
1305031128.047369 -0.045739 0.124978 0.190329 -0.097365 -0.060332 0.004328 0.993409
1305031128.079334 -0.045296 0.122343 0.193080 -0.097805 -0.060408 0.005612 0.993355
1305031128.111391 -0.044869 0.120471 0.194914 -0.097944 -0.060811 0.006324 0.993312
1305031128.147418 -0.044155 0.119736 0.196135 -0.098828 -0.061125 0.007745 0.993195
1305031128.179350 -0.043149 0.115723 0.198773 -0.099172 -0.061535 0.009189 0.993123
1305031128.211447 -0.042591 0.116567 0.199222 -0.096896 -0.061903 0.009486 0.993322
1305031128.247480 -0.042670 0.118139 0.198382 -0.096506 -0.062314 0.009914 0.993330
1305031128.279336 -0.043528 0.114532 0.200319 -0.097729 -0.062275 0.009741 0.993215
1305031128.311483 -0.043276 0.115310 0.199346 -0.096128 -0.062431 0.009071 0.993368
1305031128.347423 -0.043256 0.116038 0.199235 -0.095777 -0.062694 0.008421 0.993391
1305031128.379404 -0.043663 0.114771 0.200072 -0.096326 -0.063120 0.006938 0.993322
1305031128.411337 -0.044638 0.113018 0.199772 -0.096075 -0.062696 0.005348 0.993383
1305031128.447296 -0.045036 0.114151 0.198972 -0.095080 -0.062750 0.004332 0.993480
1305031128.479296 -0.045094 0.112495 0.199605 -0.095894 -0.063070 0.003463 0.993385
1305031128.511433 -0.044518 0.111916 0.199852 -0.095568 -0.063185 0.002858 0.993411
1305031128.547399 -0.043698 0.115052 0.198828 -0.093632 -0.063139 0.002537 0.993600
1305031128.579455 -0.045444 0.110259 0.199534 -0.095038 -0.061630 0.001983 0.993562
1305031128.611395 -0.046412 0.109648 0.198781 -0.093859 -0.061399 0.002490 0.993687
1305031128.647352 -0.048268 0.111006 0.197688 -0.092693 -0.061793 0.002614 0.993772
