# TF Coordinate Frame ID: openni_rgb_optical_frame(data: openni_rgb_optical_frame)
1305031102.175304 -0.000362 -0.001786 -0.008776 0.000008 0.001098 -0.001369 0.999998
1305031102.211214 0.003421 0.006250 -0.000611 -0.001793 -0.004023 -0.001666 0.999989
1305031102.243211 -0.000695 0.008960 0.004326 -0.006549 -0.005597 -0.001937 0.999961
1305031102.275326 -0.002281 0.007218 0.023951 -0.012215 -0.008321 -0.002351 0.999888
1305031102.311267 -0.003592 0.005045 0.037499 -0.017554 -0.009575 -0.001594 0.999799
1305031102.343233 -0.006253 0.004080 0.052173 -0.020266 -0.011161 -0.000543 0.999732
1305031102.375329 -0.000515 0.005229 0.066760 -0.022766 -0.015002 0.001262 0.999627
1305031102.411258 -0.004928 0.010905 0.077418 -0.022783 -0.016697 -0.000369 0.999601
1305031102.443271 -0.002719 0.018215 0.084826 -0.026584 -0.020934 -0.000009 0.999427
1305031102.475318 -0.003762 0.016463 0.094418 -0.033957 -0.022203 -0.000971 0.999176
1305031102.511219 -0.003122 0.020767 0.130961 -0.039006 -0.023848 -0.001007 0.998954
1305031102.575286 0.000494 0.011192 0.142778 -0.047947 -0.021225 -0.004820 0.998613
1305031102.611233 0.000187 0.008177 0.165202 -0.047096 -0.019677 -0.003003 0.998692
1305031102.643265 -0.007910 0.011890 0.169500 -0.044827 -0.015278 -0.003449 0.998872
1305031102.675285 -0.008307 0.018134 0.175301 -0.043993 -0.016545 -0.002319 0.998892
1305031102.711263 -0.012160 0.018331 0.190358 -0.044895 -0.015407 -0.001837 0.998871
1305031102.743234 -0.009223 0.022359 0.198107 -0.046055 -0.017092 -0.000039 0.998793
1305031102.775472 -0.003997 0.024053 0.210953 -0.048043 -0.016580 -0.001758 0.998706
1305031102.811232 -0.004736 0.026499 0.225642 -0.049453 -0.013841 -0.002471 0.998678
1305031102.843290 -0.008025 0.029155 0.236491 -0.050666 -0.008364 -0.004095 0.998672
1305031102.875363 -0.011831 0.029202 0.249372 -0.050831 -0.004387 -0.007136 0.998672
1305031102.911185 -0.013240 0.031331 0.262312 -0.050950 -0.002844 -0.007719 0.998667
1305031102.943229 -0.020279 0.037291 0.273325 -0.049429 -0.000496 -0.008953 0.998737
1305031102.975203 -0.028681 0.040085 0.284239 -0.049528 -0.004501 -0.010556 0.998707
1305031103.011215 -0.029560 0.044566 0.296068 -0.049988 -0.010569 -0.007567 0.998665
1305031103.043227 -0.031155 0.046563 0.307276 -0.052349 -0.016231 -0.005187 0.998483
1305031103.075319 -0.024468 0.048191 0.322050 -0.051897 -0.022713 -0.001779 0.998393
1305031103.111240 -0.024186 0.055769 0.330186 -0.049494 -0.022731 -0.000566 0.998516
1305031103.143318 -0.024872 0.057782 0.335982 -0.050830 -0.021688 0.000400 0.998472
1305031103.175452 -0.025406 0.062231 0.345134 -0.051671 -0.019985 0.000835 0.998464
1305031103.211220 -0.026729 0.073662 0.365929 -0.053674 -0.021052 0.002223 0.998334
1305031103.275370 -0.036187 0.070802 0.362896 -0.073241 -0.017261 0.007875 0.997134
1305031103.311210 -0.035544 0.070229 0.376433 -0.079403 -0.029037 0.008519 0.996383
1305031103.343223 -0.027520 0.073976 0.383305 -0.078610 -0.036687 0.009154 0.996188
1305031103.375327 -0.024267 0.071044 0.386350 -0.084449 -0.036970 0.012331 0.995665
1305031103.411260 -0.023984 0.071463 0.390679 -0.084867 -0.037935 0.014136 0.995570
1305031103.443280 -0.023763 0.069562 0.390877 -0.084969 -0.041386 0.013663 0.995430
1305031103.475274 -0.023113 0.067183 0.387606 -0.084517 -0.044418 0.012054 0.995359
1305031103.511333 -0.018673 0.065106 0.388656 -0.081372 -0.049234 0.010823 0.995408
1305031103.543444 -0.017938 0.061018 0.383266 -0.077520 -0.051479 0.009552 0.995615
1305031103.575474 -0.022137 0.058567 0.373640 -0.072700 -0.050779 0.009091 0.996019
1305031103.611223 -0.026656 0.056159 0.360703 -0.069002 -0.050914 0.009588 0.996270
1305031103.643445 -0.023991 0.052206 0.353933 -0.066476 -0.056753 0.011322 0.996108
1305031103.675523 -0.018773 0.047960 0.344722 -0.064421 -0.061489 0.012025 0.995954
1305031103.711610 -0.015686 0.044279 0.333989 -0.062281 -0.063390 0.012046 0.995971
1305031103.743326 -0.012553 0.038756 0.321857 -0.060044 -0.063778 0.011521 0.996090
1305031103.775342 -0.010871 0.036442 0.311408 -0.056966 -0.063773 0.008897 0.996298
1305031103.811242 -0.008996 0.033941 0.290315 -0.056740 -0.062951 0.005454 0.996387
1305031103.843251 -0.015415 0.035267 0.270448 -0.057605 -0.059195 0.000796 0.996583
1305031103.875361 -0.017250 0.023919 0.256338 -0.066015 -0.061318 -0.001190 0.995932
1305031103.911221 -0.010684 0.022065 0.255385 -0.064031 -0.068961 -0.001151 0.995562
1305031103.943211 -0.009453 0.016087 0.245624 -0.063918 -0.072507 -0.002060 0.995316
1305031103.975373 -0.004794 0.011115 0.233021 -0.062488 -0.075779 -0.002272 0.995162
1305031104.011232 0.001956 0.000010 0.223056 -0.061161 -0.078472 -0.003449 0.995032
1305031104.043249 0.003713 -0.004278 0.204554 -0.054624 -0.073256 -0.005393 0.995802
1305031104.075425 0.010198 -0.003547 0.189922 -0.049671 -0.070508 -0.007577 0.996245
1305031104.111235 0.013706 -0.007816 0.173353 -0.046229 -0.064884 -0.009040 0.996780
1305031104.143230 0.013941 -0.014372 0.163825 -0.042892 -0.059322 -0.009897 0.997268
1305031104.175424 0.013208 -0.016959 0.150199 -0.038219 -0.055433 -0.010978 0.997670
1305031104.211283 0.013023 -0.021225 0.135596 -0.034487 -0.052226 -0.011177 0.997977
1305031104.243196 0.012274 -0.024840 0.121965 -0.030218 -0.049281 -0.011315 0.998264
1305031104.275546 0.015285 -0.026734 0.109857 -0.025657 -0.047413 -0.012013 0.998474
1305031104.311219 0.015913 -0.027930 0.094400 -0.021345 -0.043336 -0.012489 0.998754
1305031104.343342 0.020740 -0.027111 0.079717 -0.017537 -0.039458 -0.013156 0.998981
1305031104.375837 0.014222 -0.029559 0.060934 -0.015438 -0.032117 -0.013780 0.999270
1305031104.411509 0.014662 -0.027907 0.051725 -0.013570 -0.028890 -0.012257 0.999415
1305031104.443288 0.004604 -0.026140 0.037499 -0.011195 -0.024082 -0.013971 0.999550
1305031104.475456 0.000943 -0.026579 0.028575 -0.011253 -0.023669 -0.013188 0.999570
1305031104.511329 -0.001338 -0.030925 0.023088 -0.011294 -0.027020 -0.011631 0.999503
1305031104.543368 0.001091 -0.034723 0.017417 -0.008993 -0.030548 -0.010092 0.999442
1305031104.575343 0.009236 -0.039829 0.013241 -0.005148 -0.031524 -0.008845 0.999451
1305031104.611336 0.014190 -0.048209 0.019166 0.002743 -0.028944 -0.006589 0.999556
1305031104.643243 0.016977 -0.048392 0.005702 0.015211 -0.021535 -0.006253 0.999633
1305031104.675525 0.022901 -0.051445 -0.003893 0.026288 -0.014547 -0.004558 0.999538
1305031104.711277 0.019675 -0.051287 -0.011973 0.040701 -0.005551 -0.003169 0.999151
1305031104.743280 0.024106 -0.048545 -0.023282 0.054622 0.001620 0.000089 0.998506
1305031104.775327 0.023257 -0.044736 -0.039275 0.067259 0.008856 0.001402 0.997695
1305031104.811465 0.024290 -0.041404 -0.049080 0.078603 0.015678 0.003634 0.996776
1305031104.843258 0.023994 -0.045194 -0.066335 0.085302 0.023555 0.006044 0.996058
1305031104.875350 0.022940 -0.040082 -0.078117 0.091794 0.027761 0.008086 0.995358
1305031104.911534 0.021885 -0.040349 -0.091050 0.092911 0.028917 0.008452 0.995218
1305031104.943262 0.025890 -0.030809 -0.096911 0.095754 0.029334 0.010717 0.994915
1305031104.975202 0.023426 -0.028261 -0.100918 0.094753 0.030589 0.010069 0.994980
1305031105.011290 0.020865 -0.023592 -0.110626 0.091071 0.030177 0.009473 0.995342
1305031105.043373 0.020640 -0.021056 -0.105646 0.084627 0.029754 0.007933 0.995937
1305031105.075320 0.019516 -0.021656 -0.099309 0.077664 0.029212 0.005098 0.996538
1305031105.111299 0.007005 -0.026167 -0.090052 0.070992 0.030630 0.002574 0.997003
1305031105.143106 0.011430 -0.011664 -0.075775 0.067733 0.027091 0.001902 0.997334
1305031105.175159 0.006665 -0.006677 -0.075042 0.055137 0.024427 -0.002764 0.998176
1305031105.211268 -0.002952 -0.014219 -0.056027 0.040800 0.023042 -0.003879 0.998894
1305031105.243270 -0.003683 -0.010260 -0.033608 0.033774 0.016297 -0.005914 0.999279
1305031105.275288 -0.009042 -0.005726 -0.019607 0.024246 0.011146 -0.008046 0.999612
1305031105.311290 -0.014773 -0.008482 -0.003542 0.013674 0.004116 -0.009409 0.999854
1305031105.343302 -0.012258 -0.012759 0.015074 0.003361 -0.003521 -0.007710 0.999958
1305031105.375338 -0.012010 -0.017490 0.039112 -0.001662 -0.009298 -0.007939 0.999924
1305031105.411286 -0.012731 -0.010084 0.046658 -0.005532 -0.014315 -0.008661 0.999845
1305031105.443316 -0.012886 -0.012200 0.063304 -0.013468 -0.019059 -0.008637 0.999690
1305031105.475280 -0.016124 -0.014220 0.080796 -0.017496 -0.021476 -0.009491 0.999571
1305031105.511332 -0.015755 -0.011815 0.091581 -0.021904 -0.024186 -0.009361 0.999424
1305031105.543282 -0.016537 -0.013839 0.105898 -0.026766 -0.024617 -0.008483 0.999303
1305031105.575449 -0.018526 -0.011663 0.122174 -0.029257 -0.025995 -0.008628 0.999197
1305031105.611378 -0.019421 -0.014797 0.140445 -0.033502 -0.026520 -0.007640 0.999058
1305031105.643273 -0.018244 -0.014433 0.157151 -0.034581 -0.028188 -0.005094 0.998991
1305031105.675166 -0.017662 -0.013219 0.167642 -0.036729 -0.029089 -0.004406 0.998892
1305031105.711309 -0.010610 -0.015080 0.188063 -0.037286 -0.029908 -0.003822 0.998850
1305031105.743312 -0.011427 -0.012226 0.201345 -0.035765 -0.025432 -0.003943 0.999029
1305031105.775339 -0.007846 -0.006947 0.212300 -0.034258 -0.021350 -0.004030 0.999177
1305031105.811283 -0.008857 -0.008591 0.229861 -0.034692 -0.016257 -0.002842 0.999262
1305031105.843271 -0.008467 -0.005938 0.242633 -0.032650 -0.012135 -0.002906 0.999389
1305031105.875337 -0.008875 0.000637 0.253980 -0.030655 -0.006054 -0.001233 0.999511
1305031105.911262 -0.007254 0.003345 0.261590 -0.033670 -0.002200 0.003205 0.999425
1305031105.943272 -0.008692 0.006594 0.274458 -0.037003 0.002070 0.005984 0.999295
1305031105.975329 -0.011127 0.013367 0.283241 -0.039888 0.006428 0.007048 0.999159
1305031106.011285 -0.011880 0.016405 0.295019 -0.044811 0.008704 0.008113 0.998925
1305031106.043355 -0.010175 0.022105 0.309139 -0.048292 0.009865 0.009575 0.998739
1305031106.075330 -0.012622 0.025528 0.321810 -0.052684 0.011563 0.010847 0.998485
1305031106.111327 -0.016528 0.033863 0.333680 -0.056335 0.013030 0.011826 0.998257
1305031106.143355 -0.018922 0.036884 0.345884 -0.062994 0.011763 0.013362 0.997855
1305031106.175534 -0.018553 0.038010 0.358963 -0.067682 0.009526 0.014533 0.997556
1305031106.211275 -0.019299 0.037158 0.370284 -0.072495 0.007706 0.015720 0.997215
1305031106.243267 -0.020172 0.042768 0.380728 -0.071146 0.005916 0.019463 0.997258
1305031106.276385 -0.023196 0.047705 0.386856 -0.071739 0.005607 0.020107 0.997205
1305031106.311238 -0.022754 0.050272 0.393097 -0.076110 0.003986 0.023522 0.996814
1305031106.343258 -0.027902 0.059087 0.396566 -0.078581 0.005475 0.022688 0.996634
1305031106.375388 -0.021311 0.059956 0.402191 -0.088469 0.001657 0.017086 0.995931
1305031106.411320 -0.019346 0.051604 0.408821 -0.099321 0.006442 0.011380 0.994970
1305031106.443278 -0.022768 0.052412 0.412196 -0.098305 0.010339 0.006797 0.995079
1305031106.475345 -0.022191 0.051775 0.412309 -0.098112 0.007480 0.007293 0.995121
1305031106.511129 -0.019529 0.049939 0.407742 -0.095411 0.001468 0.008029 0.995405
1305031106.543302 -0.019380 0.050976 0.399772 -0.089756 -0.002828 0.006853 0.995936
1305031106.575282 -0.019023 0.048803 0.392241 -0.086680 -0.005228 0.005830 0.996205
1305031106.611151 -0.022395 0.047798 0.378499 -0.085592 -0.006653 0.002491 0.996305
1305031106.643207 -0.020458 0.042524 0.370832 -0.086286 -0.010727 0.000862 0.996212
1305031106.675279 -0.025623 0.041997 0.358482 -0.083017 -0.011896 0.000219 0.996477
1305031106.711508 -0.026864 0.038626 0.344148 -0.084544 -0.017535 -0.000111 0.996265
1305031106.743341 -0.028019 0.035260 0.332180 -0.083057 -0.024059 -0.000163 0.996254
1305031106.775390 -0.026019 0.031673 0.319862 -0.082639 -0.030798 0.000720 0.996103
1305031106.811289 -0.024867 0.031887 0.303450 -0.081543 -0.035185 0.000027 0.996049
1305031106.843416 -0.021633 0.023055 0.291543 -0.084159 -0.040916 -0.000186 0.995612
1305031106.875905 -0.016585 0.018930 0.281450 -0.078366 -0.046398 -0.003656 0.995838
1305031106.911243 -0.012372 0.015883 0.267087 -0.076064 -0.047687 -0.006602 0.995940
1305031106.943439 -0.010978 0.008513 0.248823 -0.074684 -0.046999 -0.011111 0.996037
1305031106.975547 -0.012821 0.002220 0.235058 -0.068977 -0.043876 -0.015575 0.996531
1305031107.011576 -0.006705 -0.001319 0.218196 -0.064631 -0.044101 -0.017545 0.996780
1305031107.043281 -0.011682 -0.002111 0.194456 -0.061840 -0.038231 -0.020616 0.997141
1305031107.075432 -0.015395 -0.008865 0.184590 -0.058448 -0.036918 -0.021560 0.997375
1305031107.111229 -0.013254 -0.011679 0.168377 -0.054208 -0.037787 -0.022240 0.997567
1305031107.143260 -0.009390 -0.009194 0.149079 -0.050222 -0.037659 -0.022758 0.997768
1305031107.175399 -0.008118 -0.016472 0.137379 -0.049383 -0.036353 -0.023085 0.997851
1305031107.211358 -0.003932 -0.025910 0.130046 -0.045769 -0.035329 -0.023640 0.998047
1305031107.243378 -0.000605 -0.024220 0.116026 -0.037887 -0.032887 -0.024261 0.998446
1305031107.275398 0.003075 -0.027274 0.103463 -0.032373 -0.030200 -0.023395 0.998746
1305031107.311226 0.003128 -0.035591 0.091161 -0.026822 -0.026194 -0.025019 0.998984
1305031107.343509 0.004164 -0.044386 0.080291 -0.017788 -0.021368 -0.025463 0.999289
1305031107.375413 0.006925 -0.039847 0.066321 -0.006401 -0.016363 -0.025199 0.999528
1305031107.411271 0.008774 -0.038970 0.052063 0.000882 -0.010186 -0.025924 0.999612
1305031107.443419 0.012893 -0.037557 0.041373 0.006442 -0.006728 -0.025006 0.999644
1305031107.475377 0.013882 -0.036529 0.033632 0.010424 -0.001315 -0.024577 0.999643
1305031107.511352 0.013996 -0.034220 0.020431 0.012601 0.003672 -0.024972 0.999602
1305031107.543605 0.016176 -0.034196 0.013817 0.009773 0.006573 -0.023387 0.999657
1305031107.575454 0.018540 -0.038428 0.019551 0.008908 0.008273 -0.019922 0.999728
1305031107.611271 0.019760 -0.035364 0.015054 0.009717 0.010079 -0.019385 0.999714
1305031107.643323 0.021692 -0.030423 0.010425 0.007788 0.011206 -0.016917 0.999764
1305031107.675568 0.019361 -0.031038 0.015993 0.006326 0.013017 -0.017898 0.999735
1305031107.711307 0.018536 -0.026416 0.016269 0.005918 0.012990 -0.017062 0.999753
1305031107.743538 0.014893 -0.021283 0.013187 0.003724 0.013096 -0.016508 0.999771
1305031107.775802 0.017659 -0.022045 0.018927 0.000335 0.008952 -0.017285 0.999810
1305031107.811596 0.016946 -0.020082 0.021057 -0.001308 0.007822 -0.018384 0.999800
1305031107.843332 0.019438 -0.018202 0.021857 -0.003708 0.006986 -0.018451 0.999798
1305031107.875358 0.026799 -0.020469 0.031210 -0.004982 0.006460 -0.021164 0.999743
1305031107.911541 0.028379 -0.020639 0.035685 -0.003951 0.009268 -0.024178 0.999657
1305031107.943122 0.032486 -0.020291 0.043203 -0.001866 0.012937 -0.024999 0.999602
1305031107.975807 0.038319 -0.023437 0.043586 -0.000290 0.016961 -0.024492 0.999556
1305031108.011320 0.047130 -0.024271 0.044859 0.003289 0.021197 -0.027609 0.999389
1305031108.043418 0.058787 -0.022540 0.044373 0.005760 0.028391 -0.026280 0.999235
1305031108.075352 0.071800 -0.025646 0.042632 0.006412 0.036488 -0.020389 0.999105
1305031108.111378 0.080465 -0.026674 0.045840 0.008947 0.042653 -0.019476 0.998860
1305031108.143334 0.090778 -0.022890 0.046391 0.012129 0.047074 -0.019584 0.998626
1305031108.176058 0.098903 -0.020072 0.045297 0.010730 0.051477 -0.017396 0.998465
1305031108.211475 0.107674 -0.020168 0.046641 0.005930 0.053901 -0.017833 0.998369
1305031108.243347 0.130145 -0.026591 0.053588 0.003335 0.054758 -0.018051 0.998331
1305031108.275358 0.137302 -0.020174 0.057682 0.005240 0.060120 -0.018361 0.998008
1305031108.311332 0.143968 -0.017305 0.054261 0.002162 0.062897 -0.017567 0.997863
1305031108.343278 0.148483 -0.013558 0.058106 -0.003041 0.062804 -0.016379 0.997887
1305031108.375410 0.158531 -0.012485 0.061981 -0.007936 0.060381 -0.012197 0.998069
1305031108.411361 0.171071 -0.014415 0.066832 -0.013917 0.056120 -0.004827 0.998315
1305031108.443610 0.188489 -0.013128 0.069123 -0.018268 0.052996 0.001905 0.998426
1305031108.475471 0.197906 -0.013937 0.074882 -0.021304 0.053969 0.009081 0.998274
1305031108.511378 0.227899 -0.011458 0.077466 -0.018851 0.051643 0.013978 0.998390
1305031108.543737 0.242137 -0.011018 0.079704 -0.013868 0.058382 0.013643 0.998105
1305031108.575414 0.249338 -0.009700 0.078812 -0.010950 0.064349 0.010984 0.997807
1305031108.611407 0.259410 -0.009120 0.079334 -0.011084 0.071595 0.011643 0.997304
1305031108.643303 0.270075 -0.007638 0.078839 -0.011141 0.077294 0.012719 0.996865
1305031108.675375 0.285843 -0.003996 0.073940 -0.013421 0.080457 0.017576 0.996513
1305031108.711411 0.295500 -0.006141 0.077105 -0.018242 0.088276 0.020854 0.995711
1305031108.743502 0.301321 -0.005693 0.081681 -0.019322 0.094226 0.022161 0.995117
1305031108.775493 0.309846 -0.003768 0.081544 -0.019777 0.098291 0.024246 0.994666
1305031108.811244 0.307922 -0.004860 0.084098 -0.021812 0.103582 0.028915 0.993961
1305031108.843264 0.316158 -0.006451 0.086608 -0.020974 0.101857 0.034879 0.993966
1305031108.876515 0.315932 -0.004981 0.084949 -0.018147 0.099275 0.042146 0.994001
1305031108.911364 0.315282 -0.007001 0.084498 -0.015390 0.096071 0.046139 0.994185
1305031108.943243 0.313767 -0.006916 0.084167 -0.009514 0.092934 0.047923 0.994473
1305031108.975268 0.312004 -0.002047 0.079158 -0.004599 0.086075 0.046565 0.995189
1305031109.011269 0.312524 -0.004270 0.076261 -0.006490 0.080848 0.044654 0.995705
1305031109.043277 0.306954 -0.004664 0.074860 -0.005026 0.079571 0.043079 0.995885
1305031109.075410 0.302754 -0.001362 0.070221 -0.006403 0.075588 0.038577 0.996372
1305031109.111282 0.292076 -0.005411 0.068946 -0.011931 0.075338 0.034946 0.996474
1305031109.143334 0.277150 -0.006436 0.071525 -0.012566 0.074061 0.032561 0.996643
1305031109.175464 0.267816 -0.000992 0.067983 -0.011498 0.066437 0.029104 0.997300
1305031109.211379 0.251306 0.000167 0.063713 -0.017026 0.064197 0.030563 0.997324
1305031109.243290 0.237235 -0.002919 0.062652 -0.026592 0.062655 0.035830 0.997037
1305031109.275308 0.227668 -0.006388 0.068012 -0.029261 0.056637 0.040467 0.997145
1305031109.311329 0.214165 -0.000107 0.066690 -0.024676 0.046532 0.041699 0.997741
1305031109.343248 0.196461 -0.002578 0.063669 -0.029018 0.038188 0.040286 0.998036
1305031109.375397 0.182045 -0.000939 0.065309 -0.031362 0.030735 0.039812 0.998242
1305031109.411329 0.171363 0.002269 0.063999 -0.030602 0.022688 0.035859 0.998631
1305031109.443302 0.157006 0.002951 0.064052 -0.034959 0.017947 0.030606 0.998759
1305031109.475363 0.144880 0.002192 0.064848 -0.037598 0.015117 0.027794 0.998792
1305031109.511273 0.133427 0.002060 0.063545 -0.037142 0.011752 0.023936 0.998954
1305031109.543294 0.119291 -0.001356 0.064251 -0.035733 0.010277 0.021014 0.999088
1305031109.575362 0.102780 0.003021 0.058632 -0.034157 0.011229 0.020769 0.999138
1305031109.611310 0.091029 0.001765 0.055118 -0.035232 0.009177 0.018399 0.999168
1305031109.643229 0.078129 0.002908 0.054130 -0.035198 0.007910 0.016781 0.999208
1305031109.675263 0.060124 0.007021 0.049889 -0.036863 0.009426 0.019954 0.999077
1305031109.711312 0.047762 0.009776 0.049137 -0.039015 0.005812 0.018918 0.999043
1305031109.743274 0.037703 0.011043 0.049679 -0.043572 0.001614 0.018248 0.998882
1305031109.775277 0.025477 0.010263 0.051531 -0.046506 0.000056 0.018523 0.998746
1305031109.811371 0.011383 0.011749 0.052310 -0.048734 -0.001011 0.017918 0.998651
1305031109.843296 -0.003952 0.012811 0.054479 -0.052168 -0.003045 0.017114 0.998487
1305031109.875306 -0.020442 0.013259 0.054950 -0.055836 -0.005349 0.015450 0.998306
1305031109.911265 -0.032370 0.010961 0.063071 -0.057629 -0.012199 0.010577 0.998207
1305031109.943299 -0.037483 0.011720 0.065408 -0.060530 -0.018122 0.007998 0.997970
1305031109.975258 -0.054937 0.017339 0.065122 -0.062735 -0.018830 0.001925 0.997851
1305031110.011256 -0.067099 0.019648 0.070926 -0.064436 -0.021958 -0.004016 0.997672
1305031110.043299 -0.077047 0.019367 0.075267 -0.067387 -0.024209 -0.011072 0.997372
1305031110.075319 -0.095003 0.021717 0.077253 -0.069293 -0.022778 -0.016504 0.997200
1305031110.111325 -0.113028 0.025112 0.078550 -0.072498 -0.022437 -0.021937 0.996875
1305031110.143432 -0.129793 0.023073 0.088701 -0.074274 -0.025109 -0.025889 0.996586
1305031110.175641 -0.139547 0.025492 0.087749 -0.076145 -0.028864 -0.026856 0.996317
1305031110.211637 -0.149460 0.029540 0.090279 -0.077824 -0.032664 -0.028020 0.996038
1305031110.243323 -0.169031 0.024450 0.099254 -0.080326 -0.034233 -0.029306 0.995749
1305031110.279321 -0.178030 0.021079 0.101973 -0.079839 -0.038482 -0.030478 0.995598
1305031110.311404 -0.190713 0.023053 0.102964 -0.076638 -0.041253 -0.031831 0.995697
1305031110.343355 -0.198812 0.026528 0.101413 -0.075006 -0.047423 -0.031616 0.995553
1305031110.379281 -0.210642 0.026243 0.102967 -0.074238 -0.053028 -0.035384 0.995201
1305031110.411469 -0.223943 0.032575 0.100409 -0.072590 -0.058653 -0.037891 0.994914
1305031110.443260 -0.229399 0.038305 0.095895 -0.074865 -0.066694 -0.040465 0.994138
1305031110.479331 -0.244849 0.034719 0.100314 -0.079114 -0.072941 -0.046784 0.993092
1305031110.511429 -0.261932 0.033116 0.102037 -0.080512 -0.078036 -0.051456 0.992361
1305031110.543408 -0.268777 0.039064 0.100606 -0.080920 -0.086016 -0.053755 0.991546
1305031110.579426 -0.275156 0.042133 0.096723 -0.084835 -0.093161 -0.058074 0.990329
1305031110.611307 -0.285739 0.042237 0.102075 -0.088500 -0.096370 -0.062769 0.989414
1305031110.643418 -0.301006 0.036342 0.108270 -0.089378 -0.095894 -0.066381 0.989146
1305031110.679606 -0.307264 0.044690 0.103756 -0.087136 -0.098820 -0.068652 0.988903
1305031110.711412 -0.308662 0.043849 0.104101 -0.090850 -0.102849 -0.069258 0.988115
1305031110.743249 -0.322266 0.043656 0.104703 -0.091123 -0.100974 -0.072910 0.988021
1305031110.779193 -0.325342 0.042659 0.105619 -0.092131 -0.103018 -0.073515 0.987671
1305031110.811386 -0.326899 0.043824 0.104522 -0.092308 -0.103856 -0.075028 0.987453
1305031110.843218 -0.330360 0.046102 0.103770 -0.093055 -0.105511 -0.077535 0.987014
1305031110.879313 -0.329239 0.041669 0.105820 -0.094986 -0.108171 -0.077266 0.986563
1305031110.911333 -0.327343 0.043706 0.104791 -0.094901 -0.109845 -0.077622 0.986358
1305031110.943862 -0.323849 0.044216 0.106673 -0.094873 -0.112063 -0.078341 0.986055
1305031110.979345 -0.313225 0.045487 0.106333 -0.094819 -0.113291 -0.078923 0.985873
1305031111.011431 -0.301096 0.048308 0.107116 -0.094625 -0.110938 -0.077813 0.986247
1305031111.043327 -0.295984 0.045826 0.110306 -0.094850 -0.104589 -0.075432 0.987104
1305031111.079283 -0.288596 0.048540 0.106227 -0.095747 -0.101716 -0.072766 0.987518
1305031111.111508 -0.279760 0.050205 0.109605 -0.095987 -0.099744 -0.069881 0.987904
1305031111.143257 -0.266642 0.042947 0.115631 -0.096930 -0.099544 -0.068065 0.987959
1305031111.179326 -0.252032 0.041259 0.115230 -0.094894 -0.097011 -0.067768 0.988429
1305031111.211433 -0.241238 0.041114 0.113128 -0.093239 -0.088510 -0.064416 0.989607
1305031111.243236 -0.232689 0.040325 0.114349 -0.092330 -0.086135 -0.062785 0.990007
1305031111.279308 -0.220050 0.035690 0.121520 -0.089451 -0.085002 -0.061575 0.990445
1305031111.311547 -0.209164 0.042185 0.115192 -0.083417 -0.079925 -0.055708 0.991741
1305031111.343397 -0.207600 0.046944 0.108837 -0.085328 -0.079422 -0.056997 0.991546
1305031111.379134 -0.190341 0.035736 0.119310 -0.088195 -0.084037 -0.053214 0.991124
1305031111.411296 -0.176112 0.037604 0.122672 -0.082778 -0.086390 -0.050175 0.991548
1305031111.443386 -0.152746 0.032942 0.119208 -0.084771 -0.096224 -0.054960 0.990219
1305031111.479259 -0.124953 0.026777 0.126030 -0.082888 -0.094216 -0.056419 0.990490
1305031111.511264 -0.116549 0.025830 0.123326 -0.079177 -0.081548 -0.054938 0.991999
1305031111.543250 -0.097015 0.020245 0.127656 -0.076434 -0.077825 -0.052157 0.992663
1305031111.579237 -0.084379 0.025135 0.121953 -0.070654 -0.067468 -0.047483 0.994083
1305031111.611271 -0.086415 0.024337 0.111016 -0.071908 -0.056815 -0.040984 0.994948
1305031111.643395 -0.069141 0.016140 0.126677 -0.070735 -0.059086 -0.034380 0.995150
1305031111.679320 -0.041356 0.022296 0.121089 -0.063468 -0.055720 -0.024917 0.996116
1305031111.711760 -0.022402 0.017474 0.116252 -0.064562 -0.048895 -0.024868 0.996405
1305031111.743386 0.001956 0.013320 0.120129 -0.060899 -0.039078 -0.021950 0.997137
1305031111.779423 0.020202 0.016492 0.119931 -0.056961 -0.023741 -0.016668 0.997955
1305031111.811406 0.020374 0.009298 0.117950 -0.056478 -0.005212 -0.018289 0.998223
1305031111.843299 0.032006 0.016431 0.117742 -0.049835 0.005050 -0.016342 0.998611
1305031111.879442 0.033150 0.014313 0.104575 -0.051210 0.015892 -0.012149 0.998488
1305031111.911354 0.038526 0.016879 0.114871 -0.049213 0.017049 -0.005406 0.998628
1305031111.943300 0.052912 0.016325 0.116336 -0.047696 0.012990 0.002543 0.998774
1305031111.979449 0.078560 0.015466 0.111407 -0.046615 0.010956 0.009853 0.998804
1305031112.011433 0.103628 0.010484 0.108664 -0.046977 0.014377 0.012716 0.998712
1305031112.043270 0.115044 0.015209 0.106805 -0.040700 0.023671 0.008512 0.998855
1305031112.079339 0.133723 0.010492 0.105106 -0.040616 0.034051 0.010213 0.998542
1305031112.111423 0.130874 0.009694 0.104134 -0.038229 0.048059 0.003320 0.998107
1305031112.144342 0.154529 0.013202 0.100608 -0.036257 0.049277 -0.002274 0.998124
1305031112.179390 0.171994 0.005047 0.098924 -0.042152 0.060560 -0.005163 0.997261
1305031112.211254 0.185389 -0.000822 0.103611 -0.043170 0.070082 -0.010757 0.996549
1305031112.243369 0.200253 -0.004327 0.106050 -0.037917 0.079357 -0.014551 0.996019
1305031112.279353 0.189633 -0.001186 0.108133 -0.030926 0.093839 -0.019679 0.994912
1305031112.311312 0.203251 -0.000316 0.107788 -0.023527 0.093997 -0.021577 0.995061
1305031112.343323 0.209333 -0.001022 0.103378 -0.016737 0.096344 -0.021067 0.994984
1305031112.379360 0.216163 0.000687 0.100529 -0.012326 0.095104 -0.017148 0.995243
1305031112.411442 0.230836 -0.000267 0.098462 -0.009669 0.092827 -0.013447 0.995544
1305031112.443391 0.248373 -0.001986 0.099114 -0.007585 0.089314 -0.006099 0.995956
1305031112.479418 0.254738 -0.003007 0.096457 -0.004490 0.089144 0.002446 0.996006
1305031112.511504 0.262281 -0.004462 0.095983 -0.002674 0.085955 0.010084 0.996244
1305031112.543212 0.275089 -0.004623 0.094910 0.000081 0.081581 0.014707 0.996558
1305031112.579252 0.283836 -0.004234 0.089398 0.001293 0.074168 0.020180 0.997041
1305031112.611261 0.304592 0.000298 0.088375 0.003585 0.074187 0.026482 0.996886
1305031112.643246 0.317881 -0.001693 0.087421 -0.000126 0.078392 0.035627 0.996286
1305031112.679952 0.322186 0.000356 0.088197 -0.001008 0.084351 0.039114 0.995668
1305031112.711251 0.324862 0.001494 0.087449 -0.002762 0.088903 0.039916 0.995236
1305031112.743245 0.329650 0.008189 0.081494 -0.006242 0.089606 0.044529 0.994962
1305031112.779310 0.329125 0.004646 0.084089 -0.014494 0.095147 0.047064 0.994244
1305031112.811310 0.317822 0.005305 0.095822 -0.015784 0.098517 0.045620 0.993964
1305031112.843286 0.312719 0.009770 0.095495 -0.017375 0.093393 0.043998 0.994505
1305031112.879421 0.315662 0.011794 0.095857 -0.020271 0.088484 0.046052 0.994806
1305031112.911411 0.303097 0.010416 0.099612 -0.023707 0.088172 0.047260 0.994701
1305031112.943321 0.299493 0.010532 0.102985 -0.025174 0.082010 0.047800 0.995166
1305031112.979278 0.297255 0.010592 0.102620 -0.025747 0.074828 0.044832 0.995855
1305031113.011353 0.288024 0.014204 0.100190 -0.026820 0.072229 0.044548 0.996032
1305031113.043231 0.282279 0.012331 0.099721 -0.031597 0.070084 0.042558 0.996132
1305031113.079251 0.270944 0.009440 0.102431 -0.032039 0.067845 0.038112 0.996453
1305031113.111316 0.257117 0.012094 0.099041 -0.028669 0.063942 0.032522 0.997011
1305031113.143306 0.246773 0.010810 0.095479 -0.032727 0.060801 0.030401 0.997150
1305031113.179343 0.232323 0.006945 0.095886 -0.036068 0.060563 0.032113 0.996995
1305031113.211259 0.216284 0.000148 0.095154 -0.036882 0.055418 0.034169 0.997197
1305031113.243227 0.199098 0.006872 0.090147 -0.036465 0.049695 0.034062 0.997517
1305031113.279312 0.185580 0.003229 0.091703 -0.038778 0.044746 0.035902 0.997600
1305031113.311452 0.170240 0.006961 0.093144 -0.030830 0.037551 0.039473 0.998039
1305031113.343252 0.150060 0.005239 0.089849 -0.027727 0.027978 0.039293 0.998451
1305031113.379312 0.131890 0.004714 0.084533 -0.031074 0.020547 0.034713 0.998703
1305031113.411625 0.114761 0.002324 0.088487 -0.030459 0.014021 0.035442 0.998809
1305031113.443266 0.095874 0.003068 0.087879 -0.029100 0.008393 0.029691 0.999100
1305031113.479311 0.079102 0.003386 0.084650 -0.032696 0.001196 0.023565 0.999187
1305031113.511523 0.061663 -0.000071 0.088046 -0.037524 -0.004169 0.021462 0.999057
1305031113.543242 0.044960 -0.001770 0.091325 -0.039561 -0.010051 0.018660 0.998992
1305031113.579301 0.031554 -0.000049 0.092720 -0.039283 -0.016081 0.014227 0.998997
1305031113.611268 0.024850 0.002994 0.093366 -0.041319 -0.021917 0.010743 0.998848
1305031113.643222 0.012241 0.001560 0.092260 -0.044486 -0.022234 0.007154 0.998737
1305031113.679288 0.000126 -0.002554 0.097934 -0.047331 -0.023013 0.004326 0.998605
1305031113.711931 -0.014426 -0.003194 0.100010 -0.047470 -0.022366 -0.000648 0.998622
1305031113.743590 -0.026351 -0.002295 0.100103 -0.046339 -0.020123 -0.006222 0.998704
1305031113.779320 -0.043197 -0.003593 0.102028 -0.045778 -0.016938 -0.010277 0.998755
1305031113.811237 -0.060345 -0.000242 0.104214 -0.043867 -0.014808 -0.012594 0.998848
1305031113.843295 -0.070316 0.004070 0.100262 -0.042846 -0.013222 -0.015685 0.998871
1305031113.879281 -0.088993 -0.004634 0.109395 -0.044707 -0.012208 -0.020272 0.998720
1305031113.911290 -0.106648 -0.001576 0.111193 -0.041054 -0.011844 -0.021983 0.998845
1305031113.943291 -0.115086 0.001020 0.108805 -0.037499 -0.011179 -0.023216 0.998964
1305031113.979293 -0.133306 0.000373 0.109896 -0.034296 -0.007746 -0.029103 0.998958
1305031114.011257 -0.153877 0.005428 0.111185 -0.029399 -0.004694 -0.034770 0.998952
1305031114.043301 -0.169908 0.008674 0.112329 -0.027116 -0.007314 -0.035842 0.998963
1305031114.079285 -0.186877 0.007562 0.115609 -0.024860 -0.012045 -0.037029 0.998932
1305031114.111263 -0.200607 0.010475 0.113711 -0.021999 -0.017561 -0.040735 0.998773
1305031114.143284 -0.207972 0.014403 0.114051 -0.020657 -0.024852 -0.042724 0.998564
1305031114.179337 -0.221572 0.008312 0.121674 -0.020439 -0.027119 -0.045151 0.998403
1305031114.211303 -0.229972 0.016109 0.118266 -0.016407 -0.028927 -0.046174 0.998380
1305031114.243337 -0.244799 0.022347 0.117475 -0.016025 -0.031214 -0.050670 0.998099
1305031114.279390 -0.263730 0.021665 0.126051 -0.016482 -0.035958 -0.052185 0.997854
1305031114.311429 -0.277494 0.022699 0.124043 -0.017965 -0.043228 -0.052603 0.997518
1305031114.343331 -0.286201 0.023958 0.126487 -0.018305 -0.049715 -0.055879 0.997031
1305031114.379320 -0.295610 0.019369 0.129355 -0.020013 -0.052178 -0.059137 0.996684
1305031114.411397 -0.307164 0.018519 0.132679 -0.019379 -0.053962 -0.063425 0.996338
1305031114.443345 -0.321470 0.021969 0.132914 -0.018426 -0.057532 -0.065177 0.996043
1305031114.479332 -0.336991 0.021336 0.133105 -0.019612 -0.061828 -0.066707 0.995662
1305031114.511266 -0.340626 0.021408 0.133998 -0.019844 -0.072875 -0.067710 0.994842
1305031114.543236 -0.340204 0.022464 0.134620 -0.022228 -0.079546 -0.066491 0.994363
1305031114.579237 -0.349127 0.018516 0.137799 -0.025013 -0.078912 -0.063691 0.994530
1305031114.611391 -0.354733 0.021412 0.136335 -0.026745 -0.079207 -0.061700 0.994587
1305031114.644136 -0.362953 0.019836 0.134484 -0.032096 -0.080900 -0.060760 0.994351
1305031114.679251 -0.368117 0.018142 0.141862 -0.034856 -0.087773 -0.060828 0.993670
1305031114.711306 -0.372793 0.013881 0.142721 -0.037825 -0.090618 -0.062401 0.993209
1305031114.743200 -0.373244 0.011204 0.145626 -0.036631 -0.094824 -0.063668 0.992780
1305031114.779289 -0.371072 0.012248 0.147867 -0.034017 -0.097415 -0.067393 0.992377
1305031114.811303 -0.368449 0.017296 0.142547 -0.032465 -0.098072 -0.068229 0.992307
1305031114.843208 -0.366849 0.016561 0.144065 -0.032923 -0.099001 -0.070816 0.992018
1305031114.879281 -0.361943 0.021636 0.140263 -0.031796 -0.099470 -0.071261 0.991976
1305031114.912879 -0.357327 0.021108 0.139902 -0.033428 -0.100520 -0.070533 0.991869
1305031114.943234 -0.346173 0.025729 0.136957 -0.034662 -0.102295 -0.072643 0.991492
1305031114.979280 -0.339650 0.027525 0.138397 -0.036686 -0.099965 -0.072897 0.991639
1305031115.011300 -0.331337 0.034097 0.134688 -0.039055 -0.098933 -0.074913 0.991501
1305031115.043508 -0.318077 0.028759 0.140634 -0.044758 -0.098591 -0.073960 0.991366
1305031115.079238 -0.306838 0.030795 0.143779 -0.045929 -0.096316 -0.074264 0.991513
1305031115.111230 -0.286489 0.032288 0.145365 -0.048821 -0.094985 -0.073240 0.991580
1305031115.143275 -0.278086 0.027737 0.150403 -0.051765 -0.084892 -0.071062 0.992504
1305031115.179440 -0.271361 0.032850 0.150401 -0.051129 -0.079752 -0.070489 0.993004
1305031115.211374 -0.255705 0.026886 0.158556 -0.053205 -0.078603 -0.067405 0.993201
1305031115.243297 -0.239536 0.020717 0.166131 -0.050845 -0.074574 -0.063217 0.993910
1305031115.279966 -0.223140 0.028669 0.163763 -0.046774 -0.072894 -0.059102 0.994488
1305031115.311704 -0.198181 0.021691 0.172014 -0.048635 -0.071808 -0.052243 0.994861
1305031115.343235 -0.191455 0.023730 0.170632 -0.044226 -0.057804 -0.050939 0.996046
1305031115.379166 -0.175806 0.032400 0.164402 -0.046316 -0.056667 -0.043674 0.996362
1305031115.411237 -0.162219 0.031853 0.175072 -0.052208 -0.063464 -0.041746 0.995743
1305031115.443159 -0.137046 0.026823 0.179971 -0.058184 -0.068354 -0.035052 0.995346
1305031115.479241 -0.117050 0.028277 0.181675 -0.062285 -0.069478 -0.027842 0.995248
1305031115.511253 -0.086904 0.019473 0.189639 -0.068057 -0.071847 -0.025931 0.994753
1305031115.543604 -0.050365 0.016853 0.198155 -0.068996 -0.066592 -0.016061 0.995262
1305031115.579315 -0.041607 0.017936 0.195501 -0.067120 -0.051350 -0.011790 0.996353
1305031115.611424 -0.033084 0.016421 0.194526 -0.065844 -0.041848 -0.007895 0.996921
1305031115.643254 -0.013602 0.015628 0.195313 -0.064434 -0.036021 0.000332 0.997272
1305031115.679241 -0.007519 0.015881 0.193506 -0.062728 -0.029399 0.010877 0.997538
1305031115.711320 0.015186 0.016576 0.188860 -0.061520 -0.031179 0.018689 0.997444
1305031115.743250 0.039426 0.014544 0.191175 -0.061863 -0.025935 0.025299 0.997427
1305031115.779425 0.051157 0.012773 0.185789 -0.060511 -0.014192 0.031577 0.997567
1305031115.811277 0.069348 0.015694 0.182794 -0.059086 -0.005219 0.038763 0.997486
1305031115.843224 0.076970 0.015372 0.174471 -0.060689 0.009231 0.045295 0.997086
1305031115.879198 0.083787 0.009330 0.178791 -0.061830 0.017946 0.051846 0.996578
1305031115.911118 0.105777 0.016593 0.174306 -0.057049 0.018261 0.058434 0.996493
1305031115.943311 0.120007 0.015563 0.173128 -0.058887 0.025378 0.064395 0.995862
1305031115.980740 0.132196 0.021346 0.171562 -0.058205 0.031465 0.069647 0.995375
1305031116.011379 0.157729 0.020671 0.169801 -0.062057 0.035959 0.073353 0.994724
1305031116.043164 0.162724 0.021333 0.170760 -0.064714 0.053106 0.073568 0.993770
1305031116.080030 0.172365 0.024204 0.170648 -0.068997 0.063896 0.077259 0.992566
1305031116.111300 0.187124 0.026869 0.172335 -0.075099 0.072422 0.081523 0.991196
1305031116.143441 0.194849 0.031505 0.176848 -0.077168 0.081615 0.084866 0.990041
1305031116.179572 0.202748 0.035549 0.179821 -0.078044 0.088034 0.087795 0.989167
1305031116.211299 0.216424 0.036890 0.179123 -0.081738 0.092084 0.092130 0.988105
1305031116.243320 0.230807 0.040655 0.181419 -0.082147 0.096573 0.095551 0.987317
1305031116.279385 0.242335 0.042178 0.183517 -0.082307 0.104816 0.098926 0.986130
1305031116.311336 0.248636 0.046634 0.181323 -0.083190 0.113775 0.102377 0.984710
1305031116.343292 0.252202 0.034158 0.188888 -0.090011 0.123512 0.106141 0.982536
1305031116.379384 0.254989 0.042306 0.187177 -0.080122 0.126027 0.106930 0.982987
1305031116.411333 0.250108 0.049304 0.179805 -0.072432 0.130549 0.110435 0.982606
1305031116.443369 0.256012 0.045455 0.175749 -0.077351 0.130229 0.119948 0.981157
1305031116.479850 0.258975 0.042745 0.178070 -0.078374 0.130323 0.124605 0.980483
1305031116.511205 0.257064 0.041661 0.175213 -0.076880 0.128950 0.120525 0.981293
1305031116.543262 0.249523 0.045338 0.174164 -0.072437 0.130088 0.115735 0.982057
1305031116.579313 0.244467 0.044550 0.170190 -0.072954 0.126430 0.113338 0.982776
1305031116.611261 0.234933 0.039300 0.171280 -0.074328 0.120718 0.107562 0.984039
1305031116.643355 0.221400 0.036397 0.169679 -0.074088 0.113730 0.098424 0.985844
1305031116.679281 0.207912 0.036774 0.168372 -0.073523 0.106835 0.088964 0.987556
1305031116.711634 0.196676 0.037378 0.165987 -0.073033 0.100766 0.078990 0.989077
1305031116.743291 0.181910 0.035806 0.164007 -0.075380 0.096048 0.067075 0.990249
1305031116.779298 0.165045 0.034029 0.162524 -0.078362 0.092304 0.057132 0.990997
1305031116.811318 0.144561 0.031488 0.162014 -0.078862 0.089865 0.048753 0.991629
1305031116.846089 0.120403 0.031107 0.161582 -0.077438 0.084019 0.042139 0.992557
1305031116.880165 0.101137 0.031107 0.158368 -0.078557 0.074345 0.035086 0.993514
1305031116.912044 0.085882 0.025594 0.157815 -0.080776 0.061868 0.031661 0.994306
1305031116.943296 0.063014 0.030200 0.158707 -0.080386 0.050264 0.023412 0.995220
1305031116.979351 0.049898 0.035057 0.157273 -0.077155 0.035804 0.012956 0.996292
1305031117.011382 0.025505 0.034761 0.156948 -0.076670 0.026937 0.003094 0.996688
1305031117.043261 0.013417 0.040141 0.155017 -0.075747 0.015063 -0.002445 0.997010
1305031117.079520 -0.004927 0.040018 0.154937 -0.078675 0.006456 -0.008126 0.996846
1305031117.111238 -0.022576 0.043891 0.155244 -0.079641 -0.002916 -0.008987 0.996779
1305031117.143218 -0.028841 0.045047 0.154326 -0.083038 -0.015188 -0.009535 0.996385
1305031117.179264 -0.034031 0.051764 0.154901 -0.083717 -0.026316 -0.013834 0.996046
1305031117.211361 -0.035050 0.052529 0.160393 -0.086301 -0.035905 -0.015667 0.995499
1305031117.243277 -0.033356 0.057858 0.159393 -0.088178 -0.040539 -0.017382 0.995128
1305031117.279299 -0.032837 0.055428 0.161981 -0.093812 -0.041215 -0.021964 0.994494
1305031117.311200 -0.040949 0.052849 0.165470 -0.098147 -0.037327 -0.023409 0.994196
1305031117.343243 -0.044299 0.047754 0.170118 -0.100967 -0.037641 -0.024225 0.993882
1305031117.379454 -0.046451 0.039559 0.174642 -0.102821 -0.037678 -0.024514 0.993684
1305031117.411221 -0.050209 0.035701 0.174502 -0.101331 -0.037907 -0.024069 0.993839
1305031117.443274 -0.049350 0.033704 0.175091 -0.098092 -0.040471 -0.022416 0.994101
1305031117.479403 -0.049391 0.028313 0.175558 -0.096430 -0.041665 -0.020761 0.994251
1305031117.511325 -0.050298 0.022201 0.177552 -0.092907 -0.043160 -0.018740 0.994562
1305031117.544285 -0.047433 0.017247 0.177917 -0.088199 -0.045628 -0.017770 0.994899
1305031117.579155 -0.049021 0.011086 0.176952 -0.085125 -0.046880 -0.019457 0.995077
1305031117.611159 -0.051578 0.007121 0.175740 -0.082887 -0.047518 -0.018969 0.995245
1305031117.643252 -0.052667 -0.003008 0.180348 -0.082431 -0.049718 -0.017951 0.995194
1305031117.679262 -0.051210 -0.007851 0.181120 -0.081611 -0.053177 -0.016285 0.995111
1305031117.711184 -0.053972 -0.015135 0.184432 -0.081158 -0.054645 -0.015273 0.995085
1305031117.743184 -0.054219 -0.026496 0.188248 -0.082147 -0.056901 -0.012025 0.994922
1305031117.779467 -0.057067 -0.034005 0.189779 -0.081682 -0.058147 -0.010836 0.994902
1305031117.811320 -0.051374 -0.043612 0.197055 -0.082819 -0.062723 -0.007094 0.994564
1305031117.843291 -0.045627 -0.059197 0.205314 -0.083371 -0.064944 -0.005919 0.994383
1305031117.879451 -0.044846 -0.065554 0.205331 -0.080865 -0.061941 -0.006073 0.994780
1305031117.911407 -0.045423 -0.077143 0.212155 -0.080897 -0.060342 -0.006477 0.994873
1305031117.943253 -0.044732 -0.086548 0.215554 -0.080231 -0.058726 -0.006326 0.995025
1305031117.979228 -0.048945 -0.092278 0.215744 -0.080459 -0.055446 -0.007572 0.995186
1305031118.011228 -0.049430 -0.107574 0.224819 -0.084070 -0.055527 -0.007802 0.994881
1305031118.043521 -0.050987 -0.118444 0.231352 -0.083725 -0.053880 -0.007983 0.994999
1305031118.079334 -0.047794 -0.128147 0.236324 -0.084097 -0.054059 -0.008708 0.994952
1305031118.111217 -0.044313 -0.139671 0.242096 -0.084026 -0.050958 -0.010129 0.995108
1305031118.143256 -0.047214 -0.148718 0.245672 -0.082475 -0.045631 -0.011749 0.995479
1305031118.179323 -0.046988 -0.160341 0.251653 -0.082626 -0.043097 -0.013743 0.995553
1305031118.211202 -0.056001 -0.172024 0.259277 -0.080207 -0.038165 -0.013809 0.995952
1305031118.243173 -0.057600 -0.180620 0.260600 -0.077213 -0.038515 -0.013343 0.996181
1305031118.279194 -0.054326 -0.193506 0.267940 -0.074468 -0.040479 -0.013897 0.996305
1305031118.311299 -0.056766 -0.203127 0.272485 -0.068408 -0.040420 -0.014195 0.996737
1305031118.343324 -0.052560 -0.205745 0.272187 -0.062476 -0.040183 -0.014338 0.997134
1305031118.379208 -0.054909 -0.211934 0.275034 -0.057832 -0.038222 -0.016132 0.997464
1305031118.411296 -0.058547 -0.215111 0.275864 -0.054611 -0.038928 -0.016477 0.997613
1305031118.445692 -0.054329 -0.217790 0.276091 -0.053805 -0.040241 -0.013653 0.997647
1305031118.479285 -0.054525 -0.218912 0.277697 -0.052832 -0.040528 -0.010603 0.997724
1305031118.511255 -0.050441 -0.218903 0.281077 -0.051119 -0.042193 -0.009480 0.997756
1305031118.544414 -0.044432 -0.214952 0.276613 -0.051616 -0.043112 -0.010173 0.997684
1305031118.579285 -0.045487 -0.214945 0.277135 -0.054421 -0.041421 -0.010672 0.997601
1305031118.616142 -0.044689 -0.208944 0.276116 -0.054178 -0.039285 -0.012715 0.997677
1305031118.645325 -0.045692 -0.199972 0.274285 -0.054105 -0.036811 -0.015768 0.997732
1305031118.679295 -0.045812 -0.192309 0.270504 -0.056701 -0.035515 -0.017331 0.997609
1305031118.711421 -0.049445 -0.186434 0.271893 -0.057715 -0.035051 -0.019818 0.997521
1305031118.746770 -0.056381 -0.177168 0.271216 -0.055195 -0.035537 -0.020827 0.997626
1305031118.779277 -0.051923 -0.154825 0.257254 -0.053646 -0.039920 -0.019335 0.997574
1305031118.811221 -0.049389 -0.153178 0.256391 -0.059686 -0.042713 -0.021718 0.997066
1305031118.846753 -0.046441 -0.152169 0.262398 -0.059590 -0.044235 -0.020212 0.997037
1305031118.879208 -0.045054 -0.127445 0.242422 -0.054126 -0.040939 -0.021876 0.997455
1305031118.911177 -0.044682 -0.117434 0.236022 -0.056346 -0.039822 -0.024239 0.997322
1305031118.946974 -0.044620 -0.105950 0.232071 -0.055438 -0.038679 -0.025571 0.997385
1305031118.979374 -0.045539 -0.087299 0.219712 -0.054129 -0.037046 -0.029249 0.997418
1305031119.011363 -0.050475 -0.073569 0.210128 -0.056417 -0.035344 -0.032044 0.997267
1305031119.047172 -0.055237 -0.066513 0.206069 -0.059512 -0.034563 -0.033483 0.997067
1305031119.079223 -0.055153 -0.056242 0.202566 -0.060523 -0.037671 -0.032215 0.996935
1305031119.111328 -0.059003 -0.047043 0.195904 -0.060970 -0.039891 -0.032453 0.996814
1305031119.147616 -0.060679 -0.032725 0.188257 -0.059872 -0.042777 -0.031041 0.996806
1305031119.179226 -0.060441 -0.027219 0.184623 -0.061177 -0.047336 -0.031226 0.996515
1305031119.211364 -0.059460 -0.016803 0.178585 -0.058698 -0.049396 -0.029314 0.996622
1305031119.247399 -0.058265 -0.004349 0.172190 -0.057070 -0.051099 -0.028632 0.996650
1305031119.279212 -0.058169 0.007600 0.165845 -0.055915 -0.051889 -0.028998 0.996665
1305031119.311212 -0.060126 0.017213 0.161087 -0.055877 -0.051650 -0.026707 0.996743
1305031119.347741 -0.060379 0.023869 0.159046 -0.055976 -0.053676 -0.024222 0.996694
1305031119.379239 -0.058960 0.037515 0.153103 -0.054224 -0.056120 -0.023683 0.996669
1305031119.411484 -0.054885 0.049374 0.147499 -0.053904 -0.056928 -0.023363 0.996648
1305031119.447706 -0.052405 0.056448 0.144360 -0.055575 -0.055436 -0.022848 0.996653
1305031119.479267 -0.056187 0.066567 0.140784 -0.054517 -0.051934 -0.023520 0.996884
1305031119.511240 -0.057363 0.081331 0.134419 -0.054044 -0.050316 -0.023238 0.996999
1305031119.547382 -0.057312 0.090598 0.131546 -0.055984 -0.050511 -0.021721 0.996917
1305031119.579559 -0.054910 0.105548 0.125403 -0.056631 -0.049832 -0.021971 0.996909
1305031119.615017 -0.056990 0.114415 0.122492 -0.060797 -0.047155 -0.020744 0.996820
1305031119.647903 -0.058004 0.126783 0.119257 -0.063122 -0.046425 -0.020221 0.996720
1305031119.679208 -0.055329 0.137475 0.115037 -0.067351 -0.044684 -0.022986 0.996463
1305031119.715232 -0.058350 0.149755 0.114122 -0.071917 -0.038976 -0.020475 0.996438
1305031119.747193 -0.066447 0.154988 0.113709 -0.077109 -0.034693 -0.016771 0.996278
1305031119.779169 -0.067761 0.164322 0.111960 -0.080069 -0.035950 -0.014523 0.996035
1305031119.814537 -0.067412 0.174735 0.110851 -0.081521 -0.036894 -0.010732 0.995931
1305031119.847429 -0.065657 0.182305 0.109459 -0.084895 -0.036604 -0.006970 0.995693
1305031119.879214 -0.063801 0.185892 0.109451 -0.087095 -0.035529 -0.006482 0.995545
1305031119.911401 -0.065480 0.198237 0.105787 -0.085979 -0.033252 -0.006096 0.995723
1305031119.947392 -0.063738 0.204162 0.103502 -0.091030 -0.032235 -0.006186 0.995307
1305031119.979537 -0.063340 0.207937 0.102036 -0.094464 -0.029037 -0.007275 0.995078
1305031120.015264 -0.068405 0.221746 0.096793 -0.095832 -0.023494 -0.005465 0.995105
1305031120.047290 -0.070409 0.221748 0.097941 -0.104647 -0.022351 -0.003750 0.994251
1305031120.079418 -0.072923 0.224789 0.104526 -0.105164 -0.024216 -0.000779 0.994160
1305031120.115232 -0.073365 0.228084 0.101140 -0.106070 -0.026335 0.000409 0.994010
1305031120.148157 -0.069525 0.227171 0.103320 -0.107718 -0.028734 0.001800 0.993765
1305031120.179246 -0.069638 0.221859 0.106269 -0.107537 -0.027986 0.003971 0.993799
1305031120.215249 -0.069929 0.214432 0.109245 -0.104545 -0.028251 0.003676 0.994112
1305031120.248003 -0.067749 0.211247 0.108234 -0.100069 -0.029084 0.001573 0.994554
1305031120.279430 -0.067996 0.203443 0.110131 -0.097736 -0.028117 -0.000153 0.994815
1305031120.315196 -0.067338 0.196220 0.112385 -0.094981 -0.028024 -0.002248 0.995082
1305031120.347787 -0.067939 0.188305 0.116105 -0.091376 -0.027434 -0.003707 0.995432
1305031120.379437 -0.067057 0.176341 0.119402 -0.090862 -0.027948 -0.003947 0.995463
1305031120.415445 -0.068961 0.162244 0.128066 -0.085869 -0.027827 -0.004072 0.995909
1305031120.447417 -0.066016 0.155953 0.131828 -0.078071 -0.030090 -0.003766 0.996486
1305031120.479432 -0.066454 0.145035 0.135507 -0.075170 -0.030549 -0.002750 0.996699
1305031120.514819 -0.069241 0.132207 0.143239 -0.069489 -0.031612 -0.001234 0.997081
1305031120.547736 -0.069701 0.123437 0.146544 -0.062676 -0.034519 0.000570 0.997437
1305031120.579551 -0.067415 0.115060 0.149453 -0.059769 -0.039534 0.004875 0.997417
1305031120.615236 -0.064638 0.105969 0.157129 -0.055936 -0.045146 0.007371 0.997386
1305031120.647354 -0.065066 0.098185 0.160491 -0.050405 -0.047433 0.007123 0.997576
1305031120.679318 -0.060518 0.090849 0.164212 -0.047772 -0.050480 0.008608 0.997545
1305031120.714522 -0.057031 0.082986 0.168827 -0.045487 -0.052562 0.010495 0.997526
1305031120.747369 -0.057908 0.072775 0.173862 -0.044679 -0.054673 0.010734 0.997446
1305031120.779894 -0.057356 0.061570 0.179126 -0.042756 -0.056684 0.010156 0.997425
1305031120.814944 -0.052662 0.054635 0.183222 -0.039991 -0.058982 0.010642 0.997401
1305031120.847921 -0.052394 0.047590 0.185233 -0.039489 -0.059896 0.008725 0.997385
1305031120.883435 -0.051045 0.033073 0.190815 -0.039030 -0.059883 0.006373 0.997422
1305031120.915444 -0.049140 0.028829 0.191860 -0.036196 -0.059126 0.005275 0.997580
1305031120.947488 -0.049356 0.018362 0.196127 -0.036805 -0.058921 0.003410 0.997578
1305031120.983366 -0.051514 0.007607 0.199917 -0.036711 -0.058249 0.000695 0.997627
1305031121.015019 -0.053042 -0.002745 0.203827 -0.035298 -0.058482 -0.000778 0.997664
1305031121.047498 -0.052274 -0.008360 0.203563 -0.033666 -0.058538 -0.001444 0.997716
1305031121.083099 -0.056041 -0.023113 0.209939 -0.034269 -0.058920 -0.002968 0.997670
1305031121.114696 -0.055694 -0.031566 0.211047 -0.031677 -0.060409 -0.002727 0.997667
1305031121.147331 -0.055878 -0.040931 0.212455 -0.030177 -0.061134 -0.002961 0.997669
1305031121.183271 -0.058227 -0.050438 0.215611 -0.028242 -0.061692 -0.004039 0.997687
1305031121.211420 -0.054675 -0.065020 0.217761 -0.028354 -0.062549 -0.003693 0.997632
1305031121.247194 -0.054614 -0.067826 0.218636 -0.024306 -0.061474 -0.003316 0.997807
1305031121.282876 -0.058345 -0.078223 0.221833 -0.024099 -0.061627 -0.003160 0.997803
1305031121.313568 -0.055921 -0.094498 0.227963 -0.024316 -0.062843 -0.001753 0.997726
1305031121.347517 -0.060208 -0.099242 0.228148 -0.020704 -0.062662 -0.000895 0.997820
1305031121.383226 -0.057029 -0.114511 0.233940 -0.021209 -0.064982 -0.000106 0.997661
1305031121.414318 -0.056905 -0.125465 0.235862 -0.017810 -0.064360 -0.001405 0.997767
1305031121.447319 -0.058210 -0.129062 0.235314 -0.014577 -0.063233 -0.000734 0.997892
1305031121.482964 -0.054722 -0.146238 0.239961 -0.015292 -0.062231 0.000635 0.997944
1305031121.514107 -0.057796 -0.148036 0.242042 -0.010163 -0.059884 0.001643 0.998152
1305031121.547270 -0.057007 -0.155904 0.239837 -0.011734 -0.059730 0.001993 0.998144
1305031121.583204 -0.055896 -0.168177 0.245230 -0.014278 -0.058791 0.001398 0.998167
1305031121.614700 -0.055290 -0.178679 0.249203 -0.014016 -0.057497 -0.000052 0.998247
1305031121.647183 -0.055350 -0.184100 0.248626 -0.012905 -0.052936 -0.002432 0.998512
1305031121.683200 -0.056616 -0.191609 0.251147 -0.015201 -0.049048 -0.003684 0.998674
1305031121.714520 -0.065194 -0.201086 0.253136 -0.016517 -0.045616 -0.003536 0.998816
1305031121.747145 -0.063025 -0.206313 0.253994 -0.018286 -0.046093 -0.002765 0.998766
1305031121.782835 -0.061009 -0.212653 0.258370 -0.020088 -0.046486 -0.000376 0.998717
1305031121.811540 -0.057782 -0.217283 0.261212 -0.021537 -0.046279 0.001690 0.998695
1305031121.847335 -0.057379 -0.221206 0.263123 -0.023677 -0.044864 0.004573 0.998702
1305031121.882060 -0.059694 -0.223255 0.265047 -0.026011 -0.043916 0.010511 0.998641
1305031121.914931 -0.058414 -0.223156 0.265632 -0.027690 -0.046200 0.013688 0.998455
1305031121.947288 -0.057242 -0.223018 0.267358 -0.027514 -0.048697 0.012620 0.998355
1305031121.982926 -0.053448 -0.221148 0.266239 -0.028067 -0.049379 0.012880 0.998303
1305031122.014256 -0.054956 -0.217280 0.265662 -0.028415 -0.049032 0.011243 0.998330
1305031122.047306 -0.055176 -0.212825 0.263631 -0.027716 -0.050266 0.007515 0.998323
1305031122.082959 -0.052524 -0.206316 0.261513 -0.026783 -0.051613 0.004136 0.998299
1305031122.114672 -0.053092 -0.194973 0.257837 -0.024523 -0.051502 0.000602 0.998372
1305031122.150725 -0.051505 -0.184345 0.253323 -0.024053 -0.052154 -0.004506 0.998339
1305031122.183042 -0.050089 -0.173894 0.250501 -0.021888 -0.051410 -0.010006 0.998388
1305031122.214959 -0.050108 -0.148563 0.238817 -0.019951 -0.049426 -0.015082 0.998465
1305031122.251319 -0.050867 -0.143861 0.235991 -0.027350 -0.048715 -0.018079 0.998275
1305031122.283560 -0.058069 -0.129223 0.233610 -0.026740 -0.047423 -0.021420 0.998287
1305031122.314289 -0.057306 -0.107166 0.221047 -0.029018 -0.049434 -0.025617 0.998027
1305031122.351327 -0.062834 -0.097627 0.219203 -0.035627 -0.050114 -0.029072 0.997684
1305031122.382630 -0.065804 -0.084330 0.214490 -0.039746 -0.051376 -0.029747 0.997445
1305031122.414997 -0.069314 -0.078867 0.211758 -0.045054 -0.054850 -0.030582 0.997009
1305031122.451257 -0.071243 -0.066904 0.206398 -0.046808 -0.058944 -0.029172 0.996737
1305031122.483360 -0.068925 -0.056510 0.200586 -0.049845 -0.064913 -0.028559 0.996236
1305031122.515097 -0.069177 -0.046378 0.195373 -0.051104 -0.068564 -0.030809 0.995861
1305031122.551490 -0.062563 -0.033991 0.190391 -0.051978 -0.071814 -0.031528 0.995564
1305031122.583208 -0.064021 -0.024680 0.186065 -0.053694 -0.069995 -0.032916 0.995557
1305031122.614980 -0.069645 -0.015993 0.181386 -0.054450 -0.068525 -0.032629 0.995628
1305031122.648788 -0.065989 -0.006328 0.177297 -0.053849 -0.072021 -0.030679 0.995476
1305031122.683402 -0.068045 0.007261 0.171097 -0.052156 -0.072371 -0.029325 0.995581
1305031122.715208 -0.070292 0.018764 0.167531 -0.051570 -0.074603 -0.026826 0.995518
1305031122.751298 -0.067460 0.032809 0.161456 -0.050127 -0.077829 -0.026933 0.995341
1305031122.783423 -0.067075 0.047223 0.155422 -0.052333 -0.077828 -0.027742 0.995206
1305031122.812555 -0.067600 0.056441 0.151919 -0.057081 -0.076446 -0.028682 0.995025
1305031122.851418 -0.061119 0.060625 0.152847 -0.061431 -0.074954 -0.030180 0.994835
1305031122.883754 -0.064678 0.072533 0.148516 -0.063685 -0.067078 -0.029997 0.995261
1305031122.914571 -0.068288 0.078272 0.146374 -0.067943 -0.063659 -0.028754 0.995241
1305031122.951341 -0.071908 0.084748 0.144839 -0.069091 -0.061632 -0.028978 0.995283
1305031122.982815 -0.072913 0.096139 0.140841 -0.070031 -0.061382 -0.024512 0.995353
1305031123.015450 -0.074380 0.101339 0.139387 -0.073172 -0.061819 -0.022330 0.995151
1305031123.051827 -0.071906 0.107001 0.138435 -0.073130 -0.062527 -0.020672 0.995146
1305031123.082975 -0.071040 0.119290 0.132875 -0.071383 -0.061764 -0.018233 0.995368
1305031123.113873 -0.073213 0.130128 0.127567 -0.073966 -0.059200 -0.016465 0.995366
1305031123.150822 -0.072345 0.137829 0.126319 -0.077090 -0.059083 -0.016078 0.995142
1305031123.182155 -0.069311 0.145906 0.124060 -0.080429 -0.058136 -0.015774 0.994939
1305031123.214704 -0.065028 0.153412 0.121917 -0.085713 -0.054930 -0.016368 0.994670
1305031123.250618 -0.066876 0.169060 0.118016 -0.089226 -0.050258 -0.017297 0.994592
1305031123.282347 -0.067240 0.177362 0.117869 -0.097975 -0.046692 -0.014975 0.993980
1305031123.311327 -0.064893 0.184769 0.118639 -0.104014 -0.043493 -0.014741 0.993515
1305031123.350481 -0.064642 0.191891 0.118546 -0.109836 -0.039252 -0.014014 0.993075
1305031123.382255 -0.064394 0.201931 0.116304 -0.113595 -0.034097 -0.010827 0.992883
1305031123.411363 -0.063169 0.207146 0.117061 -0.117664 -0.029938 -0.009179 0.992560
1305031123.451255 -0.064116 0.214905 0.116437 -0.120296 -0.026789 -0.007681 0.992347
1305031123.483594 -0.065438 0.222871 0.113536 -0.124596 -0.023818 -0.003480 0.991915
1305031123.511360 -0.061069 0.230424 0.113749 -0.127225 -0.024174 -0.000870 0.991579
1305031123.551513 -0.061806 0.237112 0.113075 -0.129280 -0.023692 0.001545 0.991324
1305031123.579583 -0.060823 0.245318 0.111377 -0.130902 -0.023173 0.004687 0.991113
1305031123.611335 -0.057929 0.251639 0.109610 -0.132809 -0.022648 0.005891 0.990865
1305031123.652411 -0.058371 0.257063 0.107243 -0.137683 -0.019521 0.005810 0.990267
1305031123.683753 -0.055600 0.266115 0.107208 -0.140367 -0.016944 0.006681 0.989932
1305031123.711323 -0.055238 0.274761 0.104713 -0.143445 -0.012949 0.008237 0.989539
1305031123.751723 -0.056582 0.278177 0.106346 -0.146833 -0.010570 0.010266 0.989052
1305031123.783858 -0.058037 0.280050 0.107282 -0.149037 -0.010356 0.012499 0.988698
1305031123.811608 -0.056082 0.283641 0.106455 -0.148915 -0.011402 0.012871 0.988700
1305031123.851444 -0.056646 0.287311 0.106233 -0.148396 -0.011255 0.015696 0.988739
1305031123.883786 -0.056985 0.286760 0.108685 -0.147452 -0.012722 0.015652 0.988864
1305031123.911243 -0.057485 0.281555 0.107957 -0.146257 -0.013719 0.015473 0.989031
1305031123.951442 -0.055321 0.279814 0.105524 -0.146580 -0.015135 0.017138 0.988935
1305031123.983415 -0.058953 0.281199 0.108760 -0.144784 -0.016003 0.019245 0.989147
1305031124.011302 -0.060756 0.273685 0.112945 -0.139995 -0.019430 0.018624 0.989786
1305031124.051505 -0.060372 0.267296 0.114103 -0.137047 -0.022688 0.019610 0.990111
1305031124.083837 -0.059126 0.262179 0.115433 -0.135144 -0.026162 0.020318 0.990272
1305031124.111331 -0.057358 0.250288 0.122240 -0.130767 -0.030427 0.019278 0.990759
1305031124.147446 -0.054890 0.245472 0.123864 -0.125006 -0.032910 0.017463 0.991456
1305031124.182694 -0.055049 0.237399 0.127263 -0.123365 -0.034140 0.015143 0.991658
1305031124.211396 -0.056076 0.224950 0.132840 -0.118615 -0.034993 0.013314 0.992234
1305031124.249327 -0.058261 0.219602 0.133119 -0.112259 -0.035424 0.013328 0.992958
1305031124.282545 -0.056102 0.209482 0.136048 -0.112874 -0.041133 0.013734 0.992662
1305031124.311361 -0.057676 0.199189 0.141324 -0.108725 -0.044404 0.013995 0.992981
1305031124.350354 -0.057185 0.188478 0.143253 -0.104748 -0.048031 0.012625 0.993258
1305031124.382420 -0.055417 0.179400 0.145523 -0.100441 -0.050857 0.011415 0.993577
1305031124.411439 -0.055633 0.167176 0.148692 -0.095932 -0.052229 0.010679 0.993959
1305031124.450245 -0.055615 0.155029 0.150731 -0.089812 -0.053454 0.008545 0.994487
1305031124.480099 -0.056713 0.143533 0.152743 -0.083414 -0.054304 0.006427 0.995013
1305031124.511324 -0.056233 0.132788 0.154973 -0.077236 -0.056538 0.004677 0.995398
1305031124.550437 -0.056784 0.124759 0.155538 -0.071681 -0.058027 0.002220 0.995736
1305031124.579404 -0.057616 0.113270 0.158657 -0.067633 -0.060453 -0.000127 0.995877
1305031124.611358 -0.056634 0.100995 0.163025 -0.062847 -0.063492 -0.001901 0.996000
1305031124.651271 -0.055030 0.089660 0.165494 -0.059087 -0.066547 -0.003226 0.996027
1305031124.679362 -0.054561 0.074327 0.170671 -0.056218 -0.068501 -0.005109 0.996053
1305031124.711251 -0.052281 0.065295 0.172953 -0.050985 -0.069504 -0.006652 0.996256
1305031124.749890 -0.051202 0.054104 0.177850 -0.048244 -0.070239 -0.007520 0.996335
1305031124.779365 -0.056035 0.041910 0.182163 -0.044850 -0.069682 -0.009237 0.996518
1305031124.811360 -0.051793 0.031768 0.185909 -0.042464 -0.072359 -0.008586 0.996437
1305031124.850535 -0.051782 0.018221 0.193771 -0.042818 -0.074024 -0.008864 0.996297
1305031124.879355 -0.048912 0.003132 0.200681 -0.041399 -0.075021 -0.009872 0.996273
1305031124.911448 -0.047656 -0.003741 0.203864 -0.039073 -0.072765 -0.009303 0.996540
1305031124.950730 -0.047996 -0.012735 0.207626 -0.040403 -0.071203 -0.009983 0.996593
1305031124.979438 -0.053905 -0.036040 0.218671 -0.042924 -0.068695 -0.009160 0.996672
1305031125.011454 -0.058498 -0.045578 0.222222 -0.037838 -0.069632 -0.007934 0.996823
1305031125.050763 -0.053046 -0.049609 0.226892 -0.033938 -0.073780 -0.007043 0.996672
1305031125.079364 -0.051973 -0.060214 0.233127 -0.034860 -0.073382 -0.003443 0.996689
1305031125.111364 -0.055278 -0.074377 0.237442 -0.035355 -0.073337 -0.002361 0.996678
1305031125.151013 -0.052653 -0.084727 0.242718 -0.031863 -0.074747 -0.003922 0.996686
1305031125.179353 -0.053511 -0.083134 0.240839 -0.029163 -0.071692 -0.003407 0.996995
1305031125.211320 -0.052260 -0.096882 0.246258 -0.033561 -0.071193 -0.003073 0.996893
1305031125.250632 -0.056178 -0.113888 0.253182 -0.033951 -0.070243 -0.005434 0.996937
1305031125.279467 -0.056458 -0.116266 0.254397 -0.029744 -0.070301 -0.006121 0.997063
1305031125.311493 -0.060196 -0.128816 0.256054 -0.030618 -0.067244 -0.005974 0.997249
1305031125.348880 -0.059478 -0.136487 0.260258 -0.027250 -0.066877 -0.009181 0.997347
1305031125.379401 -0.055846 -0.137861 0.259724 -0.025699 -0.065621 -0.013252 0.997426
1305031125.411335 -0.054318 -0.147059 0.264917 -0.027269 -0.059998 -0.014049 0.997727
1305031125.451195 -0.055938 -0.151645 0.264744 -0.029540 -0.054030 -0.016196 0.997971
1305031125.479424 -0.058115 -0.161800 0.270774 -0.030271 -0.049720 -0.017860 0.998145
1305031125.511316 -0.056080 -0.162239 0.271049 -0.029122 -0.046760 -0.018309 0.998314
1305031125.551020 -0.056563 -0.165920 0.271802 -0.030355 -0.043428 -0.020051 0.998394
1305031125.579308 -0.056101 -0.168580 0.272219 -0.031950 -0.039951 -0.022729 0.998432
1305031125.611533 -0.058297 -0.173121 0.273830 -0.031841 -0.036074 -0.022779 0.998582
1305031125.650575 -0.064649 -0.174205 0.272656 -0.027370 -0.034200 -0.019598 0.998848
1305031125.679328 -0.065195 -0.166759 0.265053 -0.022156 -0.038249 -0.018076 0.998859
1305031125.711443 -0.063135 -0.168027 0.265077 -0.021741 -0.044535 -0.016205 0.998640
1305031125.751260 -0.057511 -0.156442 0.259352 -0.015711 -0.048579 -0.014041 0.998597
1305031125.779348 -0.056014 -0.148260 0.253413 -0.015206 -0.049545 -0.017030 0.998511
1305031125.811573 -0.054258 -0.137766 0.248021 -0.013976 -0.049013 -0.018749 0.998524
1305031125.847412 -0.055409 -0.131081 0.243464 -0.016638 -0.046986 -0.019812 0.998560
1305031125.879318 -0.060391 -0.122802 0.239519 -0.016670 -0.046100 -0.021354 0.998569
1305031125.911305 -0.061096 -0.104941 0.233281 -0.017533 -0.049233 -0.019659 0.998440
1305031125.947343 -0.067814 -0.098498 0.231625 -0.021411 -0.054044 -0.017539 0.998155
1305031125.979324 -0.064449 -0.088402 0.229620 -0.022361 -0.062722 -0.013580 0.997688
1305031126.011333 -0.060605 -0.074909 0.223346 -0.023546 -0.068807 -0.014328 0.997249
1305031126.047324 -0.056980 -0.060242 0.219093 -0.025499 -0.070649 -0.014239 0.997074
1305031126.079356 -0.053760 -0.046726 0.215807 -0.029359 -0.069983 -0.012918 0.997032
1305031126.111370 -0.055324 -0.039250 0.214850 -0.034510 -0.068509 -0.014288 0.996951
1305031126.147432 -0.053504 -0.022988 0.212284 -0.036118 -0.067799 -0.012268 0.996970
1305031126.179384 -0.054584 -0.006410 0.207713 -0.041335 -0.067416 -0.011527 0.996802
1305031126.211319 -0.053439 0.001266 0.209712 -0.047093 -0.068402 -0.011643 0.996478
1305031126.247298 -0.051939 0.017334 0.204712 -0.049085 -0.067263 -0.011551 0.996460
1305031126.279363 -0.050004 0.029412 0.203836 -0.053539 -0.066101 -0.012851 0.996293
1305031126.311332 -0.047613 0.043335 0.200634 -0.057243 -0.063660 -0.014103 0.996229
1305031126.347363 -0.047704 0.054177 0.199147 -0.061673 -0.059871 -0.016198 0.996167
1305031126.379423 -0.049797 0.063355 0.196452 -0.066481 -0.056137 -0.017128 0.996060
1305031126.411465 -0.051630 0.075793 0.192062 -0.070330 -0.053588 -0.019245 0.995897
1305031126.447361 -0.052404 0.083812 0.191059 -0.075252 -0.052099 -0.018418 0.995632
1305031126.479533 -0.055265 0.091613 0.188160 -0.078464 -0.051185 -0.016070 0.995472
1305031126.511410 -0.054290 0.108219 0.183062 -0.079410 -0.053132 -0.014577 0.995318
1305031126.547374 -0.051403 0.117011 0.179798 -0.085509 -0.054072 -0.013731 0.994774
1305031126.579454 -0.049325 0.124271 0.179024 -0.090645 -0.052587 -0.012098 0.994420
1305031126.611528 -0.049047 0.131883 0.177057 -0.096468 -0.050678 -0.010713 0.993987
1305031126.647376 -0.047591 0.133933 0.178465 -0.102663 -0.049301 -0.008368 0.993458
1305031126.679479 -0.046510 0.138364 0.176610 -0.105415 -0.047253 -0.004034 0.993297
1305031126.711583 -0.045584 0.144231 0.173006 -0.108377 -0.045598 -0.001042 0.993063
1305031126.747316 -0.044220 0.146003 0.173530 -0.110370 -0.044374 0.001798 0.992898
1305031126.779379 -0.043657 0.151533 0.170361 -0.109886 -0.043202 0.004795 0.992993
1305031126.811602 -0.039244 0.153809 0.168346 -0.111008 -0.042455 0.005298 0.992898
1305031126.847343 -0.039409 0.158275 0.165508 -0.110690 -0.038121 0.005673 0.993107
1305031126.879357 -0.037461 0.160137 0.164487 -0.111900 -0.036984 0.006633 0.993009
1305031126.911364 -0.035404 0.160371 0.163469 -0.112700 -0.035474 0.005904 0.992978
1305031126.947437 -0.038356 0.165436 0.160541 -0.111427 -0.032865 0.007677 0.993199
1305031126.979337 -0.037328 0.162697 0.160806 -0.113201 -0.034253 0.008829 0.992942
1305031127.011371 -0.036300 0.162688 0.160484 -0.111712 -0.035541 0.009334 0.993061
1305031127.047297 -0.037212 0.164061 0.159414 -0.110302 -0.035377 0.010167 0.993216
1305031127.079299 -0.035994 0.161306 0.160233 -0.111823 -0.036483 0.010643 0.993001
1305031127.111435 -0.038949 0.160890 0.160441 -0.110899 -0.037538 0.011474 0.993056
1305031127.147307 -0.040145 0.157793 0.161665 -0.110061 -0.040594 0.011937 0.993024
1305031127.179349 -0.039587 0.157816 0.161997 -0.107366 -0.043828 0.011328 0.993188
1305031127.211700 -0.038091 0.153924 0.163297 -0.107690 -0.045861 0.010979 0.993066
1305031127.247374 -0.037448 0.151498 0.164770 -0.105456 -0.046311 0.010306 0.993292
1305031127.279465 -0.038939 0.151478 0.164769 -0.102235 -0.045954 0.009155 0.993656
1305031127.311362 -0.041901 0.149947 0.165045 -0.101942 -0.045572 0.008233 0.993712
1305031127.347356 -0.040922 0.144282 0.169477 -0.101025 -0.048041 0.007935 0.993692
1305031127.379262 -0.041429 0.143778 0.169944 -0.097975 -0.048995 0.007778 0.993952
1305031127.411371 -0.042521 0.142420 0.170897 -0.097412 -0.049748 0.006717 0.993977
1305031127.447333 -0.043491 0.136916 0.174548 -0.097724 -0.050883 0.006405 0.993891
1305031127.479362 -0.042640 0.137384 0.175222 -0.095252 -0.052564 0.005932 0.994047
1305031127.511356 -0.043942 0.137188 0.176385 -0.095808 -0.053334 0.004597 0.993959
1305031127.547348 -0.044665 0.133645 0.179209 -0.095955 -0.054041 0.004555 0.993907
1305031127.579345 -0.044759 0.133734 0.180173 -0.093872 -0.054726 0.004420 0.994069
1305031127.611271 -0.044109 0.135211 0.180236 -0.093480 -0.055577 0.004447 0.994059
1305031127.647358 -0.043903 0.131041 0.183268 -0.095537 -0.056149 0.005719 0.993825
1305031127.679298 -0.044631 0.128565 0.184210 -0.094709 -0.056373 0.006484 0.993886
1305031127.711375 -0.042868 0.131246 0.183211 -0.093031 -0.058015 0.006455 0.993951
1305031127.747304 -0.042718 0.130050 0.184755 -0.094055 -0.058628 0.006416 0.993819
1305031127.779346 -0.044121 0.126166 0.186095 -0.094109 -0.058245 0.006411 0.993836
1305031127.811829 -0.043229 0.126600 0.184888 -0.092561 -0.059102 0.005515 0.993936
1305031127.847366 -0.044556 0.126479 0.184423 -0.092459 -0.058619 0.004521 0.993979
1305031127.879380 -0.046561 0.125685 0.185062 -0.092466 -0.058210 0.003936 0.994005
1305031127.911476 -0.045710 0.125518 0.185292 -0.092055 -0.059680 0.003774 0.993957
1305031127.947366 -0.046199 0.126941 0.185169 -0.092132 -0.060440 0.003831 0.993903
1305031127.979371 -0.048302 0.127906 0.185659 -0.092861 -0.060260 0.003583 0.993847
1305031128.011427 -0.045780 0.126710 0.187926 -0.094569 -0.061388 0.003314 0.993618
1305031128.047369 -0.045820 0.124567 0.190362 -0.097482 -0.060298 0.004276 0.993400
1305031128.079334 -0.045399 0.121949 0.193105 -0.097912 -0.060360 0.005570 0.993347
1305031128.111391 -0.044957 0.120197 0.194961 -0.097988 -0.060774 0.006266 0.993310
1305031128.147418 -0.044259 0.119454 0.196175 -0.098877 -0.061075 0.007675 0.993194
1305031128.179350 -0.043255 0.115498 0.198847 -0.099185 -0.061492 0.009114 0.993125
1305031128.211447 -0.042675 0.116368 0.199320 -0.096890 -0.061875 0.009404 0.993325
1305031128.247480 -0.042771 0.117997 0.198468 -0.096464 -0.062274 0.009817 0.993338
1305031128.279336 -0.043619 0.114474 0.200418 -0.097638 -0.062241 0.009625 0.993227
1305031128.311483 -0.043362 0.115255 0.199448 -0.096034 -0.062395 0.008946 0.993380
1305031128.347423 -0.043326 0.115977 0.199352 -0.095677 -0.062664 0.008287 0.993403
1305031128.379404 -0.043784 0.114769 0.200194 -0.096189 -0.063063 0.006773 0.993340
1305031128.411337 -0.044734 0.113095 0.199905 -0.095894 -0.062654 0.005182 0.993404
1305031128.447296 -0.045110 0.114144 0.199127 -0.094948 -0.062721 0.004199 0.993495
1305031128.479296 -0.045188 0.112497 0.199762 -0.095755 -0.063037 0.003324 0.993401
1305031128.511433 -0.044608 0.111925 0.200009 -0.095422 -0.063152 0.002711 0.993428
1305031128.547399 -0.043782 0.115007 0.198981 -0.093529 -0.063108 0.002403 0.993612
1305031128.579455 -0.045529 0.110247 0.199717 -0.094907 -0.061602 0.001852 0.993577
1305031128.611395 -0.046502 0.109601 0.198912 -0.093753 -0.061361 0.002349 0.993700
1305031128.647352 -0.048382 0.110944 0.197813 -0.092576 -0.061751 0.002450 0.993786
