# TF Coordinate Frame ID: openni_rgb_optical_frame(data: openni_rgb_optical_frame)
1305031102.175304 -0.000362 -0.001786 -0.008776 0.000008 0.001098 -0.001369 0.999998
1305031102.211214 0.003413 0.006192 0.000007 -0.001788 -0.003805 -0.001662 0.999990
1305031102.243211 -0.000772 0.009162 0.004620 -0.006427 -0.005593 -0.002011 0.999962
1305031102.275326 -0.002424 0.007480 0.024116 -0.012078 -0.008274 -0.002445 0.999890
1305031102.311267 -0.003807 0.005170 0.037608 -0.017473 -0.009497 -0.001713 0.999801
1305031102.343233 -0.006283 0.004331 0.052431 -0.020230 -0.011172 -0.000586 0.999733
1305031102.375329 -0.000738 0.005881 0.067209 -0.022520 -0.014903 0.001112 0.999635
1305031102.411258 -0.005071 0.011017 0.077558 -0.022737 -0.016663 -0.000451 0.999603
1305031102.443271 -0.002835 0.018222 0.085101 -0.026470 -0.020846 -0.000128 0.999432
1305031102.475318 -0.003943 0.016611 0.095429 -0.034049 -0.022676 -0.001139 0.999162
1305031102.511219 -0.003332 0.021324 0.131697 -0.038938 -0.024066 -0.000832 0.998951
1305031102.575286 0.000369 0.011404 0.143010 -0.047816 -0.021171 -0.004920 0.998620
1305031102.611233 0.000057 0.008236 0.165336 -0.047062 -0.019641 -0.003096 0.998694
1305031102.643265 -0.007953 0.012238 0.170068 -0.044735 -0.015473 -0.003430 0.998873
1305031102.675285 -0.008300 0.018216 0.175574 -0.043911 -0.016567 -0.002415 0.998895
1305031102.711263 -0.011942 0.018486 0.190863 -0.044708 -0.015471 -0.001912 0.998878
1305031102.743234 -0.008954 0.022439 0.198788 -0.045913 -0.017323 -0.000081 0.998795
1305031102.775472 -0.003567 0.024038 0.211577 -0.047895 -0.016736 -0.001844 0.998710
1305031102.811232 -0.004037 0.026479 0.226350 -0.049250 -0.014101 -0.002567 0.998684
1305031102.843290 -0.006695 0.028882 0.237535 -0.050464 -0.008949 -0.004184 0.998677
1305031102.875363 -0.011065 0.029140 0.250277 -0.050611 -0.004676 -0.007211 0.998681
1305031102.911185 -0.012264 0.031439 0.263079 -0.050719 -0.003228 -0.007888 0.998677
1305031102.943229 -0.019617 0.037062 0.274234 -0.049385 -0.000720 -0.009055 0.998738
1305031102.975203 -0.028526 0.040198 0.284762 -0.049338 -0.004471 -0.010760 0.998714
1305031103.011215 -0.029359 0.044720 0.296727 -0.049700 -0.010563 -0.007843 0.998678
1305031103.043227 -0.030879 0.046831 0.307977 -0.051983 -0.016306 -0.005431 0.998500
1305031103.075319 -0.024470 0.048762 0.323070 -0.051513 -0.022383 -0.002513 0.998418
1305031103.111240 -0.024235 0.055959 0.330503 -0.049283 -0.022670 -0.000742 0.998527
1305031103.143318 -0.024386 0.058261 0.336802 -0.050353 -0.021922 0.000141 0.998491
1305031103.175452 -0.024174 0.062939 0.346296 -0.050870 -0.020845 0.000651 0.998488
1305031103.211220 -0.026613 0.073940 0.366691 -0.053321 -0.021054 0.001898 0.998354
1305031103.275370 -0.036974 0.072134 0.364240 -0.072359 -0.016775 0.007264 0.997211
1305031103.311210 -0.035039 0.070653 0.377449 -0.078720 -0.029234 0.008133 0.996435
1305031103.343223 -0.027338 0.074252 0.384202 -0.078130 -0.036719 0.008797 0.996228
1305031103.375327 -0.024176 0.071317 0.387082 -0.084048 -0.036970 0.012045 0.995703
1305031103.411260 -0.024055 0.071667 0.391391 -0.084520 -0.037831 0.013836 0.995607
1305031103.443280 -0.023917 0.069555 0.391779 -0.084500 -0.041153 0.013130 0.995487
1305031103.475274 -0.023379 0.067648 0.388442 -0.083783 -0.044170 0.011729 0.995436
1305031103.511333 -0.018991 0.065201 0.389317 -0.081113 -0.049032 0.010464 0.995443
1305031103.543444 -0.018534 0.060923 0.384582 -0.077395 -0.051080 0.009009 0.995650
1305031103.575474 -0.022767 0.058577 0.374539 -0.072559 -0.050385 0.008659 0.996053
1305031103.611223 -0.027164 0.056117 0.361678 -0.068959 -0.050609 0.009214 0.996292
1305031103.643445 -0.024551 0.052172 0.354547 -0.066439 -0.056436 0.010984 0.996133
1305031103.675523 -0.019500 0.047981 0.345503 -0.064363 -0.061113 0.011617 0.995986
1305031103.711610 -0.016173 0.044267 0.334169 -0.062272 -0.063138 0.011766 0.995991
1305031103.743326 -0.013039 0.038701 0.322095 -0.060062 -0.063533 0.011263 0.996107
1305031103.775342 -0.011525 0.036363 0.311402 -0.057044 -0.063423 0.008637 0.996318
1305031103.811242 -0.009494 0.033779 0.290070 -0.056850 -0.062700 0.005233 0.996398
1305031103.843251 -0.015915 0.034888 0.270168 -0.057867 -0.058851 0.000595 0.996588
1305031103.875361 -0.017771 0.023743 0.256165 -0.066113 -0.061056 -0.001387 0.995941
1305031103.911221 -0.011077 0.021838 0.254904 -0.064232 -0.068769 -0.001318 0.995562
1305031103.943211 -0.010107 0.015702 0.245138 -0.064215 -0.072177 -0.002257 0.995320
1305031103.975373 -0.005230 0.010829 0.232460 -0.062725 -0.075568 -0.002403 0.995163
1305031104.011232 0.001170 -0.000432 0.222377 -0.061515 -0.078118 -0.003681 0.995038
1305031104.043249 0.003345 -0.004644 0.204125 -0.054930 -0.073334 -0.005587 0.995778
1305031104.075425 0.009380 -0.004223 0.188834 -0.050145 -0.070081 -0.007730 0.996250
1305031104.111235 0.013044 -0.008293 0.172452 -0.046564 -0.064533 -0.009184 0.996786
1305031104.143230 0.013196 -0.014877 0.162619 -0.043271 -0.058950 -0.010081 0.997272
1305031104.175424 0.011514 -0.018299 0.148293 -0.039057 -0.054637 -0.011175 0.997680
1305031104.211283 0.011996 -0.022217 0.134075 -0.035147 -0.051717 -0.011303 0.997979
1305031104.243196 0.011325 -0.025892 0.120619 -0.030764 -0.048811 -0.011537 0.998267
1305031104.275546 0.014781 -0.026515 0.108511 -0.025762 -0.047102 -0.012228 0.998483
1305031104.311219 0.015113 -0.028765 0.093168 -0.021853 -0.042881 -0.012659 0.998761
1305031104.343342 0.019993 -0.027871 0.078648 -0.017962 -0.039073 -0.013382 0.998985
1305031104.375837 0.013335 -0.030441 0.059672 -0.015892 -0.031675 -0.014024 0.999273
1305031104.411509 0.013110 -0.029719 0.049981 -0.014411 -0.028142 -0.012583 0.999421
1305031104.443288 0.003562 -0.027151 0.036347 -0.011710 -0.023610 -0.014199 0.999552
1305031104.475456 0.000283 -0.027309 0.027765 -0.011626 -0.023322 -0.013442 0.999570
1305031104.511329 -0.002428 -0.032003 0.021996 -0.011774 -0.026504 -0.011950 0.999508
1305031104.543368 0.000020 -0.035948 0.016282 -0.009611 -0.030007 -0.010388 0.999449
1305031104.575343 0.008571 -0.041922 0.012376 -0.006018 -0.031077 -0.009176 0.999457
1305031104.611336 0.013040 -0.053101 0.017555 0.000877 -0.028164 -0.007071 0.999578
1305031104.643243 0.015609 -0.053705 0.003970 0.013201 -0.020704 -0.006810 0.999675
1305031104.675525 0.021630 -0.058124 -0.005726 0.024056 -0.013670 -0.005184 0.999604
1305031104.711277 0.018513 -0.058334 -0.013929 0.038457 -0.004665 -0.003706 0.999243
1305031104.743280 0.023238 -0.055442 -0.025058 0.052508 0.002415 -0.000520 0.998617
1305031104.775327 0.022485 -0.055366 -0.041754 0.064484 0.009973 0.000871 0.997869
1305031104.811465 0.025682 -0.049773 -0.049711 0.076652 0.016285 0.003142 0.996920
1305031104.843258 0.024076 -0.050678 -0.067423 0.083848 0.024112 0.005627 0.996171
1305031104.875350 0.022979 -0.043160 -0.078716 0.090975 0.028030 0.007825 0.995428
1305031104.911534 0.022569 -0.042796 -0.091566 0.092320 0.029153 0.008418 0.995267
1305031104.943262 0.026436 -0.033297 -0.097684 0.095024 0.029311 0.010435 0.994989
1305031104.975202 0.023488 -0.029247 -0.101465 0.094504 0.030744 0.009929 0.995000
1305031105.011290 0.020610 -0.024001 -0.111346 0.091078 0.030333 0.009254 0.995339
1305031105.043373 0.020120 -0.021167 -0.106550 0.084648 0.029959 0.007714 0.995931
1305031105.075320 0.019091 -0.021274 -0.100319 0.077726 0.029464 0.004893 0.996527
1305031105.111299 0.005997 -0.025742 -0.091665 0.070893 0.031092 0.002289 0.996997
1305031105.143106 0.009588 -0.010521 -0.077660 0.067984 0.027420 0.001304 0.997309
1305031105.175159 0.005403 -0.006021 -0.075983 0.055425 0.024779 -0.003058 0.998151
1305031105.211268 -0.003930 -0.013706 -0.056865 0.041020 0.023382 -0.004143 0.998876
1305031105.243270 -0.004474 -0.009796 -0.034213 0.033961 0.016536 -0.006134 0.999268
1305031105.275288 -0.010580 -0.005409 -0.020501 0.024515 0.011643 -0.008372 0.999597
1305031105.311290 -0.015873 -0.008041 -0.004442 0.013902 0.004511 -0.009661 0.999847
1305031105.343302 -0.012811 -0.012304 0.014732 0.003662 -0.003325 -0.007878 0.999957
1305031105.375338 -0.011637 -0.017194 0.039700 -0.001474 -0.009916 -0.008033 0.999917
1305031105.411286 -0.013177 -0.009921 0.046406 -0.005289 -0.014193 -0.008821 0.999846
1305031105.443316 -0.012976 -0.011122 0.064183 -0.012348 -0.019049 -0.008839 0.999703
1305031105.475280 -0.016433 -0.014119 0.080734 -0.017239 -0.021350 -0.009607 0.999577
1305031105.511332 -0.015762 -0.011465 0.091885 -0.021569 -0.024207 -0.009437 0.999430
1305031105.543282 -0.016618 -0.013513 0.106072 -0.026403 -0.024552 -0.008537 0.999313
1305031105.575449 -0.018406 -0.011252 0.122458 -0.028926 -0.026029 -0.008718 0.999205
1305031105.611378 -0.019290 -0.014417 0.140732 -0.033208 -0.026559 -0.007686 0.999066
1305031105.643273 -0.017974 -0.013796 0.157745 -0.034175 -0.028352 -0.005089 0.999001
1305031105.675166 -0.017187 -0.012808 0.168157 -0.036341 -0.029259 -0.004451 0.998901
1305031105.711309 -0.009612 -0.014387 0.188896 -0.036564 -0.030304 -0.003895 0.998864
1305031105.743312 -0.010277 -0.011789 0.202222 -0.035236 -0.025918 -0.003942 0.999035
1305031105.775339 -0.006750 -0.006355 0.213567 -0.033706 -0.021861 -0.004263 0.999184
1305031105.811283 -0.007492 -0.008174 0.230557 -0.034186 -0.016895 -0.002791 0.999269
1305031105.843271 -0.007574 -0.005531 0.243368 -0.032195 -0.012535 -0.002966 0.999399
1305031105.875337 -0.008029 0.001096 0.254618 -0.030195 -0.006431 -0.001314 0.999522
1305031105.911262 -0.006442 0.003837 0.262204 -0.033198 -0.002571 0.003090 0.999441
1305031105.943272 -0.007654 0.007225 0.275222 -0.036420 0.001603 0.005840 0.999318
1305031105.975329 -0.010269 0.013961 0.283942 -0.039321 0.006024 0.006820 0.999185
1305031106.011285 -0.010329 0.017305 0.295821 -0.043999 0.007910 0.007922 0.998969
1305031106.043355 -0.009701 0.022432 0.309963 -0.047840 0.009671 0.009189 0.998766
1305031106.075330 -0.011544 0.026309 0.322674 -0.051943 0.010996 0.010615 0.998533
1305031106.111327 -0.015317 0.034746 0.334612 -0.055506 0.012374 0.011580 0.998314
1305031106.143355 -0.017718 0.037750 0.346792 -0.062185 0.011089 0.013129 0.997917
1305031106.175534 -0.017646 0.038806 0.359957 -0.066932 0.009010 0.014286 0.997615
1305031106.211275 -0.018091 0.038131 0.371359 -0.071603 0.006978 0.015510 0.997288
1305031106.243267 -0.018675 0.043927 0.382091 -0.070146 0.004931 0.019275 0.997338
1305031106.276385 -0.021967 0.048596 0.388119 -0.070893 0.004801 0.019918 0.997274
1305031106.311238 -0.021617 0.051144 0.394447 -0.075300 0.003258 0.023309 0.996883
1305031106.343258 -0.026387 0.060105 0.398275 -0.077737 0.004368 0.022657 0.996707
1305031106.375388 -0.020450 0.060610 0.403938 -0.087909 0.001031 0.016938 0.995984
1305031106.411320 -0.017905 0.052551 0.411244 -0.098679 0.005191 0.011589 0.995038
1305031106.443278 -0.022093 0.052912 0.414085 -0.097830 0.009868 0.006547 0.995133
1305031106.475345 -0.022289 0.051914 0.414508 -0.097988 0.007544 0.006937 0.995135
1305031106.511129 -0.019861 0.049870 0.409559 -0.095433 0.001679 0.007685 0.995405
1305031106.543302 -0.019965 0.050818 0.402073 -0.089915 -0.002434 0.006448 0.995926
1305031106.575282 -0.019676 0.048715 0.394217 -0.086721 -0.004810 0.005396 0.996206
1305031106.611151 -0.023295 0.047492 0.380571 -0.085826 -0.006108 0.002049 0.996289
1305031106.643207 -0.021157 0.042373 0.372392 -0.086361 -0.010327 0.000486 0.996210
1305031106.675279 -0.026840 0.041633 0.360188 -0.083256 -0.011210 -0.000250 0.996465
1305031106.711508 -0.027935 0.038319 0.345465 -0.084705 -0.016964 -0.000538 0.996262
1305031106.743341 -0.029075 0.035072 0.333201 -0.083169 -0.023516 -0.000544 0.996258
1305031106.775390 -0.026902 0.031540 0.320681 -0.082717 -0.030382 0.000390 0.996110
1305031106.811289 -0.025893 0.031780 0.304142 -0.081597 -0.034686 -0.000302 0.996062
1305031106.843416 -0.022516 0.022990 0.292092 -0.084200 -0.040520 -0.000458 0.995625
1305031106.875905 -0.017684 0.018879 0.282004 -0.078471 -0.045930 -0.004028 0.995850
1305031106.911243 -0.013083 0.015947 0.267044 -0.076101 -0.047380 -0.006837 0.995950
1305031106.943439 -0.011692 0.008489 0.249141 -0.074752 -0.046698 -0.011406 0.996043
1305031106.975547 -0.013585 0.002338 0.235060 -0.068998 -0.043510 -0.015847 0.996542
1305031107.011576 -0.007381 -0.001098 0.217989 -0.064611 -0.043778 -0.017784 0.996791
1305031107.043281 -0.011585 -0.001801 0.193629 -0.061900 -0.038247 -0.020551 0.997137
1305031107.075432 -0.016887 -0.008711 0.184657 -0.058454 -0.036155 -0.022015 0.997392
1305031107.111229 -0.013792 -0.011059 0.167908 -0.054169 -0.037482 -0.022433 0.997576
1305031107.143260 -0.010061 -0.009223 0.148362 -0.050336 -0.037363 -0.022973 0.997769
1305031107.175399 -0.009084 -0.016801 0.136471 -0.049673 -0.035915 -0.023378 0.997846
1305031107.211358 -0.005781 -0.026295 0.129368 -0.046009 -0.034598 -0.024325 0.998045
1305031107.243378 -0.001783 -0.024845 0.115369 -0.038237 -0.032382 -0.024727 0.998438
1305031107.275398 0.001446 -0.028214 0.102619 -0.032836 -0.029570 -0.024062 0.998733
1305031107.311226 0.001831 -0.036463 0.090294 -0.027277 -0.025648 -0.025502 0.998973
1305031107.343509 0.001462 -0.046233 0.079156 -0.018503 -0.020349 -0.026270 0.999276
1305031107.375413 0.005754 -0.041112 0.065553 -0.006956 -0.015857 -0.025674 0.999520
1305031107.411271 0.007561 -0.040335 0.051323 0.000265 -0.009675 -0.026391 0.999605
1305031107.443419 0.012122 -0.038667 0.040672 0.005925 -0.006334 -0.025311 0.999642
1305031107.475377 0.013047 -0.037925 0.032817 0.009791 -0.000850 -0.024848 0.999643
1305031107.511352 0.013491 -0.035175 0.019814 0.012150 0.003966 -0.025209 0.999601
1305031107.543605 0.015864 -0.034626 0.013326 0.009558 0.006714 -0.023577 0.999654
1305031107.575454 0.018168 -0.039315 0.018958 0.008552 0.008528 -0.020134 0.999724
1305031107.611271 0.019786 -0.035915 0.014743 0.009527 0.010192 -0.019585 0.999711
1305031107.643323 0.021812 -0.030912 0.010200 0.007670 0.011271 -0.017098 0.999761
1305031107.675568 0.019237 -0.031471 0.015651 0.006200 0.013138 -0.018061 0.999731
1305031107.711307 0.018833 -0.026607 0.016208 0.006019 0.012995 -0.017404 0.999746
1305031107.743538 0.015433 -0.021083 0.013234 0.003961 0.013047 -0.016839 0.999765
1305031107.775802 0.018016 -0.022088 0.018919 0.000433 0.008919 -0.017434 0.999808
1305031107.811596 0.017122 -0.020068 0.020981 -0.001171 0.007790 -0.018547 0.999797
1305031107.843332 0.019783 -0.017916 0.021789 -0.003488 0.006958 -0.018609 0.999797
1305031107.875358 0.026858 -0.020509 0.030955 -0.004905 0.006500 -0.021293 0.999740
1305031107.911541 0.028333 -0.020929 0.035287 -0.003947 0.009343 -0.024267 0.999654
1305031107.943122 0.032733 -0.020603 0.042969 -0.001695 0.012943 -0.025128 0.999599
1305031107.975807 0.038383 -0.023938 0.043258 -0.000275 0.016984 -0.024478 0.999556
1305031108.011320 0.047493 -0.025209 0.044408 0.003313 0.021268 -0.027510 0.999390
1305031108.043418 0.059209 -0.024568 0.043165 0.005643 0.028082 -0.025563 0.999263
1305031108.075352 0.072074 -0.026952 0.042435 0.006343 0.036385 -0.019798 0.999122
1305031108.111378 0.079963 -0.027609 0.045440 0.008918 0.042767 -0.018921 0.998866
1305031108.143334 0.090339 -0.023846 0.046599 0.012071 0.046985 -0.018545 0.998650
1305031108.176058 0.098124 -0.020142 0.044284 0.010826 0.051556 -0.016149 0.998481
1305031108.211475 0.106554 -0.020745 0.045753 0.005876 0.054118 -0.016675 0.998378
1305031108.243347 0.130025 -0.025804 0.053517 0.003900 0.054142 -0.017231 0.998377
1305031108.275358 0.136072 -0.020843 0.056334 0.005138 0.060284 -0.017237 0.998019
1305031108.311332 0.141898 -0.017758 0.054112 0.001842 0.063024 -0.016385 0.997876
1305031108.343278 0.146427 -0.015053 0.057067 -0.003467 0.063252 -0.015086 0.997878
1305031108.375410 0.155056 -0.013539 0.061245 -0.008441 0.061433 -0.010969 0.998015
1305031108.411361 0.168464 -0.016862 0.065191 -0.014631 0.056480 -0.003255 0.998291
1305031108.443610 0.185702 -0.015004 0.068027 -0.018904 0.053520 0.003323 0.998382
1305031108.475471 0.195350 -0.016299 0.073824 -0.022109 0.054349 0.010604 0.998221
1305031108.511378 0.223968 -0.014620 0.074821 -0.020047 0.051986 0.016073 0.998317
1305031108.543737 0.238797 -0.013520 0.078668 -0.014915 0.058735 0.015500 0.998042
1305031108.575414 0.245895 -0.012500 0.078415 -0.012121 0.064751 0.013094 0.997742
1305031108.611407 0.255807 -0.011957 0.078301 -0.012295 0.072127 0.013699 0.997226
1305031108.643303 0.266063 -0.010112 0.078464 -0.012363 0.077651 0.015160 0.996789
1305031108.675375 0.281936 -0.006968 0.073123 -0.014761 0.081111 0.019733 0.996400
1305031108.711411 0.291273 -0.010183 0.077601 -0.020124 0.089224 0.023509 0.995531
1305031108.743502 0.297119 -0.008511 0.080691 -0.020630 0.095027 0.024299 0.994964
1305031108.775493 0.305325 -0.006099 0.081033 -0.021135 0.098843 0.026679 0.994521
1305031108.811244 0.303544 -0.007412 0.082687 -0.023054 0.104552 0.030903 0.993772
1305031108.843264 0.311487 -0.009319 0.085685 -0.022448 0.102854 0.037132 0.993750
1305031108.876515 0.311294 -0.007379 0.083387 -0.019398 0.100307 0.044091 0.993790
1305031108.911364 0.310187 -0.009394 0.083199 -0.016776 0.097144 0.048264 0.993958
1305031108.943243 0.308406 -0.009358 0.082909 -0.010952 0.094060 0.049963 0.994252
1305031108.975268 0.306985 -0.004686 0.077738 -0.005984 0.087262 0.048451 0.994988
1305031109.011269 0.307404 -0.006325 0.073992 -0.007539 0.082337 0.046661 0.995483
1305031109.043277 0.302537 -0.006259 0.073429 -0.006103 0.080947 0.044601 0.995701
1305031109.075410 0.298172 -0.003562 0.068498 -0.007417 0.076808 0.040106 0.996211
1305031109.111282 0.287200 -0.007713 0.067128 -0.012964 0.076583 0.036528 0.996310
1305031109.143334 0.271670 -0.008387 0.069749 -0.013500 0.075368 0.033933 0.996487
1305031109.175464 0.263122 -0.003295 0.066413 -0.012373 0.067673 0.030476 0.997165
1305031109.211379 0.246498 -0.002004 0.062592 -0.017882 0.065427 0.031852 0.997189
1305031109.243290 0.232113 -0.005067 0.062174 -0.027487 0.063831 0.037130 0.996891
1305031109.275308 0.222097 -0.008795 0.067853 -0.030190 0.058046 0.041715 0.996985
1305031109.311329 0.209624 -0.002363 0.066555 -0.025427 0.047687 0.042811 0.997620
1305031109.343248 0.192103 -0.004934 0.063366 -0.029726 0.039406 0.041343 0.997925
1305031109.375397 0.177761 -0.003455 0.065564 -0.032058 0.031857 0.040841 0.998143
1305031109.411329 0.167430 0.000015 0.064471 -0.031183 0.023778 0.036704 0.998556
1305031109.443302 0.153805 0.001396 0.064725 -0.035277 0.018921 0.031109 0.998714
1305031109.475363 0.142139 0.001218 0.064967 -0.037787 0.015997 0.028188 0.998760
1305031109.511273 0.131198 0.001138 0.064708 -0.037220 0.012518 0.024043 0.998939
1305031109.543294 0.117575 -0.001694 0.064866 -0.035682 0.010932 0.021014 0.999082
1305031109.575362 0.100657 0.003265 0.059074 -0.033936 0.011976 0.020670 0.999138
1305031109.611310 0.088777 0.001640 0.055280 -0.035097 0.010058 0.018383 0.999164
1305031109.643229 0.077943 0.003466 0.055226 -0.035009 0.008310 0.016946 0.999209
1305031109.675263 0.059227 0.007325 0.051216 -0.036396 0.009812 0.019633 0.999096
1305031109.711312 0.046943 0.009887 0.049657 -0.038740 0.006168 0.018793 0.999054
1305031109.743274 0.036348 0.010982 0.050125 -0.043248 0.002188 0.018030 0.998899
1305031109.775277 0.024796 0.010309 0.052071 -0.046266 0.000376 0.018362 0.998760
1305031109.811371 0.010627 0.011725 0.052814 -0.048452 -0.000665 0.017732 0.998668
1305031109.843296 -0.004694 0.012816 0.055038 -0.051796 -0.002706 0.016931 0.998510
1305031109.875306 -0.020967 0.013030 0.055416 -0.055577 -0.005077 0.015212 0.998326
1305031109.911265 -0.032852 0.010605 0.063480 -0.057470 -0.011921 0.010361 0.998222
1305031109.943299 -0.037760 0.011674 0.065864 -0.060321 -0.017960 0.007858 0.997987
1305031109.975258 -0.055307 0.016750 0.065759 -0.062606 -0.018669 0.001758 0.997862
1305031110.011256 -0.067012 0.019006 0.071843 -0.064367 -0.021955 -0.004264 0.997676
1305031110.043299 -0.076956 0.018885 0.076033 -0.067355 -0.024203 -0.011197 0.997373
1305031110.075319 -0.094465 0.021240 0.078685 -0.069228 -0.022941 -0.016628 0.997198
1305031110.111325 -0.112926 0.024878 0.079002 -0.072542 -0.022451 -0.021975 0.996870
1305031110.143432 -0.129391 0.022991 0.089410 -0.074295 -0.025298 -0.025851 0.996580
1305031110.175641 -0.139113 0.025317 0.088322 -0.076253 -0.029065 -0.026774 0.996305
1305031110.211637 -0.149126 0.029526 0.090767 -0.077878 -0.032829 -0.027961 0.996030
1305031110.243323 -0.168319 0.025104 0.099684 -0.080268 -0.034595 -0.028975 0.995751
1305031110.279321 -0.176841 0.022143 0.102738 -0.079762 -0.039163 -0.029912 0.995595
1305031110.311404 -0.189931 0.024419 0.103413 -0.076404 -0.041735 -0.031338 0.995710
1305031110.343355 -0.198085 0.027267 0.101716 -0.074951 -0.047788 -0.031203 0.995553
1305031110.379281 -0.209872 0.026979 0.103250 -0.074201 -0.053392 -0.034898 0.995201
1305031110.411469 -0.222981 0.033363 0.100891 -0.072598 -0.059155 -0.037241 0.994909
1305031110.443260 -0.228502 0.038981 0.096252 -0.074863 -0.067084 -0.039766 0.994140
1305031110.479331 -0.244047 0.035163 0.100475 -0.079199 -0.073264 -0.046130 0.993092
1305031110.511429 -0.261044 0.033468 0.102387 -0.080656 -0.078438 -0.050691 0.992357
1305031110.543408 -0.267890 0.039490 0.100955 -0.081021 -0.086395 -0.052881 0.991552
1305031110.579426 -0.273876 0.042585 0.097238 -0.084960 -0.093717 -0.056913 0.990333
1305031110.611307 -0.284992 0.041952 0.102259 -0.088841 -0.096579 -0.061927 0.989416
1305031110.643418 -0.300097 0.035770 0.108662 -0.089879 -0.096218 -0.065334 0.989139
1305031110.679606 -0.306333 0.044019 0.104049 -0.087649 -0.099103 -0.067598 0.988902
1305031110.711412 -0.307772 0.043157 0.104348 -0.091372 -0.103108 -0.068186 0.988115
1305031110.743249 -0.320446 0.042291 0.105617 -0.092060 -0.101768 -0.071360 0.987966
1305031110.779193 -0.324115 0.041692 0.105994 -0.092801 -0.103419 -0.072112 0.987670
1305031110.811386 -0.325589 0.042803 0.104967 -0.093050 -0.104306 -0.073449 0.987455
1305031110.843218 -0.329345 0.045162 0.104031 -0.093710 -0.105762 -0.076107 0.987036
1305031110.879313 -0.327864 0.040662 0.106152 -0.095699 -0.108621 -0.075615 0.986573
1305031110.911333 -0.325877 0.042770 0.105092 -0.095569 -0.110305 -0.075885 0.986378
1305031110.943862 -0.322587 0.043344 0.106832 -0.095469 -0.112435 -0.076854 0.986072
1305031110.979345 -0.312200 0.044882 0.106183 -0.095235 -0.113463 -0.077370 0.985936
1305031111.011431 -0.299844 0.047730 0.106864 -0.095030 -0.111196 -0.076306 0.986297
1305031111.043327 -0.294088 0.045405 0.110215 -0.095219 -0.105227 -0.073502 0.987146
1305031111.079283 -0.287781 0.048005 0.105955 -0.096113 -0.101882 -0.071675 0.987545
1305031111.111508 -0.278652 0.049690 0.109525 -0.096338 -0.100057 -0.068710 0.987920
1305031111.143257 -0.265114 0.042291 0.115694 -0.097319 -0.100048 -0.066787 0.987957
1305031111.179326 -0.250170 0.040787 0.115403 -0.095208 -0.097641 -0.066540 0.988420
1305031111.211433 -0.239354 0.040754 0.113485 -0.093511 -0.089191 -0.063193 0.989600
1305031111.243236 -0.231829 0.039959 0.114256 -0.092603 -0.086366 -0.062077 0.990006
1305031111.279308 -0.218527 0.035121 0.121755 -0.089872 -0.085562 -0.060785 0.990408
1305031111.311547 -0.208704 0.041771 0.114993 -0.083712 -0.080043 -0.055354 0.991726
1305031111.343397 -0.207454 0.046698 0.108573 -0.085545 -0.079418 -0.056766 0.991540
1305031111.379134 -0.190099 0.035157 0.118932 -0.088597 -0.084067 -0.053176 0.991088
1305031111.411296 -0.176060 0.037050 0.122189 -0.083134 -0.086369 -0.050094 0.991524
1305031111.443386 -0.153628 0.032893 0.118169 -0.084885 -0.095813 -0.055111 0.990241
1305031111.479259 -0.125253 0.026141 0.125471 -0.083218 -0.094000 -0.056757 0.990463
1305031111.511264 -0.117073 0.025551 0.122624 -0.079364 -0.081282 -0.055182 0.991993
1305031111.543250 -0.097299 0.019749 0.127250 -0.076670 -0.077607 -0.052512 0.992644
1305031111.579237 -0.084776 0.024958 0.121474 -0.070745 -0.067239 -0.047726 0.994081
1305031111.611271 -0.088738 0.024406 0.109615 -0.071847 -0.055597 -0.041578 0.994997
1305031111.643395 -0.069377 0.016034 0.126395 -0.070760 -0.058967 -0.034785 0.995141
1305031111.679320 -0.042281 0.022331 0.120153 -0.063482 -0.055321 -0.025149 0.996131
1305031111.711760 -0.023327 0.018021 0.115459 -0.064327 -0.048551 -0.025150 0.996430
1305031111.743386 0.001443 0.014838 0.121611 -0.060876 -0.039875 -0.021589 0.997115
1305031111.779423 0.019157 0.017441 0.119412 -0.056591 -0.023500 -0.016897 0.997978
1305031111.811406 0.019567 0.009987 0.117386 -0.056239 -0.004995 -0.018416 0.998235
1305031111.843299 0.031145 0.017276 0.117118 -0.049436 0.005350 -0.016517 0.998626
1305031111.879442 0.032548 0.014993 0.103870 -0.050904 0.016164 -0.012219 0.998498
1305031111.911354 0.037674 0.017643 0.114138 -0.048746 0.017419 -0.005626 0.998643
1305031111.943300 0.051995 0.016704 0.115425 -0.047438 0.013407 0.002426 0.998781
1305031111.979449 0.077516 0.017372 0.109803 -0.045614 0.011485 0.009585 0.998847
1305031112.011433 0.102257 0.014379 0.105533 -0.044917 0.014990 0.011932 0.998807
1305031112.043270 0.113852 0.018118 0.104338 -0.039103 0.024084 0.008089 0.998912
1305031112.079339 0.133563 0.014380 0.101289 -0.038508 0.034073 0.009495 0.998632
1305031112.111423 0.129658 0.011687 0.102037 -0.037024 0.048472 0.003236 0.998133
1305031112.144342 0.153183 0.015957 0.098116 -0.034724 0.049660 -0.002478 0.998159
1305031112.179390 0.170619 0.008203 0.096019 -0.040380 0.060964 -0.005364 0.997308
1305031112.211254 0.183680 0.001886 0.100731 -0.041614 0.070575 -0.010698 0.996581
1305031112.243369 0.197777 -0.003093 0.103591 -0.037045 0.080053 -0.014016 0.996003
1305031112.279353 0.186920 -0.000604 0.105607 -0.030423 0.094673 -0.018745 0.994867
1305031112.311312 0.197735 -0.000211 0.104242 -0.023178 0.096366 -0.020096 0.994873
1305031112.343323 0.205245 -0.000903 0.100860 -0.016654 0.097483 -0.019520 0.994906
1305031112.379360 0.213078 -0.001180 0.098936 -0.012535 0.096860 -0.015723 0.995095
1305031112.411442 0.229086 -0.001951 0.095869 -0.010358 0.092854 -0.011171 0.995563
1305031112.443391 0.243504 -0.003326 0.096043 -0.007987 0.090693 -0.004483 0.995837
1305031112.479418 0.250252 -0.004582 0.094828 -0.005194 0.090341 0.004179 0.995889
1305031112.511504 0.258065 -0.005942 0.094636 -0.003312 0.087252 0.011835 0.996110
1305031112.543212 0.270690 -0.006518 0.093465 -0.000744 0.082830 0.016506 0.996427
1305031112.579252 0.278976 -0.005598 0.091925 0.001535 0.079744 0.021814 0.996575
1305031112.611261 0.300004 -0.002131 0.087235 0.002447 0.075499 0.028461 0.996737
1305031112.643246 0.313735 -0.004400 0.085512 -0.001111 0.079695 0.037430 0.996116
1305031112.679952 0.317860 -0.002068 0.086731 -0.002015 0.085689 0.040908 0.995480
1305031112.711251 0.320271 -0.001239 0.086500 -0.004053 0.090202 0.041916 0.995033
1305031112.743245 0.325023 0.005710 0.081040 -0.007111 0.092213 0.046071 0.994647
1305031112.779310 0.324287 0.001674 0.082935 -0.015829 0.096543 0.048994 0.993996
1305031112.811310 0.312860 0.002596 0.094526 -0.016959 0.099911 0.047439 0.993720
1305031112.843286 0.307664 0.007199 0.093582 -0.018356 0.094882 0.045620 0.994273
1305031112.879421 0.310037 0.009251 0.094053 -0.021313 0.090055 0.047752 0.994563
1305031112.911411 0.297582 0.007955 0.097756 -0.024685 0.089677 0.048858 0.994465
1305031112.943321 0.293761 0.007887 0.100987 -0.026166 0.083599 0.049398 0.994930
1305031112.979278 0.291070 0.008138 0.100401 -0.026634 0.076547 0.046333 0.995633
1305031113.011353 0.282948 0.011081 0.097121 -0.027661 0.073801 0.045950 0.995830
1305031113.043231 0.275967 0.009286 0.096491 -0.032452 0.071812 0.043951 0.995921
1305031113.079251 0.265614 0.006989 0.099767 -0.032792 0.069448 0.039459 0.996265
1305031113.111316 0.251552 0.009808 0.096606 -0.029398 0.065576 0.033777 0.996842
1305031113.143306 0.241307 0.008087 0.092144 -0.033485 0.062529 0.031718 0.996977
1305031113.179343 0.227399 0.005049 0.093629 -0.036658 0.062068 0.033341 0.996841
1305031113.211259 0.210284 0.000684 0.091612 -0.036454 0.057399 0.034947 0.997073
1305031113.243227 0.195840 0.003107 0.088704 -0.038008 0.050675 0.035596 0.997357
1305031113.279312 0.182074 0.001882 0.090657 -0.039298 0.045833 0.037159 0.997484
1305031113.311452 0.167696 0.005987 0.092832 -0.031285 0.038341 0.040759 0.997943
1305031113.343252 0.150207 0.005001 0.087636 -0.027884 0.027939 0.039443 0.998442
1305031113.379312 0.131032 0.004275 0.084665 -0.031482 0.020774 0.036084 0.998637
1305031113.411625 0.114706 0.002468 0.088863 -0.030652 0.013990 0.036777 0.998755
1305031113.443266 0.094986 0.003607 0.087308 -0.028937 0.008616 0.030094 0.999091
1305031113.479311 0.078101 0.004171 0.083851 -0.032432 0.001436 0.023897 0.999187
1305031113.511523 0.060287 0.001465 0.087550 -0.036908 -0.003885 0.021679 0.999076
1305031113.543242 0.043371 -0.000361 0.090549 -0.038959 -0.009593 0.018744 0.999019
1305031113.579301 0.030857 0.000949 0.091868 -0.038948 -0.015875 0.014123 0.999015
1305031113.611268 0.023439 0.003661 0.092402 -0.041113 -0.021481 0.010560 0.998868
1305031113.643222 0.010858 0.002236 0.091536 -0.044278 -0.021855 0.006932 0.998756
1305031113.679288 -0.001559 -0.001861 0.096929 -0.047100 -0.022515 0.004037 0.998628
1305031113.711931 -0.015753 -0.002917 0.099277 -0.047444 -0.021998 -0.000968 0.998631
1305031113.743590 -0.027219 -0.001578 0.099248 -0.046151 -0.020052 -0.006491 0.998712
1305031113.779320 -0.044099 -0.003237 0.101361 -0.045708 -0.016714 -0.010485 0.998760
1305031113.811237 -0.060965 0.000046 0.103134 -0.043835 -0.014709 -0.012782 0.998849
1305031113.843295 -0.071008 0.004820 0.100018 -0.042693 -0.013312 -0.015757 0.998875
1305031113.879281 -0.089333 -0.004167 0.108762 -0.044662 -0.012181 -0.020385 0.998720
1305031113.911290 -0.106718 -0.001200 0.110670 -0.041038 -0.011925 -0.022115 0.998842
1305031113.943291 -0.115218 0.001432 0.108210 -0.037468 -0.011209 -0.023359 0.998962
1305031113.979293 -0.132996 0.000714 0.109390 -0.034370 -0.007992 -0.029219 0.998950
1305031114.011257 -0.153251 0.005779 0.110684 -0.029529 -0.005055 -0.034830 0.998944
1305031114.043301 -0.169043 0.009115 0.111981 -0.027008 -0.007923 -0.036015 0.998955
1305031114.079285 -0.185609 0.008091 0.115097 -0.024922 -0.012648 -0.037043 0.998923
1305031114.111263 -0.200064 0.010812 0.112893 -0.022069 -0.017893 -0.040759 0.998765
1305031114.143284 -0.207526 0.014681 0.113039 -0.020784 -0.025168 -0.042650 0.998557
1305031114.179337 -0.221288 0.008536 0.120752 -0.020538 -0.027277 -0.045155 0.998396
1305031114.211303 -0.230108 0.016468 0.115993 -0.016589 -0.028952 -0.046020 0.998383
1305031114.243337 -0.244518 0.022441 0.115843 -0.016329 -0.031382 -0.050420 0.998101
1305031114.279390 -0.263871 0.021440 0.124210 -0.016950 -0.035918 -0.051926 0.997861
1305031114.311429 -0.277194 0.021882 0.122008 -0.018387 -0.043421 -0.052089 0.997529
1305031114.343331 -0.286335 0.023581 0.124745 -0.018776 -0.049718 -0.055694 0.997032
1305031114.379320 -0.295847 0.018911 0.127665 -0.020501 -0.052116 -0.059025 0.996684
1305031114.411397 -0.307438 0.017987 0.130907 -0.019920 -0.053844 -0.063302 0.996342
1305031114.443345 -0.322046 0.021308 0.130522 -0.019241 -0.057019 -0.065109 0.996062
1305031114.479332 -0.336909 0.020741 0.132181 -0.019902 -0.062218 -0.066670 0.995634
1305031114.511266 -0.341125 0.020263 0.131896 -0.020882 -0.072447 -0.067905 0.994839
1305031114.543236 -0.341430 0.020765 0.132163 -0.023603 -0.078658 -0.066966 0.994370
1305031114.579237 -0.350217 0.016797 0.135761 -0.026223 -0.078272 -0.064063 0.994526
1305031114.611391 -0.355210 0.020174 0.134726 -0.027687 -0.078910 -0.061913 0.994572
1305031114.644136 -0.363413 0.018426 0.132699 -0.033178 -0.080497 -0.061111 0.994326
1305031114.679251 -0.367923 0.015990 0.139691 -0.036471 -0.087302 -0.061568 0.993608
1305031114.711306 -0.373309 0.012887 0.141427 -0.038516 -0.090461 -0.062643 0.993181
1305031114.743200 -0.372753 0.009076 0.143664 -0.038135 -0.094560 -0.064268 0.992710
1305031114.779289 -0.370347 0.009936 0.145710 -0.035661 -0.097181 -0.068030 0.992298
1305031114.811303 -0.367555 0.014826 0.140562 -0.034123 -0.097844 -0.068968 0.992222
1305031114.843208 -0.366440 0.014540 0.142196 -0.034300 -0.098727 -0.071357 0.991960
1305031114.879281 -0.360922 0.019296 0.138541 -0.033198 -0.099512 -0.071637 0.991899
1305031114.912879 -0.356424 0.019199 0.138303 -0.034702 -0.100455 -0.070940 0.991802
1305031114.943234 -0.345064 0.024154 0.135618 -0.035742 -0.102382 -0.072857 0.991429
1305031114.979280 -0.338892 0.026154 0.137143 -0.037622 -0.099996 -0.073040 0.991590
1305031115.011300 -0.329584 0.032893 0.133795 -0.039952 -0.099311 -0.074598 0.991452
1305031115.043508 -0.317214 0.027820 0.139742 -0.045449 -0.098685 -0.073818 0.991336
1305031115.079238 -0.305967 0.029909 0.142721 -0.046620 -0.096435 -0.074235 0.991472
1305031115.111230 -0.285660 0.031680 0.144413 -0.049383 -0.095102 -0.073109 0.991550
1305031115.143275 -0.277165 0.027296 0.149461 -0.052240 -0.085058 -0.070860 0.992479
1305031115.179440 -0.270637 0.032435 0.149375 -0.051603 -0.079808 -0.070412 0.992980
1305031115.211374 -0.255015 0.026855 0.157570 -0.053460 -0.078699 -0.067242 0.993190
1305031115.243297 -0.238897 0.020705 0.165223 -0.051085 -0.074665 -0.063080 0.993900
1305031115.279966 -0.222426 0.028501 0.162538 -0.047135 -0.072928 -0.058970 0.994476
1305031115.311704 -0.197207 0.021908 0.170855 -0.048784 -0.071925 -0.052101 0.994853
1305031115.343235 -0.187886 0.025488 0.169885 -0.043709 -0.059224 -0.049882 0.996039
1305031115.379166 -0.176378 0.032164 0.162948 -0.046583 -0.056237 -0.043666 0.996374
1305031115.411237 -0.164532 0.030226 0.171979 -0.053224 -0.061867 -0.041984 0.995780
1305031115.443159 -0.137778 0.026330 0.178062 -0.058629 -0.067781 -0.035074 0.995358
1305031115.479241 -0.117649 0.027958 0.180025 -0.062613 -0.068991 -0.027830 0.995261
1305031115.511253 -0.087343 0.019600 0.187907 -0.068182 -0.071507 -0.025899 0.994770
1305031115.543604 -0.050985 0.016523 0.195771 -0.069295 -0.066084 -0.016264 0.995272
1305031115.579315 -0.041811 0.018143 0.193606 -0.067189 -0.051136 -0.011745 0.996360
1305031115.611424 -0.032777 0.017240 0.191630 -0.065613 -0.041683 -0.007675 0.996945
1305031115.643254 -0.013788 0.016185 0.192795 -0.064291 -0.035776 0.000362 0.997290
1305031115.679241 -0.007841 0.016085 0.191614 -0.062761 -0.029223 0.010744 0.997543
1305031115.711320 0.014791 0.017382 0.185998 -0.061241 -0.030907 0.018806 0.997467
1305031115.743250 0.039280 0.015519 0.186720 -0.061504 -0.025806 0.025605 0.997445
1305031115.779425 0.050735 0.014019 0.182011 -0.059965 -0.014080 0.031861 0.997593
1305031115.811277 0.068454 0.016700 0.178608 -0.058618 -0.005261 0.039473 0.997486
1305031115.843224 0.076551 0.016443 0.171373 -0.060192 0.009117 0.045873 0.997090
1305031115.879198 0.084221 0.010462 0.174482 -0.061350 0.017174 0.052514 0.996586
1305031115.911118 0.105026 0.017614 0.170977 -0.056541 0.018142 0.059306 0.996472
1305031115.943311 0.119238 0.017066 0.170044 -0.058153 0.025095 0.065521 0.995839
1305031115.980740 0.131352 0.022841 0.168581 -0.057480 0.031100 0.070963 0.995336
1305031116.011379 0.156887 0.022289 0.166774 -0.061222 0.035599 0.074657 0.994691
1305031116.043164 0.162505 0.024158 0.167592 -0.063441 0.052137 0.075190 0.993782
1305031116.080030 0.171800 0.027583 0.167469 -0.067453 0.063001 0.078963 0.992596
1305031116.111300 0.186441 0.027772 0.169110 -0.074498 0.071894 0.083028 0.991155
1305031116.143441 0.193538 0.030816 0.173551 -0.077098 0.081597 0.086290 0.989925
1305031116.179572 0.201237 0.034306 0.176288 -0.078138 0.088202 0.089229 0.989016
1305031116.211299 0.214851 0.035287 0.175607 -0.081956 0.092268 0.093539 0.987937
1305031116.243320 0.228861 0.037745 0.177485 -0.082791 0.097054 0.097017 0.987073
1305031116.279385 0.240221 0.037394 0.178784 -0.083671 0.105607 0.100114 0.985811
1305031116.311336 0.246636 0.042486 0.176081 -0.084054 0.114632 0.104254 0.984340
1305031116.343292 0.251359 0.028403 0.183446 -0.091502 0.123626 0.107764 0.982207
1305031116.379384 0.253815 0.035813 0.180948 -0.081504 0.126408 0.108133 0.982693
1305031116.411333 0.249559 0.042739 0.173683 -0.074176 0.130621 0.111541 0.982342
1305031116.443369 0.254658 0.039947 0.170259 -0.078698 0.130720 0.121035 0.980851
1305031116.479850 0.258253 0.037013 0.172266 -0.079672 0.130685 0.125486 0.980218
1305031116.511205 0.255560 0.036348 0.169885 -0.078142 0.129555 0.121586 0.980982
1305031116.543262 0.247751 0.040122 0.168893 -0.073713 0.130779 0.116763 0.981748
1305031116.579313 0.240999 0.040206 0.165096 -0.073990 0.127894 0.114286 0.982399
1305031116.611261 0.230812 0.035874 0.166535 -0.075118 0.122481 0.108525 0.983655
1305031116.643355 0.216894 0.033217 0.165739 -0.074883 0.115571 0.099381 0.985474
1305031116.679281 0.203287 0.033583 0.164677 -0.074377 0.108685 0.089982 0.987198
1305031116.711634 0.191767 0.034483 0.162535 -0.073824 0.102741 0.079977 0.988736
1305031116.743291 0.175071 0.033300 0.161300 -0.076031 0.098787 0.068436 0.989837
1305031116.779298 0.160719 0.032109 0.159599 -0.078809 0.093984 0.058067 0.990749
1305031116.811318 0.140982 0.030758 0.159050 -0.078873 0.091181 0.049559 0.991468
1305031116.846089 0.117661 0.031511 0.158592 -0.076978 0.085003 0.042884 0.992477
1305031116.880165 0.098872 0.031787 0.155462 -0.078026 0.075179 0.035735 0.993470
1305031116.912044 0.084020 0.027037 0.155089 -0.079958 0.062508 0.032235 0.994314
1305031116.943296 0.061785 0.033197 0.155116 -0.078731 0.050722 0.024242 0.995309
1305031116.979351 0.048686 0.037371 0.154454 -0.076016 0.036247 0.013585 0.996355
1305031117.011382 0.024443 0.037380 0.154239 -0.075456 0.027317 0.003644 0.996768
1305031117.043261 0.012566 0.043396 0.152299 -0.074323 0.015356 -0.001880 0.997114
1305031117.079520 -0.003410 0.043956 0.152950 -0.077263 0.005719 -0.006754 0.996971
1305031117.111238 -0.022850 0.046450 0.153017 -0.078556 -0.002900 -0.008563 0.996869
1305031117.143218 -0.029195 0.047380 0.152274 -0.082014 -0.015159 -0.009230 0.996473
1305031117.179264 -0.034584 0.053233 0.153087 -0.083095 -0.026177 -0.013821 0.996102
1305031117.211361 -0.035367 0.053073 0.158733 -0.086151 -0.035969 -0.016002 0.995504
1305031117.243277 -0.033941 0.058578 0.157348 -0.087843 -0.040452 -0.017845 0.995153
1305031117.279299 -0.033390 0.055690 0.160327 -0.093677 -0.041159 -0.022360 0.994500
1305031117.311200 -0.041688 0.052989 0.163264 -0.098001 -0.037240 -0.023922 0.994202
1305031117.343243 -0.044990 0.047796 0.168155 -0.100998 -0.037538 -0.024749 0.993870
1305031117.379454 -0.046847 0.039201 0.172397 -0.103141 -0.037833 -0.025182 0.993628
1305031117.411221 -0.050673 0.035555 0.172469 -0.101521 -0.038183 -0.024670 0.993794
1305031117.443274 -0.050345 0.032861 0.172721 -0.098499 -0.040320 -0.023158 0.994050
1305031117.479403 -0.050151 0.027614 0.173331 -0.096797 -0.041623 -0.021285 0.994206
1305031117.511325 -0.050962 0.021285 0.174977 -0.093456 -0.043157 -0.019357 0.994499
1305031117.544285 -0.048219 0.016445 0.175626 -0.088601 -0.045520 -0.018253 0.994859
1305031117.579155 -0.050045 0.010188 0.174994 -0.085625 -0.046578 -0.019974 0.995038
1305031117.611159 -0.052593 0.006329 0.174020 -0.083274 -0.047172 -0.019436 0.995220
1305031117.643252 -0.053938 -0.003865 0.178412 -0.082889 -0.049247 -0.018478 0.995170
1305031117.679262 -0.052373 -0.008733 0.179358 -0.082089 -0.052716 -0.016715 0.995089
1305031117.711184 -0.055226 -0.016240 0.182670 -0.081693 -0.054126 -0.015739 0.995062
1305031117.743184 -0.055329 -0.027230 0.186745 -0.082527 -0.056439 -0.012400 0.994912
1305031117.779467 -0.058066 -0.034571 0.188453 -0.081999 -0.057691 -0.011131 0.994899
1305031117.811320 -0.052486 -0.044259 0.195702 -0.083183 -0.062200 -0.007347 0.994564
1305031117.843291 -0.046593 -0.059497 0.204171 -0.083561 -0.064468 -0.006101 0.994396
1305031117.879451 -0.045798 -0.065752 0.204135 -0.081044 -0.061428 -0.006202 0.994797
1305031117.911407 -0.046586 -0.077315 0.210823 -0.081123 -0.059675 -0.006550 0.994894
1305031117.943253 -0.045751 -0.086621 0.214287 -0.080393 -0.058129 -0.006389 0.995046
1305031117.979228 -0.049958 -0.092242 0.214415 -0.080612 -0.054835 -0.007592 0.995207
1305031118.011228 -0.050405 -0.107302 0.223390 -0.084135 -0.054915 -0.007779 0.994910
1305031118.043521 -0.051949 -0.118049 0.229804 -0.083772 -0.053255 -0.007948 0.995029
1305031118.079334 -0.048557 -0.127278 0.234651 -0.083981 -0.053516 -0.008583 0.994992
1305031118.111217 -0.045182 -0.138791 0.240512 -0.083873 -0.050371 -0.010051 0.995152
1305031118.143256 -0.047998 -0.147683 0.243990 -0.082281 -0.045074 -0.011648 0.995521
1305031118.179323 -0.047743 -0.159289 0.250080 -0.082395 -0.042581 -0.013697 0.995595
1305031118.211202 -0.056849 -0.170421 0.257501 -0.079780 -0.037582 -0.013659 0.996010
1305031118.243173 -0.058135 -0.179505 0.259153 -0.076927 -0.038140 -0.013381 0.996217
1305031118.279194 -0.055286 -0.191767 0.265955 -0.073972 -0.039847 -0.013800 0.996368
1305031118.311299 -0.057750 -0.200886 0.270340 -0.067704 -0.039711 -0.013984 0.996817
1305031118.343324 -0.053443 -0.203633 0.270082 -0.061803 -0.039591 -0.014282 0.997201
1305031118.379208 -0.055826 -0.209554 0.272815 -0.057076 -0.037563 -0.015953 0.997535
1305031118.411296 -0.059727 -0.212079 0.273218 -0.053444 -0.038066 -0.016246 0.997713
1305031118.445692 -0.055319 -0.215305 0.273787 -0.052963 -0.039543 -0.013538 0.997721
1305031118.479285 -0.055141 -0.217125 0.275846 -0.052274 -0.040052 -0.010629 0.997773
1305031118.511255 -0.051404 -0.216240 0.278652 -0.050206 -0.041481 -0.009314 0.997834
1305031118.544414 -0.045549 -0.212279 0.274101 -0.050725 -0.042315 -0.010033 0.997765
1305031118.579285 -0.046674 -0.212297 0.274562 -0.053557 -0.040581 -0.010533 0.997684
1305031118.616142 -0.045751 -0.206629 0.273772 -0.053429 -0.038530 -0.012663 0.997748
1305031118.645325 -0.046676 -0.197681 0.271966 -0.053370 -0.036095 -0.015740 0.997798
1305031118.679295 -0.047153 -0.189648 0.267782 -0.055842 -0.034568 -0.017253 0.997692
1305031118.711421 -0.050625 -0.184344 0.269630 -0.057055 -0.034248 -0.019809 0.997587
1305031118.746770 -0.057798 -0.174767 0.268360 -0.054441 -0.034543 -0.020826 0.997702
1305031118.779277 -0.052799 -0.153262 0.255348 -0.053151 -0.039273 -0.019441 0.997625
1305031118.811221 -0.050338 -0.151804 0.254517 -0.059258 -0.042051 -0.021879 0.997117
1305031118.846753 -0.047162 -0.151164 0.260794 -0.059296 -0.043690 -0.020450 0.997074
1305031118.879208 -0.044677 -0.127248 0.240926 -0.054029 -0.040811 -0.022178 0.997459
1305031118.911177 -0.045141 -0.116739 0.234852 -0.056100 -0.039449 -0.024493 0.997345
1305031118.946974 -0.045009 -0.105528 0.231138 -0.055294 -0.038355 -0.025909 0.997397
1305031118.979374 -0.045884 -0.086640 0.218902 -0.053857 -0.036732 -0.029521 0.997436
1305031119.011363 -0.050737 -0.072937 0.209475 -0.056148 -0.035077 -0.032324 0.997282
1305031119.047172 -0.055437 -0.065965 0.205690 -0.059272 -0.034349 -0.033781 0.997079
1305031119.079223 -0.055603 -0.055538 0.202328 -0.060227 -0.037350 -0.032539 0.996955
1305031119.111328 -0.059466 -0.046654 0.195310 -0.060867 -0.039545 -0.032697 0.996826
1305031119.147616 -0.061245 -0.032281 0.187506 -0.059773 -0.042382 -0.031221 0.996823
1305031119.179226 -0.061152 -0.026766 0.183881 -0.061067 -0.046898 -0.031380 0.996537
1305031119.211364 -0.060204 -0.016382 0.177820 -0.058604 -0.048934 -0.029444 0.996646
1305031119.247399 -0.058994 -0.003912 0.171276 -0.056981 -0.050638 -0.028713 0.996677
1305031119.279212 -0.059018 0.008191 0.164725 -0.055751 -0.051372 -0.029058 0.996699
1305031119.311212 -0.060903 0.017791 0.159967 -0.055731 -0.051155 -0.026752 0.996776
1305031119.347741 -0.061268 0.024350 0.157869 -0.055871 -0.053124 -0.024281 0.996728
1305031119.379239 -0.059897 0.038370 0.151649 -0.053942 -0.055599 -0.023713 0.996713
1305031119.411484 -0.055640 0.050006 0.146270 -0.053690 -0.056507 -0.023392 0.996683
1305031119.447706 -0.053220 0.057370 0.143025 -0.055216 -0.054968 -0.022853 0.996698
1305031119.479267 -0.056885 0.067436 0.139522 -0.054191 -0.051534 -0.023495 0.996923
1305031119.511240 -0.057880 0.081958 0.132956 -0.053785 -0.050075 -0.023088 0.997029
1305031119.547382 -0.057818 0.091303 0.130436 -0.055738 -0.050222 -0.021624 0.996947
1305031119.579559 -0.055277 0.106078 0.124376 -0.056392 -0.049625 -0.021983 0.996932
1305031119.615017 -0.056936 0.114782 0.121848 -0.060692 -0.047154 -0.020606 0.996829
1305031119.647903 -0.058524 0.126805 0.118539 -0.063130 -0.046163 -0.020348 0.996729
1305031119.679208 -0.055031 0.137535 0.114740 -0.067325 -0.044799 -0.022913 0.996461
1305031119.715232 -0.057791 0.149594 0.114006 -0.071960 -0.039221 -0.020471 0.996426
1305031119.747193 -0.065837 0.154568 0.113851 -0.077217 -0.034984 -0.016865 0.996258
1305031119.779169 -0.067620 0.164498 0.112021 -0.079858 -0.036033 -0.014615 0.996048
1305031119.814537 -0.067317 0.174960 0.110942 -0.081278 -0.036933 -0.010873 0.995948
1305031119.847429 -0.065525 0.182706 0.109682 -0.084575 -0.036673 -0.007039 0.995717
1305031119.879214 -0.063795 0.186391 0.109755 -0.086692 -0.035540 -0.006608 0.995579
1305031119.911401 -0.065577 0.198845 0.106154 -0.085502 -0.033222 -0.006225 0.995765
1305031119.947392 -0.063962 0.205067 0.104035 -0.090372 -0.032151 -0.006341 0.995369
1305031119.979537 -0.063407 0.209321 0.102955 -0.093581 -0.029039 -0.007330 0.995161
1305031120.015264 -0.068396 0.222573 0.097429 -0.095245 -0.023540 -0.005535 0.995160
1305031120.047290 -0.070418 0.223528 0.099276 -0.103605 -0.022428 -0.003626 0.994359
1305031120.079418 -0.072994 0.225249 0.104368 -0.104890 -0.024214 -0.000802 0.994189
1305031120.115232 -0.072704 0.229125 0.101955 -0.105391 -0.026685 0.000529 0.994073
1305031120.148157 -0.069111 0.227902 0.103629 -0.107273 -0.028976 0.001896 0.993805
1305031120.179246 -0.069151 0.222265 0.106290 -0.107285 -0.028255 0.004050 0.993818
1305031120.215249 -0.068976 0.214181 0.109084 -0.104605 -0.028747 0.003824 0.994091
1305031120.248003 -0.067242 0.211465 0.108177 -0.099923 -0.029361 0.001636 0.994560
1305031120.279430 -0.067225 0.203859 0.110126 -0.097495 -0.028508 -0.000034 0.994828
1305031120.315196 -0.066658 0.196481 0.112167 -0.094825 -0.028373 -0.002188 0.995087
1305031120.347787 -0.067457 0.188448 0.115807 -0.091295 -0.027683 -0.003661 0.995432
1305031120.379437 -0.067071 0.176403 0.118937 -0.090879 -0.027962 -0.003965 0.995461
1305031120.415445 -0.068139 0.163040 0.127724 -0.085521 -0.028256 -0.003977 0.995928
1305031120.447417 -0.065742 0.156219 0.131313 -0.077977 -0.030218 -0.003764 0.996490
1305031120.479432 -0.065647 0.145379 0.135075 -0.075028 -0.030899 -0.002655 0.996699
1305031120.514819 -0.069062 0.132440 0.142601 -0.069414 -0.031679 -0.001273 0.997084
1305031120.547736 -0.069360 0.123717 0.145877 -0.062564 -0.034637 0.000513 0.997440
1305031120.579551 -0.067024 0.115387 0.148926 -0.059617 -0.039685 0.004841 0.997420
1305031120.615236 -0.064448 0.106186 0.156456 -0.055858 -0.045188 0.007277 0.997389
1305031120.647354 -0.065030 0.098336 0.159819 -0.050342 -0.047404 0.006975 0.997582
1305031120.679318 -0.060639 0.090939 0.163663 -0.047737 -0.050386 0.008438 0.997553
1305031120.714522 -0.057176 0.083043 0.168304 -0.045486 -0.052438 0.010318 0.997534
1305031120.747369 -0.058133 0.072752 0.173270 -0.044724 -0.054516 0.010545 0.997455
1305031120.779894 -0.058247 0.061222 0.178155 -0.042848 -0.056201 0.009706 0.997452
1305031120.814944 -0.053317 0.054259 0.182179 -0.040238 -0.058625 0.010404 0.997415
1305031120.847921 -0.053055 0.047221 0.184240 -0.039740 -0.059531 0.008531 0.997399
1305031120.883435 -0.051748 0.032653 0.189757 -0.039310 -0.059495 0.006172 0.997435
1305031120.915444 -0.049743 0.028349 0.190853 -0.036529 -0.058790 0.005135 0.997589
1305031120.947488 -0.050034 0.017785 0.195007 -0.037214 -0.058566 0.003262 0.997584
1305031120.983366 -0.052140 0.007027 0.198847 -0.037130 -0.057906 0.000582 0.997631
1305031121.015019 -0.053614 -0.003381 0.202661 -0.035791 -0.058152 -0.000831 0.997666
1305031121.047498 -0.052999 -0.009194 0.202370 -0.034276 -0.058136 -0.001540 0.997719
1305031121.083099 -0.056779 -0.023951 0.208611 -0.034933 -0.058511 -0.003020 0.997671
1305031121.114696 -0.056210 -0.032453 0.209712 -0.032376 -0.060081 -0.002728 0.997665
1305031121.147331 -0.056383 -0.042031 0.211131 -0.030981 -0.060805 -0.002971 0.997664
1305031121.183271 -0.058531 -0.051629 0.214264 -0.029135 -0.061456 -0.003997 0.997676
1305031121.211420 -0.054987 -0.065496 0.216791 -0.028756 -0.062344 -0.003720 0.997633
1305031121.247194 -0.054845 -0.068996 0.217425 -0.025149 -0.061274 -0.003289 0.997799
1305031121.282876 -0.058399 -0.079854 0.220459 -0.025232 -0.061504 -0.003134 0.997783
1305031121.313568 -0.055931 -0.095865 0.226657 -0.025319 -0.062735 -0.001754 0.997707
1305031121.347517 -0.060138 -0.100737 0.226679 -0.021787 -0.062595 -0.000894 0.997801
1305031121.383226 -0.056813 -0.116262 0.232625 -0.022347 -0.065011 -0.000206 0.997634
1305031121.414318 -0.056900 -0.125894 0.234869 -0.018218 -0.064289 -0.001459 0.997764
1305031121.447319 -0.057700 -0.129925 0.234257 -0.015327 -0.063388 -0.000832 0.997871
1305031121.482964 -0.054343 -0.146735 0.238859 -0.015877 -0.062331 0.000538 0.997929
1305031121.514107 -0.057205 -0.148336 0.241104 -0.010625 -0.060089 0.001502 0.998135
1305031121.547270 -0.056217 -0.155696 0.238897 -0.011984 -0.060012 0.001845 0.998124
1305031121.583204 -0.055194 -0.167610 0.244208 -0.014370 -0.059019 0.001224 0.998153
1305031121.614700 -0.055107 -0.177497 0.248198 -0.013707 -0.057441 -0.000260 0.998255
1305031121.647183 -0.054540 -0.182751 0.247589 -0.012656 -0.053201 -0.002602 0.998500
1305031121.683200 -0.055881 -0.189893 0.249997 -0.014784 -0.049260 -0.003843 0.998669
1305031121.714520 -0.064289 -0.198956 0.251958 -0.015940 -0.045884 -0.003677 0.998813
1305031121.747145 -0.062190 -0.203873 0.252747 -0.017577 -0.046322 -0.002893 0.998768
1305031121.782835 -0.060723 -0.210787 0.257110 -0.019529 -0.046508 -0.000532 0.998727
1305031121.811540 -0.057279 -0.215040 0.259914 -0.020811 -0.046397 0.001465 0.998705
1305031121.847335 -0.057071 -0.218760 0.261709 -0.022837 -0.044890 0.004343 0.998721
1305031121.882060 -0.059414 -0.220660 0.263642 -0.025081 -0.043943 0.010242 0.998667
1305031121.914931 -0.058325 -0.220456 0.264119 -0.026691 -0.046145 0.013399 0.998488
1305031121.947288 -0.057331 -0.220747 0.265929 -0.026718 -0.048558 0.012408 0.998386
1305031121.982926 -0.053539 -0.218069 0.264643 -0.026874 -0.049235 0.012551 0.998347
1305031122.014256 -0.055140 -0.214664 0.264115 -0.027450 -0.048841 0.010953 0.998369
1305031122.047306 -0.055620 -0.209137 0.261919 -0.026231 -0.049951 0.007157 0.998382
1305031122.082959 -0.053012 -0.202348 0.259728 -0.025181 -0.051265 0.003741 0.998361
1305031122.114672 -0.053337 -0.191995 0.256275 -0.023409 -0.051288 0.000309 0.998409
1305031122.150725 -0.051778 -0.181646 0.251730 -0.023073 -0.051918 -0.004752 0.998373
1305031122.183042 -0.050439 -0.171133 0.248836 -0.020906 -0.051142 -0.010238 0.998420
1305031122.214959 -0.050163 -0.146297 0.237235 -0.019237 -0.049302 -0.015196 0.998483
1305031122.251319 -0.050857 -0.141620 0.234523 -0.026621 -0.048634 -0.018190 0.998296
1305031122.283560 -0.058076 -0.127288 0.232149 -0.026143 -0.047328 -0.021477 0.998306
1305031122.314289 -0.057047 -0.105332 0.219632 -0.028484 -0.049474 -0.025603 0.998041
1305031122.351327 -0.062484 -0.095714 0.217700 -0.035089 -0.050188 -0.029008 0.997702
1305031122.382630 -0.065316 -0.082416 0.213027 -0.039197 -0.051519 -0.029639 0.997462
1305031122.414997 -0.069225 -0.077796 0.210485 -0.044846 -0.054818 -0.030587 0.997020
1305031122.451257 -0.071006 -0.065679 0.205191 -0.046515 -0.058996 -0.029139 0.996748
1305031122.483360 -0.068791 -0.055405 0.199331 -0.049611 -0.064911 -0.028549 0.996248
1305031122.515097 -0.069234 -0.045386 0.194119 -0.050888 -0.068470 -0.030844 0.995877
1305031122.551490 -0.062771 -0.033359 0.189261 -0.051868 -0.071658 -0.031639 0.995577
1305031122.583208 -0.064403 -0.024261 0.184878 -0.053688 -0.069762 -0.033077 0.995569
1305031122.614980 -0.070149 -0.015623 0.180167 -0.054434 -0.068235 -0.032805 0.995643
1305031122.648788 -0.066529 -0.005947 0.176112 -0.053795 -0.071718 -0.030870 0.995495
1305031122.683402 -0.068748 0.007315 0.169819 -0.052249 -0.071987 -0.029566 0.995597
1305031122.715208 -0.070962 0.018731 0.166291 -0.051728 -0.074242 -0.027039 0.995531
1305031122.751298 -0.068436 0.032714 0.160042 -0.050245 -0.077301 -0.027304 0.995366
1305031122.783423 -0.067684 0.046741 0.154379 -0.052640 -0.077522 -0.028023 0.995206
1305031122.812555 -0.068072 0.055559 0.151031 -0.057601 -0.076210 -0.028930 0.995006
1305031122.851418 -0.061794 0.059517 0.151824 -0.062081 -0.074625 -0.030463 0.994811
1305031122.883754 -0.065144 0.071417 0.147573 -0.064333 -0.066857 -0.030298 0.995225
1305031122.914571 -0.068713 0.077195 0.145540 -0.068571 -0.063462 -0.029007 0.995203
1305031122.951341 -0.072642 0.082489 0.144115 -0.070297 -0.061291 -0.029398 0.995207
1305031122.982815 -0.073300 0.094501 0.140112 -0.070966 -0.061189 -0.024746 0.995293
1305031123.015450 -0.074716 0.100471 0.138809 -0.073703 -0.061677 -0.022515 0.995117
1305031123.051827 -0.072369 0.105359 0.137788 -0.074079 -0.062315 -0.020923 0.995084
1305031123.082975 -0.071442 0.117583 0.132199 -0.072367 -0.061564 -0.018501 0.995304
1305031123.113873 -0.073645 0.129074 0.127162 -0.074614 -0.059036 -0.016538 0.995326
1305031123.150822 -0.072851 0.137020 0.125889 -0.077609 -0.058874 -0.016141 0.995113
1305031123.182155 -0.069910 0.145523 0.123676 -0.080737 -0.057901 -0.015788 0.994927
1305031123.214704 -0.066063 0.153063 0.121905 -0.086085 -0.054565 -0.016210 0.994660
1305031123.250618 -0.067769 0.168756 0.118118 -0.089555 -0.049974 -0.017131 0.994580
1305031123.282347 -0.068368 0.177061 0.118088 -0.098343 -0.046314 -0.014723 0.993965
1305031123.311327 -0.066168 0.184391 0.118921 -0.104442 -0.043068 -0.014458 0.993493
1305031123.350481 -0.065409 0.191819 0.118491 -0.110023 -0.039008 -0.013847 0.993067
1305031123.382255 -0.065683 0.201268 0.116776 -0.114196 -0.033691 -0.010498 0.992831
1305031123.411363 -0.064388 0.206193 0.117715 -0.118408 -0.029579 -0.008879 0.992485
1305031123.451255 -0.065090 0.214915 0.116164 -0.120459 -0.026566 -0.007425 0.992335
1305031123.483594 -0.066196 0.223078 0.113369 -0.124638 -0.023621 -0.003279 0.991916
1305031123.511360 -0.061763 0.230531 0.113607 -0.127341 -0.024005 -0.000644 0.991568
1305031123.551513 -0.062448 0.237370 0.112844 -0.129324 -0.023544 0.001794 0.991321
1305031123.579583 -0.061209 0.245741 0.110889 -0.130847 -0.023153 0.004900 0.991120
1305031123.611335 -0.058352 0.252212 0.109321 -0.132669 -0.022566 0.006151 0.990884
1305031123.652411 -0.058805 0.257603 0.106723 -0.137523 -0.019388 0.005977 0.990291
1305031123.683753 -0.055873 0.266275 0.106160 -0.140444 -0.016830 0.006979 0.989921
1305031123.711323 -0.055425 0.275918 0.104324 -0.142929 -0.012930 0.008350 0.989613
1305031123.751723 -0.056628 0.278714 0.105951 -0.146746 -0.010588 0.010627 0.989060
1305031123.783858 -0.058199 0.280680 0.106722 -0.148813 -0.010297 0.012675 0.988731
1305031123.811608 -0.056124 0.284336 0.105964 -0.148648 -0.011410 0.013087 0.988738
1305031123.851444 -0.056681 0.287860 0.105736 -0.148171 -0.011254 0.015860 0.988771
1305031123.883786 -0.057035 0.287369 0.107638 -0.147208 -0.012614 0.015869 0.988898
1305031123.911243 -0.057707 0.281824 0.107287 -0.146181 -0.013602 0.015579 0.989042
1305031123.951442 -0.055474 0.280172 0.105030 -0.146452 -0.015073 0.017260 0.988952
1305031123.983415 -0.059296 0.281084 0.108152 -0.144899 -0.015828 0.019290 0.989132
1305031124.011302 -0.060783 0.272773 0.112580 -0.140913 -0.019457 0.019102 0.989646
1305031124.051505 -0.060689 0.267135 0.113578 -0.137211 -0.022535 0.019643 0.990091
1305031124.083837 -0.059713 0.261686 0.114953 -0.135456 -0.025899 0.020293 0.990237
1305031124.111331 -0.057759 0.249724 0.121745 -0.131113 -0.030243 0.019273 0.990719
1305031124.147446 -0.055388 0.245203 0.123272 -0.125224 -0.032685 0.017427 0.991437
1305031124.182694 -0.055923 0.236876 0.126507 -0.123673 -0.033676 0.015111 0.991636
1305031124.211396 -0.056567 0.224640 0.132322 -0.118859 -0.034790 0.013319 0.992212
1305031124.249327 -0.058666 0.219321 0.132644 -0.112489 -0.035264 0.013349 0.992937
1305031124.282545 -0.056616 0.209320 0.135483 -0.113042 -0.040925 0.013753 0.992652
1305031124.311361 -0.058271 0.199355 0.140741 -0.108717 -0.044172 0.013989 0.992992
1305031124.350354 -0.057650 0.188679 0.142689 -0.104735 -0.047882 0.012671 0.993266
1305031124.382420 -0.056141 0.179623 0.144859 -0.100427 -0.050601 0.011420 0.993591
1305031124.411439 -0.056493 0.167650 0.147976 -0.095809 -0.051939 0.010699 0.993986
1305031124.450245 -0.056256 0.155093 0.150114 -0.089844 -0.053211 0.008493 0.994497
1305031124.480099 -0.057369 0.143553 0.152152 -0.083458 -0.054053 0.006347 0.995024
1305031124.511324 -0.056705 0.132763 0.154324 -0.077297 -0.056347 0.004591 0.995404
1305031124.550437 -0.057382 0.124723 0.154981 -0.071740 -0.057783 0.002081 0.995746
1305031124.579404 -0.058218 0.113126 0.158140 -0.067745 -0.060208 -0.000291 0.995884
1305031124.611358 -0.057323 0.100678 0.162476 -0.063029 -0.063201 -0.002111 0.996006
1305031124.651271 -0.055763 0.089309 0.164979 -0.059296 -0.066236 -0.003443 0.996035
1305031124.679362 -0.055364 0.073988 0.170173 -0.056405 -0.068170 -0.005365 0.996064
1305031124.711251 -0.053117 0.064837 0.172477 -0.051238 -0.069158 -0.006949 0.996265
1305031124.749890 -0.052147 0.053673 0.177276 -0.048492 -0.069859 -0.007831 0.996347
1305031124.779365 -0.056784 0.041506 0.181530 -0.045124 -0.069346 -0.009458 0.996527
1305031124.811360 -0.052492 0.031429 0.185328 -0.042692 -0.072045 -0.008808 0.996448
1305031124.850535 -0.052546 0.017832 0.193148 -0.043068 -0.073669 -0.009111 0.996311
1305031124.879355 -0.049626 0.002861 0.199991 -0.041620 -0.074669 -0.010102 0.996288
1305031124.911448 -0.048248 -0.004050 0.203091 -0.039335 -0.072442 -0.009507 0.996551
1305031124.950730 -0.048589 -0.012888 0.206911 -0.040566 -0.070895 -0.010193 0.996606
1305031124.979438 -0.054482 -0.036111 0.217803 -0.043095 -0.068352 -0.009392 0.996686
1305031125.011454 -0.059127 -0.045619 0.221214 -0.037996 -0.069276 -0.008183 0.996840
1305031125.050763 -0.053591 -0.049559 0.225811 -0.034058 -0.073441 -0.007292 0.996691
1305031125.079364 -0.052383 -0.059853 0.232044 -0.034884 -0.073064 -0.003673 0.996710
1305031125.111364 -0.055712 -0.074092 0.236507 -0.035373 -0.073039 -0.002558 0.996698
1305031125.151013 -0.053094 -0.084380 0.241818 -0.031838 -0.074450 -0.004149 0.996708
1305031125.179353 -0.053861 -0.082635 0.239864 -0.029086 -0.071424 -0.003616 0.997015
1305031125.211320 -0.052731 -0.096184 0.245153 -0.033421 -0.070860 -0.003258 0.996921
1305031125.250632 -0.056560 -0.113295 0.252255 -0.033836 -0.069967 -0.005647 0.996959
1305031125.279467 -0.056840 -0.115696 0.253498 -0.029643 -0.070027 -0.006325 0.997084
1305031125.311493 -0.060412 -0.127968 0.255054 -0.030417 -0.067031 -0.006163 0.997268
1305031125.348880 -0.059760 -0.135474 0.259101 -0.027005 -0.066624 -0.009357 0.997369
1305031125.379401 -0.055949 -0.137033 0.258717 -0.025544 -0.065451 -0.013433 0.997438
1305031125.411335 -0.054497 -0.146118 0.263778 -0.027077 -0.059781 -0.014218 0.997743
1305031125.451195 -0.056060 -0.150545 0.263691 -0.029264 -0.053856 -0.016378 0.997985
1305031125.479424 -0.058309 -0.160780 0.269684 -0.030041 -0.049504 -0.018043 0.998159
1305031125.511316 -0.056300 -0.161108 0.269937 -0.028839 -0.046533 -0.018471 0.998330
1305031125.551020 -0.056817 -0.164621 0.270648 -0.029993 -0.043180 -0.020220 0.998412
1305031125.579308 -0.056373 -0.167251 0.271139 -0.031559 -0.039699 -0.022898 0.998451
1305031125.611533 -0.058550 -0.171584 0.272676 -0.031364 -0.035820 -0.022945 0.998602
1305031125.650575 -0.065003 -0.172556 0.271458 -0.026847 -0.033899 -0.019742 0.998870
1305031125.679328 -0.065590 -0.164809 0.264009 -0.021472 -0.037943 -0.018231 0.998883
1305031125.711443 -0.063603 -0.165945 0.264063 -0.020996 -0.044201 -0.016377 0.998668
1305031125.751260 -0.058016 -0.153998 0.258350 -0.014802 -0.048222 -0.014200 0.998626
1305031125.779348 -0.056484 -0.146590 0.252394 -0.014638 -0.049231 -0.017199 0.998532
1305031125.811573 -0.054700 -0.136279 0.247150 -0.013479 -0.048734 -0.018932 0.998541
1305031125.847412 -0.055792 -0.129628 0.242593 -0.016159 -0.046734 -0.019981 0.998577
1305031125.879318 -0.060804 -0.121577 0.238711 -0.016282 -0.045853 -0.021523 0.998584
1305031125.911305 -0.061530 -0.103951 0.232502 -0.017228 -0.049002 -0.019859 0.998453
1305031125.947343 -0.068207 -0.097844 0.230887 -0.021288 -0.053832 -0.017714 0.998166
1305031125.979324 -0.064852 -0.087607 0.228857 -0.022159 -0.062520 -0.013757 0.997703
1305031126.011333 -0.060854 -0.073976 0.222896 -0.023244 -0.068698 -0.014532 0.997261
1305031126.047324 -0.057135 -0.059250 0.218819 -0.025153 -0.070583 -0.014449 0.997084
1305031126.079356 -0.053943 -0.045473 0.215704 -0.028887 -0.069925 -0.013162 0.997047
1305031126.111370 -0.055584 -0.038688 0.214530 -0.034354 -0.068403 -0.014485 0.996961
1305031126.147432 -0.053766 -0.022336 0.212017 -0.035916 -0.067686 -0.012468 0.996982
1305031126.179384 -0.054874 -0.005927 0.207475 -0.041203 -0.067294 -0.011730 0.996813
1305031126.211319 -0.053744 0.001740 0.209507 -0.046956 -0.068282 -0.011832 0.996490
1305031126.247298 -0.052264 0.017664 0.204488 -0.049016 -0.067129 -0.011735 0.996470
1305031126.279363 -0.050425 0.029693 0.203633 -0.053491 -0.065922 -0.013054 0.996304
1305031126.311332 -0.047993 0.043569 0.200460 -0.057217 -0.063494 -0.014303 0.996238
1305031126.347363 -0.048127 0.054385 0.198921 -0.061669 -0.059679 -0.016406 0.996176
1305031126.379423 -0.050263 0.063510 0.196268 -0.066501 -0.055939 -0.017359 0.996066
1305031126.411465 -0.052154 0.075967 0.191959 -0.070355 -0.053374 -0.019470 0.995903
1305031126.447361 -0.052845 0.084193 0.190840 -0.075161 -0.051888 -0.018625 0.995646
1305031126.479533 -0.055718 0.092041 0.187866 -0.078340 -0.050970 -0.016275 0.995490
1305031126.511410 -0.054764 0.108534 0.182659 -0.079342 -0.052914 -0.014727 0.995333
1305031126.547374 -0.051923 0.117628 0.179439 -0.085311 -0.053828 -0.013908 0.994802
1305031126.579454 -0.049838 0.124891 0.178683 -0.090441 -0.052351 -0.012261 0.994449
1305031126.611528 -0.049611 0.132571 0.176702 -0.096231 -0.050428 -0.010863 0.994021
1305031126.647376 -0.048070 0.134409 0.178029 -0.102497 -0.049080 -0.008477 0.993486
1305031126.679479 -0.047132 0.138933 0.176199 -0.105260 -0.046980 -0.004155 0.993326
1305031126.711583 -0.046160 0.144862 0.172723 -0.108193 -0.045355 -0.001130 0.993094
1305031126.747316 -0.044801 0.146453 0.173265 -0.110292 -0.044134 0.001719 0.992917
1305031126.779379 -0.044210 0.152225 0.169978 -0.109628 -0.042963 0.004695 0.993033
1305031126.811602 -0.039772 0.154538 0.167970 -0.110723 -0.042222 0.005204 0.992940
1305031126.847343 -0.039924 0.159026 0.165115 -0.110386 -0.037888 0.005578 0.993151
1305031126.879357 -0.037977 0.160977 0.164053 -0.111547 -0.036754 0.006551 0.993058
1305031126.911364 -0.035939 0.161305 0.163001 -0.112280 -0.035233 0.005801 0.993035
1305031126.947437 -0.038883 0.166413 0.160048 -0.110978 -0.032618 0.007581 0.993258
1305031126.979337 -0.037885 0.163870 0.160287 -0.112638 -0.033995 0.008723 0.993016
1305031127.011371 -0.036865 0.163950 0.159971 -0.111094 -0.035281 0.009224 0.993141
1305031127.047297 -0.037761 0.165409 0.158848 -0.109630 -0.035121 0.010053 0.993301
1305031127.079299 -0.036650 0.162856 0.159579 -0.111052 -0.036167 0.010528 0.993100
1305031127.111435 -0.039439 0.161992 0.159879 -0.110364 -0.037310 0.011378 0.993125
1305031127.147307 -0.040579 0.158798 0.161081 -0.109584 -0.040395 0.011851 0.993086
1305031127.179349 -0.040013 0.158779 0.161408 -0.106905 -0.043638 0.011258 0.993247
1305031127.211700 -0.038458 0.154785 0.162688 -0.107289 -0.045689 0.010907 0.993118
1305031127.247374 -0.037786 0.152287 0.164182 -0.105097 -0.046161 0.010243 0.993337
1305031127.279465 -0.039172 0.152255 0.164199 -0.101881 -0.045858 0.009110 0.993697
1305031127.311362 -0.042101 0.150674 0.164486 -0.101616 -0.045488 0.008203 0.993749
1305031127.347356 -0.041189 0.144675 0.168726 -0.100831 -0.047883 0.007836 0.993720
1305031127.379262 -0.041488 0.144558 0.169406 -0.097637 -0.048997 0.007790 0.993985
1305031127.411371 -0.042484 0.143244 0.170396 -0.097058 -0.049806 0.006767 0.994009
1305031127.447333 -0.043723 0.137261 0.173938 -0.097587 -0.050775 0.006347 0.993911
1305031127.479362 -0.042862 0.137716 0.174655 -0.095124 -0.052465 0.005876 0.994065
1305031127.511356 -0.044181 0.137427 0.175841 -0.095705 -0.053222 0.004513 0.993976
1305031127.547348 -0.044985 0.133729 0.178601 -0.095937 -0.053881 0.004446 0.993918
1305031127.579345 -0.045108 0.133748 0.179548 -0.093890 -0.054546 0.004292 0.994078
1305031127.611271 -0.044544 0.135202 0.179624 -0.093514 -0.055357 0.004300 0.994069
1305031127.647358 -0.044617 0.130511 0.182470 -0.095777 -0.055740 0.005430 0.993826
1305031127.679298 -0.045098 0.128427 0.183569 -0.094792 -0.056130 0.006322 0.993893
1305031127.711375 -0.043331 0.130965 0.182563 -0.093188 -0.057773 0.006266 0.993951
1305031127.747304 -0.043315 0.129759 0.184005 -0.094217 -0.058320 0.006185 0.993823
1305031127.779346 -0.044600 0.125991 0.185483 -0.094227 -0.057994 0.006245 0.993841
1305031127.811829 -0.043671 0.126511 0.184304 -0.092641 -0.058877 0.005361 0.993943
1305031127.847366 -0.044983 0.126418 0.183864 -0.092525 -0.058403 0.004366 0.993987
1305031127.879380 -0.047010 0.125591 0.184460 -0.092553 -0.057984 0.003778 0.994011
1305031127.911476 -0.046121 0.125483 0.184744 -0.092115 -0.059476 0.003638 0.993964
1305031127.947366 -0.046558 0.126991 0.184678 -0.092152 -0.060270 0.003702 0.993912
1305031127.979371 -0.048688 0.127968 0.185142 -0.092872 -0.060074 0.003445 0.993858
1305031128.011427 -0.046083 0.126787 0.187458 -0.094580 -0.061247 0.003204 0.993626
1305031128.047369 -0.046130 0.124785 0.189914 -0.097412 -0.060155 0.004175 0.993416
1305031128.079334 -0.045682 0.122137 0.192663 -0.097860 -0.060236 0.005465 0.993361
1305031128.111391 -0.045254 0.120268 0.194491 -0.097999 -0.060643 0.006179 0.993318
1305031128.147418 -0.044536 0.119522 0.195700 -0.098887 -0.060956 0.007601 0.993201
1305031128.179350 -0.043532 0.115514 0.198341 -0.099228 -0.061376 0.009049 0.993129
1305031128.211447 -0.042967 0.116357 0.198779 -0.096951 -0.061752 0.009351 0.993328
1305031128.247480 -0.043044 0.117936 0.197923 -0.096561 -0.062166 0.009777 0.993336
1305031128.279336 -0.043917 0.114307 0.199852 -0.097792 -0.062128 0.009606 0.993219
1305031128.311483 -0.043661 0.115092 0.198879 -0.096189 -0.062291 0.008941 0.993372
1305031128.347423 -0.043649 0.115822 0.198756 -0.095833 -0.062553 0.008289 0.993395
1305031128.379404 -0.044056 0.114530 0.199562 -0.096393 -0.062987 0.006811 0.993325
1305031128.411337 -0.045033 0.112801 0.199281 -0.096131 -0.062564 0.005220 0.993387
1305031128.447296 -0.045442 0.113919 0.198477 -0.095144 -0.062613 0.004207 0.993484
1305031128.479296 -0.045505 0.112261 0.199104 -0.095956 -0.062935 0.003343 0.993388
1305031128.511433 -0.044936 0.111613 0.199290 -0.095649 -0.063072 0.002771 0.993411
1305031128.547399 -0.044110 0.114841 0.198326 -0.093687 -0.062999 0.002413 0.993604
1305031128.579455 -0.045848 0.110041 0.199051 -0.095091 -0.061499 0.001866 0.993565
1305031128.611395 -0.046815 0.109453 0.198290 -0.093906 -0.061270 0.002381 0.993691
1305031128.647352 -0.048664 0.110822 0.197188 -0.092730 -0.061666 0.002501 0.993777
