# TF Coordinate Frame ID: openni_rgb_optical_frame(data: openni_rgb_optical_frame)
1305031102.175304 -0.000362 -0.001786 -0.008776 0.000008 0.001098 -0.001369 0.999998
1305031102.211214 0.004013 0.006914 0.000202 -0.001547 -0.004026 -0.001330 0.999990
1305031102.243211 0.002496 0.010329 0.008661 -0.006359 -0.006383 -0.001150 0.999959
1305031102.275326 -0.002384 0.008067 0.023639 -0.011879 -0.008216 -0.002342 0.999893
1305031102.311267 -0.002038 0.005162 0.038460 -0.017544 -0.010189 -0.001586 0.999793
1305031102.343233 -0.005106 0.004261 0.053258 -0.020196 -0.011245 -0.000539 0.999733
1305031102.375329 -0.001034 0.004963 0.066683 -0.022789 -0.014847 0.001133 0.999629
1305031102.411258 -0.005442 0.011150 0.077281 -0.022781 -0.016409 -0.000329 0.999606
1305031102.443271 -0.002324 0.019322 0.084783 -0.026059 -0.021249 0.000064 0.999435
1305031102.475318 -0.002324 0.019184 0.096928 -0.033254 -0.023212 -0.000232 0.999177
1305031102.511219 -0.004411 0.021906 0.130680 -0.038616 -0.023481 -0.000939 0.998978
1305031102.575286 0.000085 0.011777 0.142204 -0.047659 -0.020961 -0.004796 0.998632
1305031102.611233 -0.002691 0.008245 0.162613 -0.046905 -0.018127 -0.003588 0.998728
1305031102.643265 -0.011655 0.012716 0.167647 -0.044150 -0.013562 -0.004250 0.998924
1305031102.675285 -0.010881 0.018595 0.174019 -0.043600 -0.015298 -0.002889 0.998928
1305031102.711263 -0.013532 0.019029 0.189636 -0.044392 -0.014598 -0.002140 0.998905
1305031102.743234 -0.010938 0.023721 0.198831 -0.045052 -0.016029 -0.000617 0.998856
1305031102.775472 -0.003349 0.025196 0.211620 -0.047408 -0.017075 -0.001607 0.998728
1305031102.811232 -0.005294 0.027158 0.225578 -0.048961 -0.013449 -0.002713 0.998706
1305031102.843290 -0.006200 0.029394 0.237300 -0.050295 -0.009267 -0.003932 0.998684
1305031102.875363 -0.011159 0.030247 0.249812 -0.050058 -0.004656 -0.007019 0.998711
1305031102.911185 -0.012379 0.032421 0.262326 -0.050218 -0.002980 -0.007841 0.998703
1305031102.943229 -0.019538 0.038372 0.273772 -0.048630 -0.000801 -0.009063 0.998775
1305031102.975203 -0.029662 0.040761 0.283283 -0.049080 -0.003650 -0.010834 0.998729
1305031103.011215 -0.030512 0.045338 0.295384 -0.049430 -0.009735 -0.007856 0.998699
1305031103.043227 -0.031125 0.047513 0.307030 -0.051990 -0.015929 -0.004829 0.998509
1305031103.075319 -0.025837 0.049392 0.321571 -0.051176 -0.021381 -0.002650 0.998457
1305031103.111240 -0.026315 0.056734 0.328711 -0.048857 -0.021219 -0.001036 0.998580
1305031103.143318 -0.025869 0.059015 0.335629 -0.049962 -0.020870 -0.000001 0.998533
1305031103.175452 -0.024393 0.064059 0.345439 -0.050495 -0.020594 0.000895 0.998512
1305031103.211220 -0.028065 0.074406 0.364885 -0.053059 -0.019881 0.001688 0.998392
1305031103.275370 -0.036767 0.074896 0.365591 -0.070744 -0.017528 0.008079 0.997308
1305031103.311210 -0.036001 0.071380 0.376233 -0.078320 -0.028554 0.008059 0.996487
1305031103.343223 -0.027813 0.074485 0.382697 -0.078206 -0.036342 0.008791 0.996236
1305031103.375327 -0.025513 0.071997 0.385518 -0.083682 -0.035917 0.011952 0.995773
1305031103.411260 -0.025764 0.072184 0.389108 -0.084160 -0.036490 0.013556 0.995692
1305031103.443280 -0.025977 0.069987 0.388821 -0.084169 -0.039472 0.012749 0.995588
1305031103.475274 -0.025027 0.068674 0.385353 -0.083055 -0.042933 0.011357 0.995555
1305031103.511333 -0.022155 0.065207 0.385022 -0.080950 -0.046538 0.009957 0.995581
1305031103.543444 -0.022379 0.060825 0.379590 -0.077255 -0.048104 0.008038 0.995818
1305031103.575474 -0.025883 0.058490 0.370401 -0.072507 -0.047784 0.008075 0.996190
1305031103.611223 -0.029835 0.055704 0.357677 -0.069064 -0.048490 0.008519 0.996397
1305031103.643445 -0.027967 0.051975 0.350092 -0.066420 -0.053701 0.010089 0.996295
1305031103.675523 -0.022697 0.047640 0.341249 -0.064393 -0.058759 0.010827 0.996134
1305031103.711610 -0.019507 0.043512 0.330012 -0.062516 -0.060723 0.010803 0.996136
1305031103.743326 -0.014912 0.037831 0.318848 -0.060529 -0.062147 0.010812 0.996171
1305031103.775342 -0.013803 0.034662 0.306682 -0.057931 -0.061753 0.008168 0.996375
1305031103.811242 -0.012804 0.033094 0.285926 -0.056960 -0.060550 0.004393 0.996529
1305031103.843251 -0.018879 0.034636 0.266687 -0.057848 -0.056979 -0.000116 0.996698
1305031103.875361 -0.019869 0.025955 0.254484 -0.065210 -0.059827 -0.001944 0.996075
1305031103.911221 -0.017881 0.019820 0.249398 -0.065293 -0.064981 -0.003092 0.995743
1305031103.943211 -0.017379 0.013075 0.238320 -0.065299 -0.067749 -0.003821 0.995556
1305031103.975373 -0.011911 0.009919 0.226513 -0.062877 -0.071530 -0.003875 0.995447
1305031104.011232 -0.007942 -0.001663 0.214291 -0.061825 -0.072690 -0.005501 0.995421
1305031104.043249 -0.004376 -0.006826 0.196492 -0.055410 -0.069000 -0.007550 0.996048
1305031104.075425 0.002494 -0.006261 0.181503 -0.050622 -0.066213 -0.008996 0.996480
1305031104.111235 0.005191 -0.010817 0.165003 -0.046992 -0.060389 -0.010931 0.997008
1305031104.143230 0.006403 -0.017473 0.155425 -0.043879 -0.055110 -0.011196 0.997453
1305031104.175424 0.004665 -0.020605 0.140306 -0.039824 -0.050872 -0.012086 0.997838
1305031104.211283 0.005592 -0.024493 0.127423 -0.035647 -0.048256 -0.012436 0.998121
1305031104.243196 0.005050 -0.027424 0.114138 -0.031005 -0.045458 -0.012611 0.998405
1305031104.275546 0.010363 -0.030707 0.102390 -0.027427 -0.044417 -0.012510 0.998558
1305031104.311219 0.010059 -0.032471 0.087110 -0.022938 -0.040099 -0.013480 0.998841
1305031104.343342 0.014449 -0.032057 0.073550 -0.019217 -0.036865 -0.014265 0.999034
1305031104.375837 0.009929 -0.032402 0.055152 -0.016574 -0.029834 -0.014405 0.999314
1305031104.411509 0.009620 -0.031163 0.045883 -0.014762 -0.026406 -0.013248 0.999454
1305031104.443288 0.001419 -0.028634 0.032906 -0.012207 -0.022243 -0.014501 0.999573
1305031104.475456 -0.003377 -0.029315 0.023030 -0.012317 -0.021677 -0.014098 0.999590
1305031104.511329 -0.006236 -0.034064 0.017477 -0.012399 -0.024468 -0.012708 0.999543
1305031104.543368 -0.000524 -0.036608 0.013216 -0.010030 -0.029079 -0.010773 0.999469
1305031104.575343 0.005251 -0.043235 0.007991 -0.006450 -0.029429 -0.009959 0.999496
1305031104.611336 0.007254 -0.055732 0.010284 -0.000027 -0.025780 -0.008279 0.999633
1305031104.643243 0.009340 -0.056339 -0.003333 0.012391 -0.018088 -0.008168 0.999726
1305031104.675525 0.014299 -0.061616 -0.014458 0.022944 -0.010856 -0.006594 0.999656
1305031104.711277 0.011841 -0.062239 -0.024265 0.036963 -0.002219 -0.004898 0.999302
1305031104.743280 0.015011 -0.059542 -0.034738 0.051433 0.004761 -0.002454 0.998662
1305031104.775327 0.015312 -0.060503 -0.050968 0.063020 0.012360 -0.000913 0.997935
1305031104.811465 0.017055 -0.054375 -0.058938 0.075377 0.019036 0.001819 0.996972
1305031104.843258 0.018620 -0.052977 -0.073312 0.083364 0.025877 0.004380 0.996174
1305031104.875350 0.017229 -0.045064 -0.083326 0.090721 0.029818 0.006127 0.995411
1305031104.911534 0.019736 -0.041416 -0.093507 0.093052 0.030139 0.008326 0.995170
1305031104.943262 0.023351 -0.033141 -0.100162 0.095360 0.030100 0.009787 0.994939
1305031104.975202 0.019910 -0.028658 -0.103268 0.095117 0.030848 0.008713 0.994950
1305031105.011290 0.021318 -0.023000 -0.110995 0.091321 0.030273 0.009414 0.995317
1305031105.043373 0.020320 -0.020758 -0.106816 0.084998 0.029924 0.007599 0.995903
1305031105.075320 0.019631 -0.021177 -0.100558 0.077917 0.029378 0.004766 0.996515
1305031105.111299 0.009438 -0.024564 -0.089818 0.071522 0.030642 0.002908 0.996964
1305031105.143106 0.011690 -0.011641 -0.077034 0.067795 0.026978 0.001377 0.997333
1305031105.175159 0.010086 -0.005818 -0.073859 0.055548 0.024006 -0.002711 0.998164
1305031105.211268 0.001106 -0.011949 -0.054864 0.041484 0.021596 -0.004246 0.998897
1305031105.243270 -0.000776 -0.010236 -0.033118 0.033827 0.015634 -0.005432 0.999291
1305031105.275288 -0.005868 -0.006484 -0.018898 0.024155 0.010158 -0.007652 0.999627
1305031105.311290 -0.012386 -0.008857 -0.003795 0.013432 0.003570 -0.008526 0.999867
1305031105.343302 -0.010932 -0.011981 0.014720 0.003881 -0.004048 -0.008211 0.999951
1305031105.375338 -0.011589 -0.017005 0.039097 -0.001408 -0.009849 -0.008037 0.999918
1305031105.411286 -0.012593 -0.009301 0.046240 -0.005005 -0.014538 -0.008813 0.999843
1305031105.443316 -0.012269 -0.010870 0.064459 -0.012300 -0.019160 -0.008719 0.999703
1305031105.475280 -0.017214 -0.013559 0.079852 -0.017021 -0.020991 -0.009758 0.999587
1305031105.511332 -0.016199 -0.010697 0.091546 -0.021257 -0.023962 -0.009592 0.999441
1305031105.543282 -0.015930 -0.011654 0.106641 -0.025656 -0.024883 -0.008777 0.999323
1305031105.575449 -0.018939 -0.010404 0.122519 -0.028604 -0.025727 -0.008943 0.999220
1305031105.611378 -0.019676 -0.013575 0.140229 -0.032766 -0.026372 -0.008065 0.999083
1305031105.643273 -0.020140 -0.013543 0.156196 -0.033968 -0.027273 -0.005298 0.999037
1305031105.675166 -0.018519 -0.011835 0.167461 -0.035828 -0.028459 -0.004934 0.998940
1305031105.711309 -0.012720 -0.014184 0.187838 -0.036441 -0.028681 -0.004329 0.998915
1305031105.743312 -0.012245 -0.011242 0.201350 -0.034978 -0.024833 -0.004238 0.999071
1305031105.775339 -0.008631 -0.005838 0.212634 -0.033493 -0.020788 -0.004546 0.999212
1305031105.811283 -0.009976 -0.007436 0.229557 -0.033806 -0.015477 -0.003248 0.999303
1305031105.843271 -0.009397 -0.004547 0.243071 -0.031785 -0.011501 -0.003094 0.999424
1305031105.875337 -0.009926 0.001057 0.253922 -0.030435 -0.005303 -0.001453 0.999522
1305031105.911262 -0.007961 0.005328 0.263275 -0.032825 -0.001631 0.003270 0.999454
1305031105.943272 -0.008911 0.008747 0.275997 -0.035872 0.002337 0.006160 0.999335
1305031105.975329 -0.010413 0.014725 0.285280 -0.039251 0.005818 0.007305 0.999186
1305031106.011285 -0.009974 0.019294 0.297951 -0.043242 0.007937 0.008515 0.998997
1305031106.043355 -0.010507 0.023479 0.310985 -0.047555 0.010170 0.009980 0.998767
1305031106.075330 -0.012626 0.027242 0.323675 -0.051729 0.011725 0.011259 0.998529
1305031106.111327 -0.015598 0.035679 0.335215 -0.055283 0.012649 0.012219 0.998316
1305031106.143355 -0.018762 0.038474 0.346908 -0.062044 0.011945 0.013629 0.997909
1305031106.175534 -0.018435 0.039823 0.359824 -0.066538 0.009616 0.014645 0.997630
1305031106.211275 -0.018546 0.039338 0.371193 -0.071137 0.007481 0.015795 0.997313
1305031106.243267 -0.018879 0.044819 0.381437 -0.069754 0.005105 0.019508 0.997360
1305031106.276385 -0.022813 0.049391 0.387095 -0.070528 0.005528 0.020012 0.997294
1305031106.311238 -0.022401 0.051952 0.393553 -0.074916 0.003925 0.023415 0.996907
1305031106.343258 -0.027286 0.060819 0.397176 -0.077376 0.005130 0.022694 0.996730
1305031106.375388 -0.021527 0.061156 0.402381 -0.087592 0.001943 0.016890 0.996011
1305031106.411320 -0.018237 0.052821 0.410094 -0.098638 0.005615 0.011679 0.995039
1305031106.443278 -0.023317 0.053372 0.412236 -0.097542 0.010921 0.006461 0.995150
1305031106.475345 -0.024005 0.052111 0.411900 -0.097760 0.008993 0.006664 0.995147
1305031106.511129 -0.021987 0.050366 0.406399 -0.094870 0.003429 0.007329 0.995457
1305031106.543302 -0.021859 0.050856 0.399206 -0.089748 -0.000887 0.006106 0.995945
1305031106.575282 -0.021542 0.048555 0.391171 -0.086707 -0.003314 0.005055 0.996216
1305031106.611151 -0.025297 0.047414 0.377612 -0.085722 -0.004528 0.001671 0.996307
1305031106.643207 -0.023190 0.042315 0.369491 -0.086230 -0.008758 0.000102 0.996237
1305031106.675279 -0.029011 0.041275 0.357110 -0.083324 -0.009546 -0.000674 0.996477
1305031106.711508 -0.030063 0.037923 0.342480 -0.084764 -0.015394 -0.000960 0.996282
1305031106.743341 -0.031646 0.034904 0.329823 -0.082915 -0.021620 -0.000984 0.996322
1305031106.775390 -0.028915 0.029990 0.317819 -0.083457 -0.028927 -0.000026 0.996091
1305031106.811289 -0.028080 0.030974 0.301069 -0.081953 -0.033222 -0.000756 0.996082
1305031106.843416 -0.025099 0.022387 0.288739 -0.084278 -0.038771 -0.000950 0.995687
1305031106.875905 -0.020878 0.018077 0.277853 -0.078552 -0.043766 -0.004753 0.995937
1305031106.911243 -0.015909 0.013673 0.262155 -0.076804 -0.045390 -0.007461 0.995985
1305031106.943439 -0.015663 0.007945 0.244312 -0.074710 -0.044173 -0.012223 0.996151
1305031106.975547 -0.017419 0.001900 0.230468 -0.068872 -0.041002 -0.016710 0.996643
1305031107.011576 -0.012161 -0.000773 0.212715 -0.064069 -0.040790 -0.018763 0.996935
1305031107.043281 -0.016236 -0.002283 0.188193 -0.061796 -0.035413 -0.021419 0.997230
1305031107.075432 -0.020900 -0.008813 0.179595 -0.058206 -0.033573 -0.022968 0.997476
1305031107.111229 -0.020173 -0.010959 0.162113 -0.053525 -0.033798 -0.024158 0.997702
1305031107.143260 -0.016253 -0.009549 0.142290 -0.050342 -0.033804 -0.023449 0.997884
1305031107.175399 -0.014691 -0.017400 0.130886 -0.049568 -0.032755 -0.024445 0.997934
1305031107.211358 -0.012840 -0.027558 0.122404 -0.045896 -0.030842 -0.025942 0.998133
1305031107.243378 -0.009113 -0.025997 0.108145 -0.038255 -0.028530 -0.026293 0.998515
1305031107.275398 -0.005827 -0.029945 0.096076 -0.032958 -0.025732 -0.025704 0.998795
1305031107.311226 -0.006497 -0.037614 0.083133 -0.027179 -0.021456 -0.027193 0.999030
1305031107.343509 -0.006355 -0.046675 0.072295 -0.018075 -0.016611 -0.027923 0.999309
1305031107.375413 -0.001214 -0.043168 0.058767 -0.007189 -0.012510 -0.027487 0.999518
1305031107.411271 0.000188 -0.040917 0.045214 0.000391 -0.006854 -0.027929 0.999586
1305031107.443419 0.005614 -0.039530 0.034784 0.006077 -0.003337 -0.026714 0.999619
1305031107.475377 0.007828 -0.038469 0.028204 0.009983 0.001514 -0.025955 0.999612
1305031107.511352 0.008909 -0.035419 0.015726 0.012385 0.006073 -0.026167 0.999562
1305031107.543605 0.012061 -0.034814 0.009632 0.010129 0.008762 -0.023971 0.999623
1305031107.575454 0.014412 -0.039428 0.015531 0.008852 0.010324 -0.020888 0.999689
1305031107.611271 0.016794 -0.034998 0.011982 0.010173 0.011657 -0.020144 0.999677
1305031107.643323 0.019726 -0.030431 0.008371 0.008314 0.012889 -0.018405 0.999713
1305031107.675568 0.016188 -0.031478 0.012845 0.006437 0.014603 -0.018647 0.999699
1305031107.711307 0.015333 -0.026982 0.012995 0.006066 0.014637 -0.018040 0.999712
1305031107.743538 0.013322 -0.020468 0.011331 0.004322 0.014098 -0.017157 0.999744
1305031107.775802 0.014046 -0.022590 0.016150 0.000560 0.010699 -0.018191 0.999777
1305031107.811596 0.014599 -0.020202 0.018524 -0.001109 0.008887 -0.018968 0.999780
1305031107.843332 0.017043 -0.018321 0.019170 -0.003487 0.008174 -0.019107 0.999778
1305031107.875358 0.024659 -0.021440 0.028576 -0.005080 0.007403 -0.021924 0.999719
1305031107.911541 0.025954 -0.021665 0.032492 -0.004075 0.010385 -0.024725 0.999632
1305031107.943122 0.029807 -0.023197 0.038201 -0.002469 0.014019 -0.025432 0.999575
1305031107.975807 0.035785 -0.024662 0.040130 -0.000384 0.018135 -0.025017 0.999522
1305031108.011320 0.045061 -0.025914 0.041485 0.003202 0.022379 -0.028038 0.999351
1305031108.043418 0.057051 -0.024949 0.040469 0.005657 0.029089 -0.026124 0.999219
1305031108.075352 0.069853 -0.027322 0.039587 0.006381 0.037428 -0.020413 0.999070
1305031108.111378 0.076911 -0.027074 0.043072 0.009309 0.044225 -0.020055 0.998777
1305031108.143334 0.089197 -0.023943 0.044317 0.012187 0.047680 -0.019051 0.998607
1305031108.176058 0.098090 -0.020055 0.042075 0.010988 0.051916 -0.016434 0.998456
1305031108.211475 0.108492 -0.020296 0.044331 0.006048 0.053776 -0.016276 0.998402
1305031108.243347 0.130173 -0.026685 0.051836 0.003774 0.054343 -0.017708 0.998358
1305031108.275358 0.136881 -0.020893 0.053925 0.005301 0.060350 -0.017500 0.998010
1305031108.311332 0.142929 -0.017766 0.051976 0.002013 0.062980 -0.016516 0.997876
1305031108.343278 0.148883 -0.015999 0.054141 -0.003478 0.062968 -0.015195 0.997894
1305031108.375410 0.155595 -0.013508 0.059032 -0.008177 0.061427 -0.010612 0.998022
1305031108.411361 0.169612 -0.016240 0.063212 -0.014332 0.056381 -0.003615 0.998300
1305031108.443610 0.187360 -0.014685 0.065663 -0.018578 0.053305 0.003106 0.998401
1305031108.475471 0.200516 -0.014613 0.071339 -0.021170 0.052847 0.010284 0.998325
1305031108.511378 0.225444 -0.014549 0.072583 -0.019824 0.051942 0.015649 0.998331
1305031108.543737 0.239860 -0.013717 0.076537 -0.014813 0.058848 0.015070 0.998043
1305031108.575414 0.246967 -0.012850 0.076234 -0.012085 0.064903 0.012643 0.997738
1305031108.611407 0.255142 -0.013308 0.076595 -0.012741 0.073180 0.013157 0.997151
1305031108.643303 0.266970 -0.010684 0.076149 -0.012380 0.077940 0.014602 0.996774
1305031108.675375 0.283083 -0.007563 0.070688 -0.014767 0.081316 0.019154 0.996395
1305031108.711411 0.292547 -0.010803 0.075204 -0.020120 0.089370 0.022913 0.995532
1305031108.743502 0.298601 -0.008980 0.078141 -0.020549 0.095090 0.023650 0.994976
1305031108.775493 0.306720 -0.006660 0.078416 -0.021065 0.098977 0.026006 0.994527
1305031108.811244 0.307048 -0.008938 0.079741 -0.023308 0.103883 0.030519 0.993848
1305031108.843264 0.312916 -0.009747 0.082972 -0.022298 0.102972 0.036361 0.993769
1305031108.876515 0.311766 -0.006761 0.080450 -0.018827 0.100725 0.042868 0.993812
1305031108.911364 0.310519 -0.010812 0.080512 -0.016975 0.098156 0.047245 0.993904
1305031108.943243 0.309282 -0.009932 0.080327 -0.010860 0.094442 0.049078 0.994261
1305031108.975268 0.307786 -0.005257 0.075255 -0.005906 0.087631 0.047592 0.994998
1305031109.011269 0.308440 -0.006764 0.071526 -0.007413 0.082591 0.045839 0.995501
1305031109.043277 0.303264 -0.007049 0.071174 -0.006125 0.081361 0.043784 0.995704
1305031109.075410 0.298244 -0.004764 0.066436 -0.007590 0.077414 0.039123 0.996202
1305031109.111282 0.287653 -0.008361 0.064968 -0.012976 0.077020 0.035721 0.996305
1305031109.143334 0.272227 -0.009022 0.067839 -0.013512 0.075755 0.033162 0.996483
1305031109.175464 0.263008 -0.005641 0.065627 -0.013064 0.068363 0.029589 0.997136
1305031109.211379 0.246264 -0.002399 0.061124 -0.017916 0.066049 0.031089 0.997171
1305031109.243290 0.230986 -0.005037 0.061640 -0.027472 0.064846 0.036111 0.996863
1305031109.275308 0.221802 -0.008716 0.066427 -0.030076 0.058605 0.041074 0.996982
1305031109.311329 0.209336 -0.001975 0.065086 -0.025231 0.048213 0.042212 0.997626
1305031109.343248 0.191458 -0.003255 0.061996 -0.029282 0.039978 0.040813 0.997937
1305031109.375397 0.177420 -0.002867 0.063944 -0.031779 0.032367 0.040323 0.998157
1305031109.411329 0.167084 0.000645 0.062765 -0.030861 0.024265 0.036216 0.998573
1305031109.443302 0.153225 0.002043 0.062898 -0.034899 0.019468 0.030659 0.998731
1305031109.475363 0.141442 0.001743 0.062985 -0.037410 0.016585 0.027732 0.998777
1305031109.511273 0.130917 0.001675 0.063072 -0.036823 0.012937 0.023652 0.998958
1305031109.543294 0.116031 0.000006 0.062818 -0.034849 0.011726 0.020637 0.999111
1305031109.575362 0.098955 0.004149 0.057175 -0.033384 0.012793 0.020278 0.999155
1305031109.611310 0.086472 0.003220 0.053817 -0.034217 0.011099 0.017935 0.999192
1305031109.643229 0.076397 0.004624 0.053850 -0.034368 0.009044 0.016536 0.999232
1305031109.675263 0.057561 0.008425 0.049798 -0.035755 0.010587 0.019148 0.999121
1305031109.711312 0.045720 0.010953 0.048422 -0.038141 0.006745 0.018324 0.999082
1305031109.743274 0.035074 0.012177 0.048937 -0.042583 0.002797 0.017536 0.998935
1305031109.775277 0.022671 0.011990 0.051315 -0.045323 0.001224 0.017584 0.998817
1305031109.811371 0.009162 0.013005 0.051485 -0.047735 -0.000004 0.017168 0.998712
1305031109.843296 -0.004507 0.014380 0.054179 -0.050991 -0.002718 0.016216 0.998564
1305031109.875306 -0.021772 0.015622 0.055357 -0.054386 -0.004858 0.014854 0.998398
1305031109.911265 -0.034278 0.011920 0.061826 -0.056840 -0.011133 0.010097 0.998270
1305031109.943299 -0.040769 0.013702 0.063445 -0.059340 -0.016690 0.007404 0.998071
1305031109.975258 -0.054734 0.019366 0.064277 -0.061529 -0.018943 0.001787 0.997924
1305031110.011256 -0.069506 0.020883 0.069435 -0.063385 -0.020773 -0.004503 0.997763
1305031110.043299 -0.079768 0.020820 0.073141 -0.066491 -0.022847 -0.011179 0.997463
1305031110.075319 -0.096849 0.022261 0.076181 -0.068649 -0.021814 -0.016902 0.997259
1305031110.111325 -0.114593 0.025756 0.076677 -0.071856 -0.021637 -0.022627 0.996924
1305031110.143432 -0.132533 0.023358 0.086577 -0.073974 -0.023777 -0.026332 0.996629
1305031110.175641 -0.143196 0.025571 0.084898 -0.075929 -0.027079 -0.027454 0.996367
1305031110.211637 -0.152089 0.028146 0.087948 -0.078313 -0.031436 -0.028445 0.996027
1305031110.243323 -0.172604 0.024823 0.096119 -0.080066 -0.032420 -0.029778 0.995817
1305031110.279321 -0.181456 0.022245 0.099038 -0.079565 -0.036874 -0.030603 0.995677
1305031110.311404 -0.195100 0.024274 0.099000 -0.076358 -0.039142 -0.032006 0.995798
1305031110.343355 -0.203265 0.027790 0.097876 -0.074627 -0.045238 -0.032035 0.995670
1305031110.379281 -0.215822 0.027638 0.099141 -0.073889 -0.050542 -0.035756 0.995343
1305031110.411469 -0.228178 0.033540 0.097223 -0.072496 -0.056564 -0.038057 0.995036
1305031110.443260 -0.233084 0.039517 0.092860 -0.074683 -0.064736 -0.040481 0.994280
1305031110.479331 -0.248912 0.035470 0.097077 -0.079113 -0.070777 -0.046816 0.993247
1305031110.511429 -0.265758 0.033592 0.099147 -0.080682 -0.076040 -0.051381 0.992506
1305031110.543408 -0.274229 0.038880 0.097545 -0.081376 -0.083243 -0.054158 0.991723
1305031110.579426 -0.278600 0.042777 0.094035 -0.085013 -0.091296 -0.057585 0.990516
1305031110.611307 -0.288682 0.041870 0.099459 -0.089044 -0.094620 -0.062087 0.989577
1305031110.643418 -0.302471 0.035145 0.106047 -0.090369 -0.094948 -0.065411 0.989212
1305031110.679606 -0.310235 0.044285 0.101057 -0.087736 -0.097000 -0.067935 0.989080
1305031110.711412 -0.314072 0.044897 0.100302 -0.090813 -0.099926 -0.069001 0.988436
1305031110.743249 -0.324604 0.041992 0.102794 -0.092424 -0.099552 -0.071363 0.988157
1305031110.779193 -0.328117 0.041445 0.103272 -0.093112 -0.101316 -0.072259 0.987848
1305031110.811386 -0.329777 0.042582 0.102244 -0.093365 -0.102119 -0.073639 0.987640
1305031110.843218 -0.332648 0.043963 0.101723 -0.094435 -0.104014 -0.075914 0.987168
1305031110.879313 -0.332062 0.040294 0.103492 -0.096080 -0.106445 -0.075793 0.986759
1305031110.911333 -0.330111 0.042437 0.102440 -0.095933 -0.108128 -0.076081 0.986568
1305031110.943862 -0.326846 0.043043 0.104183 -0.095814 -0.110265 -0.077086 0.986265
1305031110.979345 -0.316926 0.044694 0.103456 -0.095559 -0.111117 -0.077748 0.986142
1305031111.011431 -0.305286 0.047674 0.103848 -0.095292 -0.108527 -0.076909 0.986522
1305031111.043327 -0.300338 0.045599 0.106910 -0.095364 -0.102157 -0.074256 0.987399
1305031111.079283 -0.293112 0.048072 0.103040 -0.096391 -0.099488 -0.072382 0.987710
1305031111.111508 -0.285031 0.049606 0.106191 -0.096575 -0.096953 -0.069566 0.988147
1305031111.143257 -0.274029 0.042088 0.111534 -0.097641 -0.095750 -0.067776 0.988284
1305031111.179326 -0.258336 0.040667 0.110973 -0.095482 -0.093678 -0.067489 0.988713
1305031111.211433 -0.247809 0.040674 0.109146 -0.093593 -0.085117 -0.064583 0.989861
1305031111.243236 -0.241528 0.039245 0.110471 -0.093049 -0.081710 -0.063649 0.990260
1305031111.279308 -0.225892 0.033987 0.116490 -0.090398 -0.081882 -0.061473 0.990628
1305031111.311547 -0.214129 0.040357 0.110916 -0.084380 -0.077305 -0.055847 0.991859
1305031111.343397 -0.212317 0.044101 0.105514 -0.086905 -0.076938 -0.057028 0.991603
1305031111.379134 -0.198743 0.034687 0.114144 -0.088711 -0.079763 -0.054565 0.991358
1305031111.411296 -0.185434 0.036598 0.117726 -0.083543 -0.081656 -0.051283 0.991828
1305031111.443386 -0.158879 0.033297 0.114287 -0.084762 -0.092896 -0.056089 0.990474
1305031111.479259 -0.134140 0.027926 0.120339 -0.082420 -0.089356 -0.056966 0.990948
1305031111.511264 -0.126413 0.027790 0.116637 -0.078158 -0.076369 -0.056253 0.992419
1305031111.543250 -0.106703 0.021185 0.121509 -0.076031 -0.072636 -0.052984 0.993044
1305031111.579237 -0.094740 0.026545 0.115019 -0.069974 -0.062052 -0.048399 0.994440
1305031111.611271 -0.094630 0.025406 0.104947 -0.071335 -0.052449 -0.042146 0.995180
1305031111.643395 -0.075968 0.017017 0.121574 -0.070101 -0.055525 -0.035570 0.995358
1305031111.679320 -0.048610 0.022997 0.115152 -0.062921 -0.052056 -0.025907 0.996323
1305031111.711760 -0.028438 0.019405 0.110852 -0.063387 -0.045989 -0.025895 0.996592
1305031111.743386 -0.005131 0.016753 0.116694 -0.059357 -0.037341 -0.022749 0.997279
1305031111.779423 0.013558 0.018214 0.114838 -0.055784 -0.020849 -0.017888 0.998065
1305031111.811406 0.014561 0.010670 0.113212 -0.055528 -0.002570 -0.019339 0.998266
1305031111.843299 0.025704 0.018045 0.113332 -0.048741 0.007852 -0.017437 0.998628
1305031111.879442 0.027676 0.015764 0.101134 -0.050158 0.018667 -0.013623 0.998474
1305031111.911354 0.033771 0.016597 0.110757 -0.048980 0.019417 -0.006449 0.998590
1305031111.943300 0.047655 0.015478 0.110936 -0.047302 0.015574 0.001060 0.998759
1305031111.979449 0.073380 0.016732 0.106311 -0.045452 0.013563 0.008594 0.998837
1305031112.011433 0.098445 0.013333 0.102966 -0.044786 0.017054 0.010235 0.998799
1305031112.043270 0.110266 0.014301 0.102760 -0.040459 0.026206 0.007584 0.998809
1305031112.079339 0.130281 0.012990 0.098706 -0.038666 0.035917 0.008609 0.998569
1305031112.111423 0.126573 0.010859 0.099332 -0.036981 0.050191 0.002503 0.998052
1305031112.144342 0.150174 0.014981 0.095404 -0.034728 0.051365 -0.003224 0.998071
1305031112.179390 0.167773 0.007315 0.093284 -0.040355 0.062612 -0.006061 0.997203
1305031112.211254 0.180794 0.001667 0.097741 -0.041283 0.072275 -0.011441 0.996464
1305031112.243369 0.192203 -0.001030 0.099641 -0.035590 0.083072 -0.015016 0.995795
1305031112.279353 0.186148 -0.000290 0.102442 -0.029895 0.095503 -0.019395 0.994791
1305031112.311312 0.198630 -0.000093 0.101205 -0.022780 0.096609 -0.020715 0.994846
1305031112.343323 0.206780 -0.000879 0.097894 -0.016323 0.097458 -0.020119 0.994902
1305031112.379360 0.216925 -0.001485 0.095776 -0.012322 0.095989 -0.016371 0.995171
1305031112.411442 0.231566 -0.002062 0.093124 -0.010104 0.092419 -0.011754 0.995600
1305031112.443391 0.246079 -0.003468 0.093251 -0.007728 0.090223 -0.005088 0.995879
1305031112.479418 0.252751 -0.004730 0.092150 -0.004949 0.089884 0.003568 0.995934
1305031112.511504 0.260666 -0.006181 0.091932 -0.003109 0.086755 0.011276 0.996161
1305031112.543212 0.273802 -0.006787 0.090950 -0.000537 0.082137 0.015768 0.996496
1305031112.579252 0.281375 -0.005581 0.089150 0.001852 0.079300 0.021146 0.996625
1305031112.611261 0.302270 -0.002294 0.084768 0.002672 0.075128 0.027788 0.996783
1305031112.643246 0.316076 -0.004390 0.083063 -0.000828 0.079274 0.036717 0.996176
1305031112.679952 0.320528 -0.002488 0.084595 -0.001909 0.085065 0.040118 0.995566
1305031112.711251 0.322515 -0.001257 0.084260 -0.003778 0.089836 0.041264 0.995094
1305031112.743245 0.327513 0.005916 0.078623 -0.006680 0.091793 0.045521 0.994715
1305031112.779310 0.326122 0.003075 0.081940 -0.015212 0.096377 0.048186 0.994061
1305031112.811310 0.315185 0.002621 0.092261 -0.016663 0.099521 0.046869 0.993791
1305031112.843286 0.312393 0.006599 0.090856 -0.018053 0.093660 0.045048 0.994421
1305031112.879421 0.312650 0.009260 0.091680 -0.020986 0.089598 0.047158 0.994640
1305031112.911411 0.299899 0.007863 0.095385 -0.024412 0.089334 0.048298 0.994530
1305031112.943321 0.296184 0.007816 0.098458 -0.025856 0.083202 0.048845 0.994999
1305031112.979278 0.293411 0.008011 0.097841 -0.026343 0.076193 0.045757 0.995694
1305031113.011353 0.285040 0.011197 0.094511 -0.027301 0.073522 0.045378 0.995887
1305031113.043231 0.277911 0.009401 0.093910 -0.032098 0.071573 0.043418 0.995973
1305031113.079251 0.267115 0.007398 0.097054 -0.032285 0.069382 0.038878 0.996309
1305031113.111316 0.252839 0.010208 0.094000 -0.028905 0.065573 0.033260 0.996874
1305031113.143306 0.242667 0.008345 0.089632 -0.033091 0.062469 0.031273 0.997008
1305031113.179343 0.228732 0.005297 0.090885 -0.036267 0.062001 0.032913 0.996874
1305031113.211259 0.210036 0.003148 0.088757 -0.034862 0.058033 0.034504 0.997109
1305031113.243227 0.196909 0.003209 0.085810 -0.037708 0.050673 0.035198 0.997382
1305031113.279312 0.183102 0.001717 0.087863 -0.039160 0.045829 0.036743 0.997505
1305031113.311452 0.170047 0.002715 0.089864 -0.032821 0.037616 0.040312 0.997939
1305031113.343252 0.150750 0.004977 0.083938 -0.027596 0.028023 0.039033 0.998464
1305031113.379312 0.132117 0.003500 0.081972 -0.031739 0.020690 0.035936 0.998636
1305031113.411625 0.115789 0.001518 0.086418 -0.031057 0.013875 0.036712 0.998747
1305031113.443266 0.096123 0.001816 0.084750 -0.029789 0.008422 0.030270 0.999062
1305031113.479311 0.078381 0.003631 0.081415 -0.032640 0.001576 0.023870 0.999181
1305031113.511523 0.062859 0.000902 0.086272 -0.037386 -0.004536 0.022259 0.999043
1305031113.543242 0.043944 -0.000907 0.088718 -0.039207 -0.009558 0.018833 0.999008
1305031113.579301 0.028618 0.000345 0.088663 -0.039008 -0.014737 0.013598 0.999038
1305031113.611268 0.022308 0.003199 0.090438 -0.041117 -0.020737 0.010284 0.998886
1305031113.643222 0.008715 0.002718 0.089951 -0.043814 -0.020920 0.006503 0.998799
1305031113.679288 -0.004724 -0.000445 0.094478 -0.046295 -0.021147 0.003506 0.998698
1305031113.711931 -0.018229 -0.002519 0.096831 -0.047118 -0.020807 -0.001333 0.998672
1305031113.743590 -0.029973 -0.001051 0.096754 -0.045782 -0.018787 -0.006853 0.998751
1305031113.779320 -0.046507 -0.002806 0.098778 -0.045367 -0.015517 -0.010873 0.998791
1305031113.811237 -0.063273 -0.000434 0.100053 -0.043875 -0.013434 -0.013151 0.998860
1305031113.843295 -0.072905 0.004801 0.097731 -0.042632 -0.012366 -0.015969 0.998887
1305031113.879281 -0.091663 -0.003052 0.104937 -0.043814 -0.010876 -0.020705 0.998766
1305031113.911290 -0.109817 -0.001384 0.106460 -0.040704 -0.010302 -0.022846 0.998857
1305031113.943291 -0.117364 0.001313 0.104760 -0.037360 -0.009992 -0.023605 0.998973
1305031113.979293 -0.133749 0.001078 0.106567 -0.034202 -0.007363 -0.028943 0.998969
1305031114.011257 -0.152814 0.004698 0.106524 -0.029766 -0.004816 -0.034743 0.998941
1305031114.043301 -0.171453 0.008561 0.108046 -0.027103 -0.006574 -0.036113 0.998958
1305031114.079285 -0.188356 0.007217 0.110804 -0.025259 -0.011079 -0.037202 0.998927
1305031114.111263 -0.202932 0.010211 0.108967 -0.022322 -0.016349 -0.040917 0.998779
1305031114.143284 -0.211568 0.015025 0.109252 -0.020625 -0.023131 -0.043200 0.998586
1305031114.179337 -0.224804 0.008519 0.117166 -0.020525 -0.025426 -0.045683 0.998421
1305031114.211303 -0.233628 0.016612 0.112279 -0.016644 -0.027101 -0.046492 0.998412
1305031114.243337 -0.247805 0.022399 0.111330 -0.016697 -0.029526 -0.050381 0.998154
1305031114.279390 -0.267787 0.022391 0.120553 -0.016738 -0.033808 -0.052598 0.997903
1305031114.311429 -0.280825 0.024022 0.119039 -0.017856 -0.041465 -0.052769 0.997586
1305031114.343331 -0.290234 0.024420 0.121064 -0.018663 -0.047610 -0.056205 0.997109
1305031114.379320 -0.298852 0.019723 0.124326 -0.020368 -0.050365 -0.059610 0.996742
1305031114.411397 -0.310846 0.018671 0.128175 -0.019937 -0.052041 -0.063438 0.996429
1305031114.443345 -0.325544 0.022163 0.127507 -0.019072 -0.055079 -0.065674 0.996137
1305031114.479332 -0.339995 0.020602 0.129322 -0.019951 -0.060474 -0.067194 0.995706
1305031114.511266 -0.344470 0.021054 0.128963 -0.020681 -0.070553 -0.068542 0.994935
1305031114.543236 -0.345292 0.022448 0.128940 -0.022971 -0.076503 -0.067924 0.994488
1305031114.579237 -0.353388 0.017612 0.132875 -0.025921 -0.076424 -0.064661 0.994639
1305031114.611391 -0.357647 0.021229 0.131872 -0.027320 -0.077342 -0.062540 0.994666
1305031114.644136 -0.366469 0.019137 0.129898 -0.032910 -0.078729 -0.061701 0.994440
1305031114.679251 -0.370554 0.016502 0.136961 -0.036251 -0.085722 -0.061993 0.993728
1305031114.711306 -0.375517 0.012990 0.138715 -0.038359 -0.089036 -0.062684 0.993314
1305031114.743200 -0.374373 0.008343 0.141244 -0.038378 -0.093809 -0.064711 0.992743
1305031114.779289 -0.372171 0.009291 0.142888 -0.035883 -0.096035 -0.068195 0.992391
1305031114.811303 -0.369929 0.014143 0.137660 -0.034396 -0.096480 -0.069261 0.992326
1305031114.843208 -0.368803 0.012735 0.138708 -0.035029 -0.097301 -0.071746 0.992047
1305031114.879281 -0.362848 0.018565 0.135682 -0.033488 -0.098327 -0.071726 0.992001
1305031114.912879 -0.359008 0.018378 0.135205 -0.035063 -0.098990 -0.071299 0.991911
1305031114.943234 -0.348818 0.023805 0.132708 -0.035951 -0.100488 -0.073067 0.991600
1305031114.979280 -0.341279 0.025886 0.134046 -0.037800 -0.098493 -0.073518 0.991698
1305031115.011300 -0.332921 0.032739 0.130848 -0.040091 -0.097509 -0.075018 0.991593
1305031115.043508 -0.320895 0.027966 0.136770 -0.045468 -0.096702 -0.074449 0.991483
1305031115.079238 -0.310466 0.030233 0.139353 -0.046558 -0.094043 -0.074940 0.991651
1305031115.111230 -0.289298 0.031893 0.141286 -0.049340 -0.093134 -0.073835 0.991685
1305031115.143275 -0.280885 0.028044 0.146142 -0.051856 -0.083089 -0.071723 0.992604
1305031115.179440 -0.274417 0.032863 0.146497 -0.051445 -0.077794 -0.071219 0.993091
1305031115.211374 -0.258136 0.027156 0.154621 -0.053314 -0.077014 -0.067995 0.993279
1305031115.243297 -0.241422 0.020317 0.162616 -0.051250 -0.073431 -0.064048 0.993921
1305031115.279966 -0.225066 0.028678 0.159587 -0.047043 -0.071449 -0.059570 0.994552
1305031115.311704 -0.199935 0.022194 0.167794 -0.048595 -0.070384 -0.052823 0.994934
1305031115.343235 -0.188781 0.025621 0.167134 -0.043491 -0.058807 -0.050902 0.996022
1305031115.379166 -0.178886 0.032278 0.159617 -0.046496 -0.054691 -0.044080 0.996446
1305031115.411237 -0.164039 0.030255 0.169365 -0.053615 -0.061681 -0.040886 0.995816
1305031115.443159 -0.140703 0.027256 0.173897 -0.057843 -0.065661 -0.036177 0.995507
1305031115.479241 -0.121047 0.028666 0.175987 -0.062073 -0.066879 -0.028571 0.995418
1305031115.511253 -0.094561 0.022280 0.181692 -0.066325 -0.067671 -0.027403 0.995123
1305031115.543604 -0.064933 0.019178 0.186016 -0.066561 -0.058838 -0.019945 0.995846
1305031115.579315 -0.053808 0.019967 0.185192 -0.065202 -0.045047 -0.014335 0.996752
1305031115.611424 -0.040460 0.018017 0.185507 -0.064615 -0.037689 -0.009337 0.997155
1305031115.643254 -0.021887 0.017398 0.186487 -0.063044 -0.031616 -0.001265 0.997509
1305031115.679241 -0.013411 0.015615 0.186218 -0.062549 -0.026185 0.009763 0.997651
1305031115.711320 0.008595 0.017663 0.180703 -0.060524 -0.027720 0.017455 0.997629
1305031115.743250 0.032248 0.014019 0.181846 -0.061728 -0.022202 0.023790 0.997562
1305031115.779425 0.045702 0.013962 0.177144 -0.059431 -0.011466 0.030577 0.997698
1305031115.811277 0.063277 0.017606 0.173930 -0.057618 -0.002656 0.037872 0.997617
1305031115.843224 0.074556 0.016890 0.167510 -0.059564 0.010281 0.045016 0.997156
1305031115.879198 0.082676 0.009465 0.170491 -0.061250 0.018354 0.051718 0.996613
1305031115.911118 0.103185 0.017452 0.166898 -0.056118 0.019341 0.058537 0.996519
1305031115.943311 0.118462 0.016893 0.166421 -0.057807 0.025804 0.064940 0.995879
1305031115.980740 0.132146 0.021391 0.165301 -0.057882 0.031101 0.070588 0.995339
1305031116.011379 0.156860 0.022955 0.163084 -0.060490 0.036010 0.074231 0.994753
1305031116.043164 0.162633 0.024885 0.163930 -0.062679 0.052468 0.074771 0.993845
1305031116.080030 0.172154 0.028574 0.163835 -0.066564 0.063234 0.078570 0.992672
1305031116.111300 0.187071 0.030982 0.165065 -0.072485 0.071933 0.082709 0.991328
1305031116.143441 0.194610 0.031946 0.169817 -0.076132 0.081544 0.085884 0.990040
1305031116.179572 0.201579 0.035409 0.172438 -0.077131 0.088516 0.088808 0.989105
1305031116.211299 0.216159 0.036430 0.171808 -0.080956 0.092101 0.093151 0.988072
1305031116.243320 0.231332 0.038486 0.173879 -0.082032 0.096351 0.096628 0.987244
1305031116.279385 0.243371 0.038436 0.173909 -0.082735 0.104424 0.099586 0.986070
1305031116.311336 0.248816 0.043421 0.172078 -0.083136 0.114138 0.103696 0.984534
1305031116.343292 0.253936 0.030999 0.178565 -0.089591 0.122801 0.107278 0.982540
1305031116.379384 0.256305 0.036471 0.177224 -0.080729 0.125945 0.107332 0.982904
1305031116.411333 0.252698 0.043511 0.169587 -0.073330 0.129884 0.110568 0.982613
1305031116.443369 0.255962 0.040627 0.166335 -0.077843 0.130877 0.120180 0.981004
1305031116.479850 0.260283 0.037943 0.168347 -0.078696 0.130457 0.124612 0.980438
1305031116.511205 0.258213 0.037187 0.165989 -0.077227 0.129085 0.120535 0.981246
1305031116.543262 0.249538 0.041321 0.164829 -0.072566 0.130677 0.115901 0.981949
1305031116.579313 0.240821 0.041586 0.161076 -0.072675 0.128652 0.113580 0.982480
1305031116.611261 0.229758 0.037295 0.162257 -0.073741 0.123789 0.107953 0.983659
1305031116.643355 0.216546 0.034428 0.161770 -0.073700 0.116484 0.098892 0.985505
1305031116.679281 0.202902 0.034877 0.160794 -0.073186 0.109615 0.089528 0.987225
1305031116.711634 0.191009 0.036056 0.158535 -0.072484 0.103899 0.079723 0.988734
1305031116.743291 0.174663 0.034888 0.157324 -0.074707 0.099756 0.068155 0.989860
1305031116.779298 0.160229 0.033294 0.155884 -0.077769 0.094901 0.057729 0.990764
1305031116.811318 0.140350 0.031882 0.155383 -0.077888 0.092097 0.049246 0.991477
1305031116.846089 0.116503 0.032302 0.154875 -0.076190 0.086128 0.042592 0.992453
1305031116.880165 0.097710 0.032530 0.151723 -0.077278 0.076269 0.035416 0.993457
1305031116.912044 0.082106 0.028476 0.151332 -0.078938 0.063828 0.031885 0.994323
1305031116.943296 0.060128 0.033705 0.151496 -0.078158 0.052002 0.023964 0.995295
1305031116.979351 0.046166 0.035980 0.151017 -0.076415 0.038004 0.013097 0.996265
1305031117.011382 0.022947 0.039128 0.150148 -0.074188 0.028523 0.003521 0.996830
1305031117.043261 0.010988 0.043775 0.148996 -0.073939 0.016527 -0.002027 0.997124
1305031117.079520 -0.005050 0.044243 0.149722 -0.076938 0.006885 -0.006914 0.996988
1305031117.111238 -0.022677 0.046157 0.150733 -0.078742 -0.002619 -0.008258 0.996857
1305031117.143218 -0.030934 0.047772 0.149241 -0.081678 -0.014007 -0.009368 0.996516
1305031117.179264 -0.036628 0.053301 0.150016 -0.082932 -0.024880 -0.014041 0.996146
1305031117.211361 -0.037839 0.053252 0.155529 -0.085907 -0.034466 -0.016267 0.995574
1305031117.243277 -0.035906 0.058784 0.154433 -0.087665 -0.039220 -0.017949 0.995216
1305031117.279299 -0.036022 0.055466 0.157684 -0.093787 -0.039747 -0.022268 0.994549
1305031117.311200 -0.044268 0.053411 0.160217 -0.097733 -0.035712 -0.024120 0.994279
1305031117.343243 -0.047524 0.048085 0.164770 -0.100762 -0.035961 -0.024950 0.993947
1305031117.379454 -0.048710 0.040406 0.168607 -0.102590 -0.036460 -0.025113 0.993738
1305031117.411221 -0.053088 0.036047 0.168902 -0.101210 -0.036613 -0.024834 0.993881
1305031117.443274 -0.052052 0.033572 0.169126 -0.098109 -0.039048 -0.023161 0.994140
1305031117.479403 -0.053024 0.027934 0.169473 -0.096504 -0.039811 -0.021635 0.994301
1305031117.511325 -0.053755 0.021585 0.171224 -0.093160 -0.041401 -0.019735 0.994594
1305031117.544285 -0.051045 0.016686 0.172021 -0.088314 -0.043785 -0.018659 0.994955
1305031117.579155 -0.053201 0.010306 0.171153 -0.085374 -0.044671 -0.020484 0.995136
1305031117.611159 -0.055902 0.006453 0.170243 -0.082991 -0.045220 -0.020018 0.995323
1305031117.643252 -0.057277 -0.003819 0.174581 -0.082646 -0.047285 -0.019058 0.995274
1305031117.679262 -0.055739 -0.008603 0.175663 -0.081798 -0.050779 -0.017344 0.995203
1305031117.711184 -0.058523 -0.016123 0.179093 -0.081417 -0.052234 -0.016341 0.995176
1305031117.743184 -0.058746 -0.027127 0.183110 -0.082237 -0.054494 -0.013046 0.995036
1305031117.779467 -0.061547 -0.034480 0.184873 -0.081722 -0.055734 -0.011789 0.995026
1305031117.811320 -0.056512 -0.044159 0.191972 -0.082793 -0.059992 -0.008254 0.994725
1305031117.843291 -0.050792 -0.059533 0.199905 -0.083318 -0.062150 -0.006859 0.994559
1305031117.879451 -0.049295 -0.065742 0.200589 -0.080822 -0.059478 -0.006852 0.994929
1305031117.911407 -0.050150 -0.077389 0.207164 -0.080938 -0.057687 -0.007222 0.995022
1305031117.943253 -0.049304 -0.086664 0.210685 -0.080202 -0.056137 -0.007060 0.995172
1305031117.979228 -0.053559 -0.092310 0.210780 -0.080473 -0.052811 -0.008233 0.995323
1305031118.011228 -0.053767 -0.107369 0.219962 -0.083987 -0.053033 -0.008385 0.995019
1305031118.043521 -0.055442 -0.118240 0.226228 -0.083674 -0.051274 -0.008585 0.995136
1305031118.079334 -0.051788 -0.127386 0.231222 -0.083887 -0.051661 -0.009133 0.995093
1305031118.111217 -0.048371 -0.138941 0.237089 -0.083800 -0.048543 -0.010600 0.995243
1305031118.143256 -0.050975 -0.147940 0.240651 -0.082298 -0.043310 -0.012111 0.995593
1305031118.179323 -0.050997 -0.159447 0.246558 -0.082330 -0.040694 -0.014249 0.995672
1305031118.211202 -0.060481 -0.170202 0.253715 -0.079640 -0.035489 -0.014160 0.996091
1305031118.243173 -0.061668 -0.179987 0.255419 -0.077017 -0.036083 -0.014047 0.996278
1305031118.279194 -0.058892 -0.191987 0.262121 -0.073964 -0.037751 -0.014403 0.996442
1305031118.311299 -0.061368 -0.200970 0.266540 -0.067641 -0.037623 -0.014607 0.996893
1305031118.343324 -0.057100 -0.203758 0.266239 -0.061741 -0.037482 -0.014943 0.997276
1305031118.379208 -0.059988 -0.209404 0.268660 -0.056930 -0.035254 -0.016612 0.997617
1305031118.411296 -0.063425 -0.211980 0.269396 -0.053274 -0.035952 -0.016956 0.997788
1305031118.445692 -0.058901 -0.215148 0.270019 -0.052761 -0.037486 -0.014251 0.997802
1305031118.479285 -0.058522 -0.217222 0.272113 -0.052143 -0.038056 -0.011380 0.997849
1305031118.511255 -0.055137 -0.215882 0.274782 -0.049886 -0.039374 -0.010064 0.997928
1305031118.544414 -0.048915 -0.211756 0.270469 -0.050349 -0.040351 -0.010772 0.997858
1305031118.579285 -0.049960 -0.211686 0.270991 -0.053143 -0.038651 -0.011267 0.997775
1305031118.616142 -0.048982 -0.205983 0.270239 -0.053000 -0.036618 -0.013396 0.997833
1305031118.645325 -0.049879 -0.196544 0.268472 -0.052809 -0.034206 -0.016417 0.997884
1305031118.679295 -0.050034 -0.188484 0.264621 -0.055208 -0.032797 -0.018005 0.997774
1305031118.711421 -0.053636 -0.183558 0.266289 -0.056583 -0.032421 -0.020527 0.997660
1305031118.746770 -0.060828 -0.173988 0.265066 -0.053975 -0.032715 -0.021560 0.997773
1305031118.779277 -0.054634 -0.151378 0.252816 -0.052246 -0.037840 -0.020330 0.997710
1305031118.811221 -0.053441 -0.150841 0.251308 -0.058703 -0.040198 -0.022648 0.997209
1305031118.846753 -0.050285 -0.150263 0.257533 -0.058767 -0.041830 -0.021163 0.997170
1305031118.879208 -0.047792 -0.126264 0.237826 -0.053491 -0.039010 -0.022899 0.997543
1305031118.911177 -0.049059 -0.116135 0.231256 -0.055551 -0.037309 -0.025594 0.997430
1305031118.946974 -0.048829 -0.103732 0.227779 -0.054534 -0.036310 -0.026458 0.997501
1305031118.979374 -0.049201 -0.085928 0.215731 -0.053454 -0.034856 -0.030225 0.997504
1305031119.011363 -0.053766 -0.072326 0.206543 -0.055813 -0.033353 -0.032994 0.997338
1305031119.047172 -0.058308 -0.065386 0.202885 -0.058970 -0.032688 -0.034406 0.997131
1305031119.079223 -0.058482 -0.055238 0.199373 -0.060062 -0.035645 -0.033147 0.997007
1305031119.111328 -0.062454 -0.046429 0.192317 -0.060717 -0.037795 -0.033408 0.996880
1305031119.147616 -0.064297 -0.032184 0.184475 -0.059675 -0.040605 -0.031974 0.996879
1305031119.179226 -0.064459 -0.026599 0.180749 -0.060896 -0.044993 -0.032258 0.996608
1305031119.211364 -0.063214 -0.016440 0.174731 -0.058603 -0.047121 -0.030422 0.996704
1305031119.247399 -0.062136 -0.004327 0.168303 -0.057119 -0.048833 -0.029556 0.996734
1305031119.279212 -0.062208 0.007455 0.161745 -0.056049 -0.049554 -0.029908 0.996749
1305031119.311212 -0.064310 0.016901 0.157018 -0.056072 -0.049240 -0.027714 0.996827
1305031119.347741 -0.064496 0.023373 0.154969 -0.056266 -0.051286 -0.025136 0.996781
1305031119.379239 -0.062923 0.037390 0.148775 -0.054336 -0.053884 -0.024552 0.996765
1305031119.411484 -0.058789 0.047612 0.143416 -0.054860 -0.054740 -0.024119 0.996701
1305031119.447706 -0.056130 0.056239 0.140156 -0.055672 -0.053317 -0.023606 0.996745
1305031119.479267 -0.058996 0.066228 0.136872 -0.054646 -0.050300 -0.024339 0.996941
1305031119.511240 -0.060550 0.080938 0.130147 -0.054175 -0.048544 -0.023741 0.997068
1305031119.547382 -0.060516 0.090414 0.127509 -0.056041 -0.048674 -0.022276 0.996993
1305031119.579559 -0.058059 0.105507 0.121344 -0.056510 -0.048028 -0.022619 0.996990
1305031119.615017 -0.059577 0.114266 0.118954 -0.060785 -0.045627 -0.021191 0.996882
1305031119.647903 -0.061455 0.126470 0.115373 -0.063093 -0.044458 -0.020883 0.996798
1305031119.679208 -0.057747 0.137193 0.111802 -0.067338 -0.043230 -0.023458 0.996517
1305031119.715232 -0.060762 0.149641 0.110754 -0.071736 -0.037508 -0.021217 0.996492
1305031119.747193 -0.068440 0.154374 0.111185 -0.077182 -0.033470 -0.017281 0.996305
1305031119.779169 -0.070142 0.164332 0.109431 -0.079811 -0.034550 -0.014983 0.996098
1305031119.814537 -0.069363 0.174718 0.108564 -0.081309 -0.035703 -0.011049 0.995988
1305031119.847429 -0.069246 0.182296 0.106639 -0.084692 -0.034547 -0.007471 0.995780
1305031119.879214 -0.066110 0.186523 0.107238 -0.086453 -0.034178 -0.006922 0.995645
1305031119.911401 -0.067770 0.198834 0.103719 -0.085296 -0.031937 -0.006625 0.995822
1305031119.947392 -0.065904 0.205241 0.101718 -0.090083 -0.031007 -0.006662 0.995429
1305031119.979537 -0.064216 0.211003 0.100965 -0.092532 -0.028476 -0.007161 0.995277
1305031120.015264 -0.070260 0.221553 0.095459 -0.095388 -0.022507 -0.006372 0.995165
1305031120.047290 -0.071693 0.223631 0.097273 -0.103277 -0.021653 -0.004156 0.994408
1305031120.079418 -0.075976 0.224852 0.101126 -0.104786 -0.022440 -0.001424 0.994241
1305031120.115232 -0.075155 0.229211 0.099158 -0.105055 -0.025218 -0.000000 0.994147
1305031120.148157 -0.072097 0.227918 0.100439 -0.106951 -0.027164 0.001331 0.993892
1305031120.179246 -0.072043 0.222705 0.103068 -0.106752 -0.026528 0.003428 0.993926
1305031120.215249 -0.071956 0.214896 0.105723 -0.103949 -0.026965 0.003185 0.994212
1305031120.248003 -0.070343 0.210857 0.105052 -0.099905 -0.027535 0.000928 0.994615
1305031120.279430 -0.069920 0.205152 0.106542 -0.096583 -0.026885 -0.000580 0.994962
1305031120.315196 -0.070127 0.196621 0.108411 -0.094402 -0.026343 -0.002981 0.995181
1305031120.347787 -0.070996 0.188687 0.112070 -0.090837 -0.025617 -0.004469 0.995526
1305031120.379437 -0.070743 0.176954 0.115190 -0.090207 -0.025833 -0.004826 0.995576
1305031120.415445 -0.072358 0.163212 0.123505 -0.084992 -0.025830 -0.005060 0.996034
1305031120.447417 -0.070066 0.156156 0.126994 -0.077591 -0.027731 -0.004784 0.996588
1305031120.479432 -0.070719 0.145038 0.130498 -0.074593 -0.028077 -0.004291 0.996810
1305031120.514819 -0.073753 0.132832 0.138058 -0.068732 -0.028998 -0.002468 0.997211
1305031120.547736 -0.073766 0.123824 0.141538 -0.062076 -0.032149 -0.000594 0.997553
1305031120.579551 -0.071380 0.115457 0.144600 -0.059150 -0.037240 0.003748 0.997547
1305031120.615236 -0.068921 0.106284 0.151971 -0.055376 -0.042667 0.006169 0.997534
1305031120.647354 -0.069489 0.098471 0.155339 -0.049861 -0.044904 0.005904 0.997729
1305031120.679318 -0.065008 0.090935 0.159144 -0.047345 -0.047949 0.007421 0.997700
1305031120.714522 -0.062025 0.082989 0.163544 -0.045104 -0.049758 0.009216 0.997700
1305031120.747369 -0.062941 0.073285 0.167806 -0.044095 -0.051812 0.009545 0.997637
1305031120.779894 -0.062815 0.061042 0.173272 -0.042548 -0.053649 0.008702 0.997615
1305031120.814944 -0.057835 0.053970 0.177297 -0.040010 -0.056084 0.009442 0.997579
1305031120.847921 -0.057633 0.046871 0.179393 -0.039523 -0.056980 0.007524 0.997564
1305031120.883435 -0.056888 0.032003 0.184020 -0.039294 -0.056641 0.005203 0.997608
1305031120.915444 -0.054321 0.027647 0.185862 -0.036503 -0.056236 0.004127 0.997741
1305031120.947488 -0.055027 0.017192 0.189969 -0.037031 -0.055819 0.002061 0.997752
1305031120.983366 -0.056306 0.006555 0.194155 -0.037028 -0.055536 -0.000354 0.997770
1305031121.015019 -0.057706 -0.003857 0.197920 -0.035735 -0.055807 -0.001720 0.997800
1305031121.047498 -0.056535 -0.009668 0.197825 -0.034264 -0.056047 -0.002353 0.997837
1305031121.083099 -0.061063 -0.024473 0.203014 -0.035003 -0.055997 -0.003902 0.997810
1305031121.114696 -0.059870 -0.032958 0.205056 -0.032405 -0.057906 -0.003511 0.997790
1305031121.147331 -0.060310 -0.042576 0.206311 -0.031013 -0.058522 -0.003833 0.997797
1305031121.183271 -0.062643 -0.052413 0.208768 -0.029307 -0.059042 -0.004931 0.997813
1305031121.211420 -0.058675 -0.065785 0.212514 -0.028581 -0.060195 -0.004546 0.997767
1305031121.247194 -0.058761 -0.069646 0.212730 -0.025208 -0.058980 -0.004135 0.997932
1305031121.282876 -0.062158 -0.080459 0.215932 -0.025261 -0.059304 -0.003979 0.997912
1305031121.313568 -0.059552 -0.097142 0.222020 -0.025559 -0.060557 -0.002688 0.997834
1305031121.347517 -0.063878 -0.101358 0.222283 -0.021824 -0.060403 -0.001724 0.997934
1305031121.383226 -0.060452 -0.116981 0.228276 -0.022433 -0.062864 -0.000999 0.997769
1305031121.414318 -0.060604 -0.126335 0.230678 -0.018111 -0.062148 -0.002300 0.997900
1305031121.447319 -0.061470 -0.130545 0.229953 -0.015380 -0.061199 -0.001641 0.998006
1305031121.482964 -0.057498 -0.146919 0.234928 -0.015923 -0.060359 0.000042 0.998050
1305031121.514107 -0.061381 -0.149700 0.236367 -0.010973 -0.057731 0.000682 0.998272
1305031121.547270 -0.060008 -0.156160 0.234718 -0.011964 -0.057856 0.001030 0.998253
1305031121.583204 -0.059080 -0.167503 0.240057 -0.014094 -0.056830 0.000300 0.998284
1305031121.614700 -0.058857 -0.178147 0.243986 -0.013768 -0.055319 -0.000996 0.998373
1305031121.647183 -0.058385 -0.183123 0.243452 -0.012598 -0.051031 -0.003476 0.998612
1305031121.683200 -0.059597 -0.190174 0.245991 -0.014681 -0.047156 -0.004709 0.998769
1305031121.714520 -0.068065 -0.199222 0.247959 -0.015821 -0.043763 -0.004581 0.998906
1305031121.747145 -0.065968 -0.204178 0.248778 -0.017470 -0.044209 -0.003802 0.998862
1305031121.782835 -0.064303 -0.210938 0.253261 -0.019331 -0.044470 -0.001509 0.998823
1305031121.811540 -0.061100 -0.215323 0.255905 -0.020666 -0.044261 0.000515 0.998806
1305031121.847335 -0.060937 -0.219020 0.257710 -0.022669 -0.042737 0.003379 0.998823
1305031121.882060 -0.063411 -0.220934 0.259593 -0.024887 -0.041730 0.009245 0.998776
1305031121.914931 -0.062417 -0.220755 0.260023 -0.026494 -0.043891 0.012373 0.998608
1305031121.947288 -0.061291 -0.221051 0.261877 -0.026532 -0.046359 0.011399 0.998507
1305031121.982926 -0.057887 -0.218371 0.260417 -0.026641 -0.046879 0.011437 0.998480
1305031122.014256 -0.060057 -0.215055 0.259565 -0.027199 -0.046211 0.009723 0.998514
1305031122.047306 -0.060030 -0.209501 0.257683 -0.026038 -0.047569 0.006027 0.998510
1305031122.082959 -0.057483 -0.202774 0.255425 -0.025009 -0.048854 0.002587 0.998489
1305031122.114672 -0.058536 -0.192405 0.251661 -0.023109 -0.048588 -0.001177 0.998551
1305031122.150725 -0.056269 -0.182132 0.247464 -0.022947 -0.049506 -0.005950 0.998492
1305031122.183042 -0.054793 -0.171652 0.244667 -0.020831 -0.048795 -0.011404 0.998526
1305031122.214959 -0.054190 -0.146906 0.233218 -0.019236 -0.047094 -0.016282 0.998572
1305031122.251319 -0.056227 -0.142261 0.229983 -0.026551 -0.045882 -0.019624 0.998401
1305031122.283560 -0.061767 -0.127888 0.228224 -0.026219 -0.045233 -0.022422 0.998381
1305031122.314289 -0.059875 -0.106296 0.216314 -0.028831 -0.047771 -0.026207 0.998098
1305031122.351327 -0.065409 -0.096379 0.214174 -0.035243 -0.048361 -0.029787 0.997763
1305031122.382630 -0.068708 -0.083610 0.207997 -0.039661 -0.049363 -0.030414 0.997530
1305031122.414997 -0.072318 -0.078220 0.207036 -0.044882 -0.052945 -0.031348 0.997096
1305031122.451257 -0.074666 -0.066147 0.201362 -0.046562 -0.056862 -0.030003 0.996844
1305031122.483360 -0.072658 -0.055866 0.195410 -0.049652 -0.062671 -0.029459 0.996363
1305031122.515097 -0.073101 -0.045782 0.190332 -0.050887 -0.066255 -0.031764 0.995998
1305031122.551490 -0.067456 -0.033610 0.184932 -0.051724 -0.069046 -0.032820 0.995731
1305031122.583208 -0.068403 -0.024416 0.181171 -0.053573 -0.067505 -0.034019 0.995699
1305031122.614980 -0.074515 -0.016006 0.176459 -0.054360 -0.065838 -0.033931 0.995771
1305031122.648788 -0.071234 -0.006533 0.172382 -0.053789 -0.069162 -0.032081 0.995638
1305031122.683402 -0.074817 0.006936 0.165572 -0.051976 -0.068876 -0.031405 0.995775
1305031122.715208 -0.075788 0.018005 0.162462 -0.051722 -0.071654 -0.028431 0.995682
1305031122.751298 -0.072897 0.032275 0.156287 -0.050173 -0.074860 -0.028478 0.995524
1305031122.783423 -0.072353 0.046555 0.150444 -0.052437 -0.075002 -0.029200 0.995376
1305031122.812555 -0.071986 0.055544 0.147463 -0.057396 -0.074013 -0.029777 0.995159
1305031122.851418 -0.066006 0.059420 0.147857 -0.061909 -0.072244 -0.031309 0.994971
1305031122.883754 -0.069004 0.071489 0.143854 -0.064104 -0.064657 -0.031034 0.995363
1305031122.914571 -0.072273 0.077382 0.142030 -0.068298 -0.061424 -0.029665 0.995330
1305031122.951341 -0.075863 0.083014 0.140594 -0.069933 -0.059350 -0.029726 0.995341
1305031122.982815 -0.076931 0.094763 0.136474 -0.070644 -0.059104 -0.025384 0.995425
1305031123.015450 -0.078260 0.100977 0.135219 -0.073230 -0.059627 -0.023166 0.995261
1305031123.051827 -0.075901 0.105734 0.134292 -0.073713 -0.060285 -0.021534 0.995223
1305031123.082975 -0.075047 0.117967 0.128646 -0.071981 -0.059496 -0.019142 0.995446
1305031123.113873 -0.077224 0.129492 0.123662 -0.074181 -0.056997 -0.017212 0.995466
1305031123.150822 -0.076476 0.137490 0.122394 -0.077139 -0.056800 -0.016814 0.995259
1305031123.182155 -0.073690 0.146241 0.120041 -0.080086 -0.055743 -0.016551 0.995091
1305031123.214704 -0.069676 0.153747 0.118488 -0.085479 -0.052523 -0.016885 0.994811
1305031123.250618 -0.071335 0.169501 0.114805 -0.088917 -0.047952 -0.017798 0.994725
1305031123.282347 -0.071964 0.177860 0.114795 -0.097669 -0.044274 -0.015376 0.994115
1305031123.311327 -0.069749 0.185242 0.115641 -0.103738 -0.041028 -0.015083 0.993644
1305031123.350481 -0.069029 0.192868 0.115241 -0.109173 -0.036970 -0.014576 0.993228
1305031123.382255 -0.069368 0.202126 0.113507 -0.113479 -0.031584 -0.011060 0.992977
1305031123.411363 -0.067987 0.207151 0.114574 -0.117656 -0.027509 -0.009371 0.992629
1305031123.451255 -0.068808 0.215948 0.112905 -0.119657 -0.024424 -0.007915 0.992483
1305031123.483594 -0.069856 0.224223 0.110135 -0.123769 -0.021505 -0.003766 0.992071
1305031123.511360 -0.065919 0.231204 0.110246 -0.126704 -0.021606 -0.001031 0.991705
1305031123.551513 -0.066069 0.238997 0.109573 -0.128180 -0.021450 0.001275 0.991518
1305031123.579583 -0.065366 0.247175 0.107335 -0.129840 -0.020735 0.004508 0.991308
1305031123.611335 -0.061997 0.254521 0.106058 -0.131152 -0.020484 0.005572 0.991135
1305031123.652411 -0.060934 0.262364 0.103764 -0.134745 -0.018146 0.005163 0.990701
1305031123.683753 -0.058434 0.269428 0.103208 -0.138497 -0.015315 0.006390 0.990224
1305031123.711323 -0.056778 0.278588 0.102102 -0.141315 -0.012065 0.007889 0.989860
1305031123.751723 -0.058758 0.282754 0.103176 -0.144298 -0.009302 0.010117 0.989439
1305031123.783858 -0.059997 0.285475 0.103775 -0.145857 -0.009188 0.011881 0.989192
1305031123.811608 -0.058862 0.288653 0.102777 -0.146068 -0.009808 0.012644 0.989145
1305031123.851444 -0.059201 0.290976 0.102672 -0.146237 -0.009753 0.015388 0.989082
1305031123.883786 -0.059889 0.291480 0.104172 -0.144758 -0.010969 0.015586 0.989283
1305031123.911243 -0.060601 0.286922 0.103744 -0.143141 -0.011915 0.015099 0.989515
1305031123.951442 -0.058180 0.283825 0.101932 -0.144236 -0.013506 0.016823 0.989308
1305031123.983415 -0.062405 0.284768 0.104792 -0.142618 -0.014030 0.018780 0.989500
1305031124.011302 -0.063619 0.275387 0.109294 -0.139172 -0.017790 0.018471 0.989936
1305031124.051505 -0.064910 0.270533 0.109702 -0.135017 -0.020110 0.019020 0.990457
1305031124.083837 -0.063248 0.266139 0.111412 -0.132694 -0.023869 0.019619 0.990675
1305031124.111331 -0.061634 0.253365 0.118030 -0.128789 -0.028008 0.018561 0.991103
1305031124.147446 -0.059160 0.246980 0.119576 -0.123891 -0.030427 0.016755 0.991688
1305031124.182694 -0.060036 0.239529 0.122555 -0.121837 -0.031244 0.014323 0.991955
1305031124.211396 -0.060685 0.226905 0.128325 -0.117221 -0.032346 0.012478 0.992500
1305031124.249327 -0.062224 0.221163 0.128941 -0.111137 -0.033108 0.012659 0.993173
1305031124.282545 -0.061058 0.211255 0.131458 -0.111535 -0.038312 0.012870 0.992938
1305031124.311361 -0.063072 0.201316 0.136295 -0.107164 -0.041297 0.012871 0.993300
1305031124.350354 -0.061936 0.190250 0.138561 -0.103392 -0.045348 0.011646 0.993538
1305031124.382420 -0.060022 0.180703 0.140903 -0.099427 -0.048288 0.010586 0.993816
1305031124.411439 -0.060210 0.168564 0.144147 -0.094895 -0.049731 0.009867 0.994195
1305031124.450245 -0.058754 0.155528 0.146906 -0.089254 -0.051720 0.007957 0.994633
1305031124.480099 -0.061014 0.144194 0.148400 -0.082696 -0.051909 0.005497 0.995207
1305031124.511324 -0.060509 0.133192 0.150416 -0.076648 -0.054114 0.003698 0.995582
1305031124.550437 -0.061100 0.125092 0.151234 -0.071132 -0.055607 0.001198 0.995915
1305031124.579404 -0.062679 0.113302 0.154127 -0.067133 -0.057635 -0.001443 0.996077
1305031124.611358 -0.061187 0.100986 0.158625 -0.062455 -0.060948 -0.003047 0.996180
1305031124.651271 -0.060144 0.089626 0.160912 -0.058666 -0.063703 -0.004488 0.996233
1305031124.679362 -0.059209 0.074239 0.166298 -0.055877 -0.065933 -0.006312 0.996238
1305031124.711251 -0.056619 0.064876 0.168661 -0.050855 -0.067055 -0.007835 0.996422
1305031124.749890 -0.056000 0.053821 0.173272 -0.048049 -0.067634 -0.008753 0.996514
1305031124.779365 -0.060882 0.041575 0.177366 -0.044727 -0.066980 -0.010442 0.996697
1305031124.811360 -0.056533 0.031526 0.181121 -0.042289 -0.069716 -0.009764 0.996622
1305031124.850535 -0.057380 0.017860 0.188287 -0.042651 -0.070926 -0.010296 0.996516
1305031124.879355 -0.053678 0.002904 0.195653 -0.041266 -0.072333 -0.011065 0.996465
1305031124.911448 -0.052387 -0.004282 0.198516 -0.039109 -0.070053 -0.010472 0.996721
1305031124.950730 -0.052362 -0.013031 0.202697 -0.040357 -0.068683 -0.011051 0.996761
1305031124.979438 -0.058361 -0.036250 0.213393 -0.042872 -0.066084 -0.010288 0.996840
1305031125.011454 -0.063446 -0.044928 0.217049 -0.037363 -0.066875 -0.009266 0.997019
1305031125.050763 -0.056862 -0.050406 0.220865 -0.034255 -0.071409 -0.008053 0.996826
1305031125.079364 -0.055796 -0.060391 0.227731 -0.034901 -0.071003 -0.004518 0.996855
1305031125.111364 -0.059141 -0.074626 0.232297 -0.035366 -0.071005 -0.003418 0.996843
1305031125.151013 -0.056302 -0.084951 0.237784 -0.031862 -0.072534 -0.004987 0.996844
1305031125.179353 -0.057119 -0.084046 0.235364 -0.029477 -0.069444 -0.004569 0.997140
1305031125.211320 -0.055938 -0.096786 0.241148 -0.033463 -0.068924 -0.004131 0.997052
1305031125.250632 -0.059741 -0.113930 0.248365 -0.033880 -0.068060 -0.006523 0.997084
1305031125.279467 -0.060086 -0.116385 0.249580 -0.029710 -0.068074 -0.007228 0.997212
1305031125.311493 -0.062988 -0.128525 0.251502 -0.030333 -0.065366 -0.007219 0.997374
1305031125.348880 -0.063187 -0.135989 0.255262 -0.026992 -0.064612 -0.010283 0.997492
1305031125.379401 -0.059466 -0.138038 0.255055 -0.025676 -0.063418 -0.014366 0.997553
1305031125.411335 -0.057850 -0.146556 0.260037 -0.027025 -0.057801 -0.015112 0.997848
1305031125.451195 -0.059469 -0.151019 0.259886 -0.029231 -0.051852 -0.017239 0.998078
1305031125.479424 -0.061786 -0.161186 0.265806 -0.029986 -0.047456 -0.018871 0.998245
1305031125.511316 -0.059742 -0.161494 0.266133 -0.028778 -0.044509 -0.019322 0.998407
1305031125.551020 -0.060362 -0.164939 0.266778 -0.029899 -0.041112 -0.021089 0.998484
1305031125.579308 -0.059826 -0.167525 0.267327 -0.031452 -0.037672 -0.023740 0.998513
1305031125.611533 -0.062031 -0.171837 0.268840 -0.031257 -0.033770 -0.023780 0.998658
1305031125.650575 -0.068404 -0.172718 0.267736 -0.026703 -0.031898 -0.020582 0.998922
1305031125.679328 -0.068946 -0.164887 0.260328 -0.021296 -0.035975 -0.019074 0.998944
1305031125.711443 -0.066918 -0.165913 0.260418 -0.020762 -0.042249 -0.017226 0.998743
1305031125.751260 -0.061163 -0.153774 0.254840 -0.014497 -0.046350 -0.015021 0.998707
1305031125.779348 -0.059612 -0.146250 0.248906 -0.014298 -0.047360 -0.018022 0.998613
1305031125.811573 -0.057807 -0.135984 0.243655 -0.013170 -0.046878 -0.019747 0.998619
1305031125.847412 -0.058390 -0.128610 0.239605 -0.015563 -0.045082 -0.020802 0.998645
1305031125.879318 -0.063346 -0.120611 0.235779 -0.015736 -0.044237 -0.022158 0.998651
1305031125.911305 -0.064686 -0.103346 0.228906 -0.016805 -0.047086 -0.020623 0.998537
1305031125.947343 -0.071422 -0.097329 0.227187 -0.020882 -0.051883 -0.018480 0.998264
1305031125.979324 -0.068284 -0.087047 0.224972 -0.021722 -0.060473 -0.014570 0.997827
1305031126.011333 -0.063983 -0.073208 0.219174 -0.022747 -0.066793 -0.015252 0.997391
1305031126.047324 -0.059757 -0.058057 0.214836 -0.024508 -0.068866 -0.015021 0.997212
1305031126.079356 -0.056987 -0.044471 0.212033 -0.028269 -0.068072 -0.013854 0.997184
1305031126.111370 -0.058567 -0.037714 0.210902 -0.033739 -0.066566 -0.015133 0.997097
1305031126.147432 -0.056775 -0.021102 0.208436 -0.035167 -0.065840 -0.013164 0.997123
1305031126.179384 -0.058122 -0.004076 0.203623 -0.040068 -0.065333 -0.012492 0.996980
1305031126.211319 -0.056992 0.003420 0.206164 -0.046052 -0.066343 -0.012665 0.996653
1305031126.247298 -0.055379 0.018814 0.200902 -0.048234 -0.065241 -0.012438 0.996626
1305031126.279363 -0.053386 0.030896 0.200094 -0.052678 -0.064115 -0.013716 0.996457
1305031126.311332 -0.050776 0.044780 0.197023 -0.056398 -0.061775 -0.014913 0.996384
1305031126.347363 -0.051053 0.055823 0.195307 -0.060739 -0.057874 -0.016947 0.996330
1305031126.379423 -0.053128 0.064554 0.192660 -0.065716 -0.054154 -0.017977 0.996206
1305031126.411465 -0.054810 0.077599 0.188215 -0.069202 -0.051689 -0.020070 0.996060
1305031126.447361 -0.055310 0.084799 0.187470 -0.074565 -0.050263 -0.019188 0.995764
1305031126.479533 -0.058420 0.092656 0.184452 -0.077759 -0.049263 -0.016846 0.995612
1305031126.511410 -0.057692 0.109027 0.179097 -0.078814 -0.051080 -0.015317 0.995462
1305031126.547374 -0.054684 0.118130 0.175965 -0.084786 -0.052081 -0.014461 0.994932
1305031126.579454 -0.052413 0.124953 0.175395 -0.090143 -0.050710 -0.012807 0.994555
1305031126.611528 -0.052494 0.133031 0.173269 -0.095699 -0.048625 -0.011443 0.994156
1305031126.647376 -0.051152 0.134805 0.174509 -0.101978 -0.047162 -0.009075 0.993627
1305031126.679479 -0.050214 0.139351 0.172618 -0.104710 -0.045058 -0.004760 0.993470
1305031126.711583 -0.049463 0.145587 0.169067 -0.107441 -0.043326 -0.001829 0.993265
1305031126.747316 -0.048020 0.147016 0.169677 -0.109634 -0.042147 0.001078 0.993077
1305031126.779379 -0.047430 0.152832 0.166436 -0.108950 -0.040983 0.004050 0.993194
1305031126.811602 -0.042969 0.155267 0.164444 -0.109975 -0.040257 0.004550 0.993108
1305031126.847343 -0.043251 0.159733 0.161512 -0.109636 -0.035858 0.004893 0.993313
1305031126.879357 -0.041323 0.161635 0.160410 -0.110809 -0.034714 0.005855 0.993218
1305031126.911364 -0.039367 0.162329 0.159302 -0.111341 -0.033139 0.005065 0.993217
1305031126.947437 -0.042217 0.167204 0.156394 -0.110160 -0.030591 0.006863 0.993419
1305031126.979337 -0.041313 0.164639 0.156598 -0.111821 -0.031913 0.007996 0.993184
1305031127.011371 -0.040424 0.164551 0.156252 -0.110301 -0.033128 0.008366 0.993311
1305031127.047297 -0.041164 0.166125 0.155165 -0.108845 -0.033056 0.009337 0.993465
1305031127.079299 -0.040007 0.163533 0.155945 -0.110299 -0.034131 0.009842 0.993264
1305031127.111435 -0.042975 0.163113 0.156113 -0.109355 -0.035171 0.010641 0.993323
1305031127.147307 -0.043977 0.159945 0.157312 -0.108563 -0.038350 0.011174 0.993287
1305031127.179349 -0.043341 0.159334 0.157712 -0.106229 -0.041616 0.010608 0.993414
1305031127.211700 -0.041619 0.155199 0.159115 -0.106718 -0.043764 0.010313 0.993272
1305031127.247374 -0.040965 0.152767 0.160558 -0.104490 -0.044226 0.009645 0.993495
1305031127.279465 -0.042278 0.152057 0.160698 -0.101672 -0.043965 0.008588 0.993809
1305031127.311362 -0.044991 0.150867 0.161053 -0.101210 -0.043715 0.007705 0.993874
1305031127.347356 -0.044111 0.144870 0.165250 -0.100434 -0.046088 0.007343 0.993849
1305031127.379262 -0.044377 0.144637 0.165901 -0.097309 -0.047208 0.007315 0.994107
1305031127.411371 -0.045046 0.143222 0.167065 -0.096839 -0.048197 0.006428 0.994112
1305031127.447333 -0.046531 0.137282 0.170422 -0.097294 -0.049019 0.005913 0.994030
1305031127.479362 -0.045670 0.137847 0.171194 -0.094787 -0.050719 0.005431 0.994190
1305031127.511356 -0.046661 0.137744 0.172426 -0.095310 -0.051629 0.004209 0.994099
1305031127.547348 -0.047863 0.133781 0.175087 -0.095641 -0.052096 0.004001 0.994044
1305031127.579345 -0.047955 0.133800 0.176016 -0.093588 -0.052762 0.003825 0.994205
1305031127.611271 -0.047437 0.135418 0.176089 -0.093126 -0.053544 0.003816 0.994206
1305031127.647358 -0.047570 0.130672 0.178921 -0.095415 -0.053897 0.004944 0.993965
1305031127.679298 -0.048193 0.128489 0.179958 -0.094465 -0.054216 0.005785 0.994034
1305031127.711375 -0.046374 0.131097 0.178988 -0.092834 -0.055885 0.005738 0.994095
1305031127.747304 -0.046373 0.129895 0.180415 -0.093866 -0.056421 0.005673 0.993969
1305031127.779346 -0.047740 0.126133 0.181862 -0.093866 -0.056054 0.005700 0.993989
1305031127.811829 -0.046775 0.126696 0.180743 -0.092257 -0.056966 0.004807 0.994093
1305031127.847366 -0.048088 0.126603 0.180334 -0.092150 -0.056492 0.003820 0.994134
1305031127.879380 -0.050273 0.125724 0.180781 -0.092193 -0.055980 0.003198 0.994161
1305031127.911476 -0.049337 0.125635 0.181116 -0.091747 -0.057505 0.003057 0.994116
1305031127.947366 -0.049692 0.127217 0.181140 -0.091764 -0.058347 0.003157 0.994065
1305031127.979371 -0.051906 0.128171 0.181566 -0.092499 -0.058098 0.002884 0.994012
1305031128.011427 -0.049327 0.126992 0.183842 -0.094194 -0.059251 0.002657 0.993786
1305031128.047369 -0.049293 0.125097 0.186359 -0.096978 -0.058207 0.003641 0.993576
1305031128.079334 -0.048959 0.122425 0.189008 -0.097431 -0.058216 0.004920 0.993526
1305031128.111391 -0.048563 0.120580 0.190794 -0.097552 -0.058602 0.005634 0.993488
1305031128.147418 -0.047794 0.119806 0.192012 -0.098450 -0.058939 0.007064 0.993370
1305031128.179350 -0.047257 0.116091 0.194348 -0.098612 -0.059100 0.008487 0.993333
1305031128.211447 -0.046302 0.116624 0.195008 -0.096514 -0.059695 0.008814 0.993501
1305031128.247480 -0.046309 0.118205 0.194144 -0.096115 -0.060136 0.009237 0.993509
1305031128.279336 -0.047209 0.114575 0.196069 -0.097352 -0.060074 0.009086 0.993394
1305031128.311483 -0.046738 0.115487 0.195171 -0.095700 -0.060351 0.008488 0.993543
1305031128.347423 -0.046958 0.116033 0.194978 -0.095428 -0.060481 0.007778 0.993567
1305031128.379404 -0.047394 0.114719 0.195758 -0.095999 -0.060892 0.006294 0.993497
1305031128.411337 -0.048380 0.112986 0.195492 -0.095745 -0.060465 0.004725 0.993557
1305031128.447296 -0.048939 0.114052 0.194649 -0.094784 -0.060421 0.003702 0.993656
1305031128.479296 -0.049011 0.112360 0.195295 -0.095621 -0.060733 0.002852 0.993559
1305031128.511433 -0.048495 0.111647 0.195419 -0.095342 -0.060842 0.002269 0.993581
1305031128.547399 -0.048542 0.114525 0.194213 -0.093551 -0.060225 0.001858 0.993790
1305031128.579455 -0.049484 0.110083 0.195203 -0.094799 -0.059200 0.001421 0.993734
1305031128.611395 -0.050306 0.109515 0.194576 -0.093599 -0.059079 0.001898 0.993854
1305031128.647352 -0.052249 0.110913 0.193373 -0.092400 -0.059425 0.001997 0.993945
