# TF Coordinate Frame ID: openni_rgb_optical_frame(data: openni_rgb_optical_frame)
1305031102.175304 -0.001122 -0.003739 -0.000263 -0.000713 0.000772 -0.002732 0.999996
1305031102.211214 0.001847 0.004838 0.007859 -0.002460 -0.003624 -0.003143 0.999985
1305031102.243211 -0.002380 0.009380 0.017596 -0.006635 -0.005627 -0.003336 0.999957
1305031102.275326 -0.002299 0.007381 0.034422 -0.012499 -0.008500 -0.002917 0.999881
1305031102.311267 -0.002717 0.004235 0.047244 -0.018276 -0.010682 -0.002588 0.999773
1305031102.343233 -0.007115 0.003548 0.062375 -0.020905 -0.011282 -0.001492 0.999717
1305031102.375329 -0.003645 0.005127 0.074463 -0.023268 -0.014617 -0.000353 0.999622
1305031102.411258 -0.008289 0.006923 0.085965 -0.024888 -0.016233 -0.002013 0.999556
1305031102.443271 -0.005963 0.018259 0.091836 -0.026354 -0.019920 -0.001757 0.999453
1305031102.475318 -0.003203 0.017773 0.103542 -0.034545 -0.022981 -0.001528 0.999138
1305031102.511219 -0.003849 0.019789 0.139888 -0.039716 -0.024495 -0.002577 0.998907
1305031102.575286 -0.001665 0.009785 0.149874 -0.048512 -0.020774 -0.006700 0.998584
1305031102.611233 -0.005171 0.006531 0.170901 -0.047424 -0.017759 -0.005615 0.998701
1305031102.643265 -0.010796 0.013674 0.176734 -0.043671 -0.015333 -0.005269 0.998914
1305031102.675285 -0.012424 0.016116 0.181966 -0.044994 -0.015402 -0.004339 0.998859
1305031102.711263 -0.014247 0.016806 0.195549 -0.045795 -0.015174 -0.003749 0.998829
1305031102.743234 -0.010749 0.024776 0.206598 -0.044858 -0.016767 -0.001502 0.998852
1305031102.775472 -0.007523 0.023202 0.215998 -0.048252 -0.015304 -0.003280 0.998713
1305031102.811232 -0.008659 0.025257 0.232090 -0.049979 -0.012261 -0.004586 0.998664
1305031102.843290 -0.009931 0.028151 0.243377 -0.050727 -0.008180 -0.005623 0.998663
1305031102.875363 -0.014523 0.030715 0.257302 -0.050061 -0.003833 -0.008643 0.998701
1305031102.911185 -0.015234 0.033947 0.269055 -0.049603 -0.002625 -0.009172 0.998723
1305031102.943229 -0.022815 0.037553 0.279434 -0.048806 -0.000066 -0.011309 0.998744
1305031102.975203 -0.030767 0.042019 0.291645 -0.048385 -0.004118 -0.011839 0.998750
1305031103.011215 -0.032312 0.046114 0.303460 -0.049203 -0.009825 -0.009325 0.998697
1305031103.043227 -0.033041 0.049964 0.313438 -0.050432 -0.015879 -0.006946 0.998577
1305031103.075319 -0.026954 0.050763 0.329253 -0.050620 -0.022016 -0.004214 0.998466
1305031103.111240 -0.029474 0.056313 0.337465 -0.048801 -0.020099 -0.003625 0.998600
1305031103.143318 -0.028728 0.059472 0.343582 -0.050345 -0.020593 -0.001223 0.998519
1305031103.175452 -0.026961 0.065563 0.351889 -0.049586 -0.020042 -0.000391 0.998569
1305031103.211220 -0.027638 0.074416 0.373625 -0.053408 -0.021688 0.001780 0.998336
1305031103.275370 -0.040489 0.072986 0.372710 -0.072302 -0.016003 0.006659 0.997232
1305031103.311210 -0.040635 0.070574 0.384992 -0.079202 -0.026612 0.007023 0.996479
1305031103.343223 -0.027616 0.073621 0.392343 -0.079078 -0.037801 0.008901 0.996112
1305031103.375327 -0.027943 0.072252 0.394225 -0.083616 -0.035097 0.010526 0.995824
1305031103.411260 -0.028102 0.071251 0.396302 -0.084399 -0.035650 0.012130 0.995720
1305031103.443280 -0.027569 0.069988 0.395437 -0.084018 -0.039693 0.011642 0.995605
1305031103.475274 -0.026585 0.067331 0.394387 -0.084050 -0.042993 0.010459 0.995479
1305031103.511333 -0.024512 0.063471 0.391392 -0.082126 -0.046104 0.008517 0.995519
1305031103.543444 -0.024615 0.059092 0.386177 -0.078461 -0.047537 0.006818 0.995760
1305031103.575474 -0.028078 0.056756 0.377037 -0.073484 -0.047289 0.006677 0.996152
1305031103.611223 -0.030320 0.053151 0.365375 -0.070672 -0.049719 0.007589 0.996231
1305031103.643445 -0.030391 0.048175 0.356645 -0.068677 -0.053347 0.008517 0.996175
1305031103.675523 -0.025748 0.044412 0.346815 -0.066184 -0.057870 0.009115 0.996086
1305031103.711610 -0.019962 0.040962 0.336746 -0.064092 -0.061195 0.010374 0.996012
1305031103.743326 -0.017420 0.036210 0.325680 -0.061341 -0.061671 0.009267 0.996167
1305031103.775342 -0.017394 0.031064 0.310427 -0.059466 -0.060774 0.005779 0.996362
1305031103.811242 -0.016724 0.031148 0.293142 -0.058141 -0.058650 0.002769 0.996580
1305031103.843251 -0.020978 0.031964 0.272317 -0.059783 -0.056285 -0.000488 0.996623
1305031103.875361 -0.022603 0.024496 0.262481 -0.066306 -0.058873 -0.003254 0.996056
1305031103.911221 -0.024361 0.017652 0.255951 -0.066303 -0.062515 -0.005645 0.995823
1305031103.943211 -0.019547 0.015092 0.243004 -0.064002 -0.066799 -0.005899 0.995694
1305031103.975373 -0.016975 0.009954 0.228996 -0.062209 -0.069126 -0.006659 0.995644
1305031104.011232 -0.012676 0.000489 0.219150 -0.060180 -0.070564 -0.007985 0.995658
1305031104.043249 -0.004777 -0.007930 0.207574 -0.055912 -0.070198 -0.008796 0.995926
1305031104.075425 -0.000209 -0.007553 0.188162 -0.050382 -0.065995 -0.011707 0.996478
1305031104.111235 0.004055 -0.011593 0.174178 -0.046952 -0.060593 -0.012780 0.996976
1305031104.143230 0.001954 -0.018127 0.161070 -0.043515 -0.054141 -0.013538 0.997493
1305031104.175424 0.001438 -0.022045 0.148006 -0.039998 -0.050473 -0.014567 0.997818
1305031104.211283 0.001271 -0.024106 0.134940 -0.035292 -0.047419 -0.014750 0.998142
1305031104.243196 0.005053 -0.028915 0.122638 -0.031809 -0.046472 -0.014103 0.998313
1305031104.275546 0.007634 -0.030990 0.110312 -0.026991 -0.044222 -0.014323 0.998554
1305031104.311219 0.011937 -0.033759 0.097383 -0.023451 -0.041653 -0.014456 0.998752
1305031104.343342 0.011002 -0.033270 0.081097 -0.019103 -0.036895 -0.015243 0.999020
1305031104.375837 0.007512 -0.033523 0.063529 -0.016615 -0.029993 -0.015979 0.999284
1305031104.411509 0.008231 -0.031729 0.052975 -0.014479 -0.026368 -0.014445 0.999443
1305031104.443288 -0.001099 -0.031455 0.040584 -0.013430 -0.022186 -0.015465 0.999544
1305031104.475456 -0.006849 -0.031289 0.029998 -0.013754 -0.022039 -0.015301 0.999545
1305031104.511329 -0.005922 -0.037781 0.025131 -0.014556 -0.024913 -0.013487 0.999493
1305031104.543368 -0.002055 -0.040651 0.019759 -0.012220 -0.029031 -0.011242 0.999441
1305031104.575343 0.006154 -0.044918 0.016909 -0.007715 -0.030491 -0.010240 0.999453
1305031104.611336 0.008563 -0.061769 0.016452 -0.002076 -0.025810 -0.008797 0.999626
1305031104.643243 0.013394 -0.058336 0.005290 0.011130 -0.019574 -0.008858 0.999707
1305031104.675525 0.015158 -0.060171 -0.005732 0.023144 -0.011195 -0.007849 0.999639
1305031104.711277 0.015021 -0.063225 -0.014809 0.036836 -0.002965 -0.005427 0.999302
1305031104.743280 0.013236 -0.061747 -0.028565 0.050581 0.004915 -0.003969 0.998700
1305031104.775327 0.014169 -0.060576 -0.040551 0.062767 0.012312 -0.002241 0.997950
1305031104.811465 0.017421 -0.057210 -0.052368 0.074523 0.018634 0.000788 0.997045
1305031104.843258 0.017299 -0.053198 -0.065735 0.082948 0.026056 0.002513 0.996210
1305031104.875350 0.011989 -0.044043 -0.074966 0.090573 0.030569 0.004586 0.995410
1305031104.911534 0.018680 -0.040483 -0.085512 0.093060 0.030041 0.007505 0.995179
1305031104.943262 0.020846 -0.038302 -0.091572 0.093685 0.031019 0.007770 0.995088
1305031104.975202 0.020542 -0.030251 -0.095779 0.094706 0.030360 0.008366 0.995007
1305031105.011290 0.023724 -0.024822 -0.099884 0.090109 0.028675 0.008586 0.995482
1305031105.043373 0.024062 -0.023602 -0.094701 0.084214 0.028078 0.007137 0.996026
1305031105.075320 0.019721 -0.020228 -0.090519 0.077800 0.028124 0.004855 0.996560
1305031105.111299 0.015366 -0.021824 -0.078533 0.071407 0.028424 0.002998 0.997038
1305031105.143106 0.012415 -0.011127 -0.067872 0.067676 0.025660 0.000645 0.997377
1305031105.175159 0.014906 -0.004500 -0.061880 0.055561 0.021504 -0.001829 0.998222
1305031105.211268 0.005180 -0.011206 -0.043697 0.042095 0.019689 -0.004829 0.998908
1305031105.243270 -0.000572 -0.010305 -0.023871 0.033506 0.014693 -0.006750 0.999308
1305031105.275288 -0.004890 -0.007006 -0.010258 0.023874 0.009196 -0.008228 0.999639
1305031105.311290 -0.009598 -0.007316 0.006958 0.013872 0.002349 -0.009085 0.999860
1305031105.343302 -0.009432 -0.013295 0.025899 0.003717 -0.004996 -0.009359 0.999937
1305031105.375338 -0.013880 -0.018499 0.045191 -0.002258 -0.009009 -0.008965 0.999917
1305031105.411286 -0.012716 -0.011080 0.055213 -0.005996 -0.014692 -0.009579 0.999828
1305031105.443316 -0.014914 -0.011677 0.070487 -0.012765 -0.018285 -0.009978 0.999702
1305031105.475280 -0.018509 -0.014110 0.087485 -0.017520 -0.021044 -0.010982 0.999565
1305031105.511332 -0.017484 -0.012075 0.098643 -0.021775 -0.023923 -0.011096 0.999415
1305031105.543282 -0.018777 -0.013257 0.115340 -0.026511 -0.024521 -0.010144 0.999296
1305031105.575449 -0.019733 -0.012537 0.129500 -0.029870 -0.025787 -0.010582 0.999165
1305031105.611378 -0.019302 -0.013614 0.146930 -0.033113 -0.027381 -0.009769 0.999029
1305031105.643273 -0.021106 -0.013991 0.165094 -0.034776 -0.027766 -0.007002 0.998985
1305031105.675166 -0.019503 -0.011586 0.175322 -0.036109 -0.029009 -0.006842 0.998903
1305031105.711309 -0.014903 -0.015169 0.194713 -0.037021 -0.028167 -0.006665 0.998895
1305031105.743312 -0.013009 -0.011054 0.209514 -0.035222 -0.025056 -0.005833 0.999048
1305031105.775339 -0.008073 -0.007844 0.222144 -0.034647 -0.021610 -0.005698 0.999150
1305031105.811283 -0.010772 -0.006506 0.238167 -0.033626 -0.015708 -0.004896 0.999299
1305031105.843271 -0.009264 -0.003823 0.253440 -0.031517 -0.012223 -0.004802 0.999417
1305031105.875337 -0.011429 0.002281 0.261262 -0.030063 -0.005373 -0.003264 0.999528
1305031105.911262 -0.011400 0.003553 0.272592 -0.033837 -0.000957 0.001279 0.999426
1305031105.943272 -0.011622 0.008241 0.285469 -0.036115 0.002792 0.004043 0.999336
1305031105.975329 -0.011330 0.012584 0.295743 -0.040582 0.005193 0.005505 0.999148
1305031106.011285 -0.010693 0.016216 0.307385 -0.045137 0.007530 0.007370 0.998925
1305031106.043355 -0.011932 0.020773 0.320247 -0.049192 0.010106 0.008398 0.998703
1305031106.075330 -0.013880 0.024896 0.332905 -0.053353 0.011422 0.010324 0.998457
1305031106.111327 -0.017643 0.032272 0.344908 -0.057476 0.012887 0.010989 0.998203
1305031106.143355 -0.020271 0.037002 0.356163 -0.062914 0.011950 0.012159 0.997873
1305031106.175534 -0.020317 0.036948 0.367915 -0.068237 0.009903 0.013010 0.997535
1305031106.211275 -0.019845 0.039509 0.378926 -0.071407 0.007218 0.015091 0.997307
1305031106.243267 -0.021531 0.041068 0.390770 -0.071977 0.005649 0.017531 0.997236
1305031106.276385 -0.022253 0.047806 0.395230 -0.071759 0.004115 0.019172 0.997229
1305031106.311238 -0.024446 0.051604 0.400484 -0.075185 0.004010 0.022065 0.996917
1305031106.343258 -0.028768 0.057530 0.406637 -0.079925 0.004810 0.021310 0.996561
1305031106.375388 -0.024661 0.058360 0.412099 -0.089754 0.002854 0.014992 0.995847
1305031106.411320 -0.019207 0.054342 0.418022 -0.096996 0.005040 0.010071 0.995221
1305031106.443278 -0.021477 0.053416 0.421683 -0.097863 0.007936 0.006473 0.995147
1305031106.475345 -0.023203 0.051057 0.418538 -0.098230 0.007483 0.006263 0.995116
1305031106.511129 -0.024348 0.050919 0.414790 -0.094481 0.003606 0.006095 0.995501
1305031106.543302 -0.024683 0.051027 0.407434 -0.089586 -0.000411 0.004576 0.995969
1305031106.575282 -0.022423 0.047550 0.399102 -0.087175 -0.003919 0.003680 0.996178
1305031106.611151 -0.026405 0.046341 0.386053 -0.086528 -0.005111 0.000799 0.996236
1305031106.643207 -0.024202 0.041337 0.378877 -0.087082 -0.009525 -0.000835 0.996155
1305031106.675279 -0.028860 0.041231 0.365108 -0.083474 -0.010903 -0.001484 0.996449
1305031106.711508 -0.031293 0.037968 0.350596 -0.084906 -0.015698 -0.001962 0.996263
1305031106.743341 -0.031997 0.033138 0.339457 -0.084482 -0.022505 -0.001583 0.996170
1305031106.775390 -0.029452 0.031648 0.325792 -0.082588 -0.029862 -0.001771 0.996135
1305031106.811289 -0.028850 0.030704 0.308291 -0.082244 -0.033898 -0.002104 0.996033
1305031106.843416 -0.028305 0.022390 0.296134 -0.084350 -0.038038 -0.003120 0.995705
1305031106.875905 -0.023778 0.016087 0.284888 -0.080026 -0.042924 -0.006153 0.995849
1305031106.911243 -0.017762 0.015523 0.267333 -0.076113 -0.045249 -0.009713 0.996025
1305031106.943439 -0.016499 0.007025 0.249467 -0.075952 -0.043880 -0.013397 0.996055
1305031106.975547 -0.016545 0.000932 0.236919 -0.070021 -0.041943 -0.016922 0.996520
1305031107.011576 -0.011778 -0.002130 0.217920 -0.064965 -0.041144 -0.019577 0.996847
1305031107.043281 -0.016628 0.000362 0.193794 -0.060888 -0.035463 -0.022496 0.997261
1305031107.075432 -0.021734 -0.010424 0.186270 -0.059593 -0.033869 -0.023755 0.997365
1305031107.111229 -0.020458 -0.011639 0.166365 -0.054216 -0.034403 -0.024789 0.997628
1305031107.143260 -0.014329 -0.012960 0.147503 -0.052017 -0.035122 -0.024186 0.997735
1305031107.175399 -0.016300 -0.017263 0.135665 -0.049779 -0.032330 -0.025584 0.997909
1305031107.211358 -0.016152 -0.026950 0.126450 -0.045730 -0.029891 -0.027830 0.998119
1305031107.243378 -0.011813 -0.026299 0.113312 -0.038811 -0.027882 -0.027378 0.998482
1305031107.275398 -0.010047 -0.030843 0.100232 -0.033299 -0.024701 -0.027818 0.998753
1305031107.311226 -0.008466 -0.037477 0.088508 -0.027099 -0.021063 -0.028334 0.999009
1305031107.343509 -0.005461 -0.041297 0.080329 -0.015903 -0.018030 -0.029337 0.999280
1305031107.375413 -0.005785 -0.042101 0.062457 -0.007128 -0.011631 -0.029041 0.999485
1305031107.411271 -0.001377 -0.040959 0.051620 0.000471 -0.007429 -0.029540 0.999536
1305031107.443419 0.001165 -0.041424 0.040159 0.005511 -0.002450 -0.029428 0.999549
1305031107.475377 0.005053 -0.040300 0.035009 0.009998 0.001687 -0.028118 0.999553
1305031107.511352 0.007100 -0.034142 0.027616 0.013152 0.005579 -0.027672 0.999515
1305031107.543605 0.009942 -0.033743 0.017057 0.011012 0.008919 -0.026207 0.999556
1305031107.575454 0.010621 -0.039785 0.024398 0.009030 0.010735 -0.023104 0.999635
1305031107.611271 0.013457 -0.034325 0.020701 0.010660 0.012088 -0.021485 0.999639
1305031107.643323 0.016443 -0.031198 0.017044 0.008253 0.013468 -0.020641 0.999662
1305031107.675568 0.013635 -0.032244 0.022295 0.006381 0.014755 -0.020156 0.999668
1305031107.711307 0.012579 -0.028720 0.022457 0.005782 0.014993 -0.019586 0.999679
1305031107.743538 0.011290 -0.020107 0.020898 0.004471 0.013998 -0.018703 0.999717
1305031107.775802 0.010868 -0.023853 0.025446 0.000288 0.011297 -0.020031 0.999735
1305031107.811596 0.013948 -0.022288 0.028343 -0.001724 0.008345 -0.019908 0.999766
1305031107.843332 0.015316 -0.017557 0.028831 -0.002868 0.008139 -0.020730 0.999748
1305031107.875358 0.019793 -0.022551 0.034981 -0.005101 0.008374 -0.024514 0.999651
1305031107.911541 0.022717 -0.021974 0.041478 -0.004224 0.010955 -0.026499 0.999580
1305031107.943122 0.024468 -0.024944 0.046759 -0.002983 0.015327 -0.027836 0.999491
1305031107.975807 0.029699 -0.027453 0.048168 -0.001506 0.019843 -0.027946 0.999411
1305031108.011320 0.037968 -0.028785 0.048560 0.001641 0.024575 -0.029854 0.999251
1305031108.043418 0.050512 -0.026906 0.047780 0.004952 0.030920 -0.028706 0.999097
1305031108.075352 0.065981 -0.029193 0.048320 0.005549 0.038358 -0.021915 0.999008
1305031108.111378 0.068288 -0.028809 0.050829 0.008687 0.046905 -0.022371 0.998611
1305031108.143334 0.081783 -0.026943 0.052093 0.011217 0.049762 -0.021592 0.998465
1305031108.176058 0.093793 -0.021413 0.049539 0.010657 0.053276 -0.018108 0.998359
1305031108.211475 0.107464 -0.022051 0.050242 0.005572 0.053989 -0.017074 0.998380
1305031108.243347 0.123448 -0.027099 0.059148 0.003681 0.055954 -0.019729 0.998232
1305031108.275358 0.134137 -0.023312 0.060605 0.005050 0.060431 -0.019789 0.997963
1305031108.311332 0.139322 -0.019625 0.058747 0.001590 0.063697 -0.018465 0.997797
1305031108.343278 0.148191 -0.018253 0.060937 -0.004085 0.062828 -0.016236 0.997884
1305031108.375410 0.152168 -0.014880 0.066548 -0.008688 0.062088 -0.011413 0.997968
1305031108.411361 0.166971 -0.019494 0.069872 -0.015678 0.057091 -0.004990 0.998233
1305031108.443610 0.182131 -0.016933 0.072912 -0.019532 0.055036 0.001559 0.998292
1305031108.475471 0.193727 -0.018471 0.078971 -0.022762 0.054855 0.009262 0.998192
1305031108.511378 0.220231 -0.018932 0.081729 -0.021514 0.053382 0.014645 0.998235
1305031108.543737 0.236573 -0.017326 0.085457 -0.016285 0.059369 0.014789 0.997994
1305031108.575414 0.244219 -0.012826 0.083255 -0.011962 0.065527 0.011973 0.997707
1305031108.611407 0.255734 -0.012286 0.081921 -0.012343 0.072040 0.012935 0.997241
1305031108.643303 0.262553 -0.012973 0.084692 -0.013076 0.078945 0.014399 0.996689
1305031108.675375 0.278006 -0.010948 0.080525 -0.016089 0.082714 0.018470 0.996272
1305031108.711411 0.287716 -0.012153 0.084393 -0.020364 0.090718 0.022065 0.995424
1305031108.743502 0.295692 -0.012112 0.086680 -0.021676 0.095579 0.023010 0.994920
1305031108.775493 0.303062 -0.009637 0.085652 -0.021850 0.099371 0.025174 0.994492
1305031108.811244 0.305317 -0.010137 0.087026 -0.023353 0.103686 0.030395 0.993871
1305031108.843264 0.307273 -0.011575 0.089605 -0.022711 0.103994 0.035866 0.993672
1305031108.876515 0.310897 -0.009674 0.089184 -0.019758 0.100286 0.042578 0.993851
1305031108.911364 0.309686 -0.016755 0.090323 -0.019069 0.098111 0.046632 0.993899
1305031108.943243 0.306424 -0.013470 0.087695 -0.011947 0.094842 0.048357 0.994245
1305031108.975268 0.304209 -0.007692 0.082836 -0.006585 0.088136 0.046334 0.995008
1305031109.011269 0.307083 -0.013666 0.079112 -0.009795 0.082476 0.045317 0.995514
1305031109.043277 0.299225 -0.012109 0.079811 -0.007780 0.082630 0.042536 0.995642
1305031109.075410 0.292162 -0.008058 0.074479 -0.008374 0.079315 0.037738 0.996100
1305031109.111282 0.283927 -0.011706 0.070898 -0.013847 0.077745 0.034788 0.996270
1305031109.143334 0.268722 -0.011631 0.074213 -0.014046 0.076371 0.031269 0.996490
1305031109.175464 0.255709 -0.008587 0.072041 -0.013515 0.070320 0.027497 0.997054
1305031109.211379 0.244488 -0.003685 0.068480 -0.018096 0.066057 0.030412 0.997188
1305031109.243290 0.232610 -0.007555 0.068647 -0.028429 0.063505 0.035218 0.996955
1305031109.275308 0.219430 -0.011205 0.073644 -0.030793 0.059001 0.039781 0.996990
1305031109.311329 0.205007 -0.005142 0.072143 -0.026454 0.049582 0.040636 0.997592
1305031109.343248 0.189347 -0.005034 0.069514 -0.030261 0.040364 0.039671 0.997938
1305031109.375397 0.178264 -0.004935 0.072022 -0.032464 0.031527 0.039001 0.998214
1305031109.411329 0.165913 -0.001656 0.070841 -0.032115 0.023847 0.034920 0.998589
1305031109.443302 0.151374 0.001195 0.069167 -0.035118 0.019487 0.029005 0.998772
1305031109.475363 0.140833 -0.000499 0.069095 -0.038227 0.016218 0.026025 0.998798
1305031109.511273 0.129911 -0.001790 0.071669 -0.038222 0.012655 0.022592 0.998934
1305031109.543294 0.116366 -0.000600 0.070615 -0.035182 0.010994 0.019758 0.999125
1305031109.575362 0.100313 0.001927 0.066142 -0.034214 0.011817 0.019176 0.999161
1305031109.611310 0.088512 0.002280 0.063893 -0.034533 0.009712 0.017358 0.999206
1305031109.643229 0.075636 0.002801 0.062230 -0.035279 0.008713 0.016040 0.999211
1305031109.675263 0.057908 0.004069 0.057695 -0.037773 0.009992 0.018332 0.999068
1305031109.711312 0.045375 0.010156 0.056515 -0.038591 0.006396 0.017297 0.999085
1305031109.743274 0.033220 0.011220 0.056875 -0.042936 0.003016 0.016312 0.998940
1305031109.775277 0.022902 0.009280 0.060242 -0.046872 0.000603 0.017070 0.998755
1305031109.811371 0.008432 0.011486 0.061834 -0.048760 -0.000425 0.016009 0.998682
1305031109.843296 -0.005821 0.012304 0.062628 -0.052081 -0.002858 0.015124 0.998524
1305031109.875306 -0.024104 0.013660 0.061665 -0.055285 -0.004693 0.013476 0.998369
1305031109.911265 -0.037566 0.010874 0.071293 -0.057636 -0.010941 0.008800 0.998239
1305031109.943299 -0.043974 0.014526 0.073686 -0.059618 -0.016557 0.006029 0.998066
1305031109.975258 -0.057710 0.019983 0.072928 -0.061424 -0.018458 0.000435 0.997941
1305031110.011256 -0.070291 0.019885 0.078781 -0.064409 -0.021312 -0.005878 0.997679
1305031110.043299 -0.081806 0.019037 0.082552 -0.067455 -0.022821 -0.012864 0.997378
1305031110.075319 -0.097859 0.023429 0.084662 -0.068371 -0.022097 -0.018119 0.997251
1305031110.111325 -0.114026 0.027411 0.085675 -0.071663 -0.022729 -0.023088 0.996903
1305031110.143432 -0.129586 0.026296 0.094409 -0.072946 -0.025467 -0.026486 0.996659
1305031110.175641 -0.140419 0.024310 0.096239 -0.077059 -0.029354 -0.027643 0.996211
1305031110.211637 -0.150600 0.026854 0.098758 -0.079418 -0.033036 -0.029804 0.995848
1305031110.243323 -0.173167 0.027655 0.103918 -0.079306 -0.033029 -0.030253 0.995844
1305031110.279321 -0.181316 0.023686 0.107309 -0.079428 -0.037639 -0.031109 0.995644
1305031110.311404 -0.194138 0.027342 0.107066 -0.075461 -0.040460 -0.032529 0.995796
1305031110.343355 -0.204320 0.028005 0.106509 -0.074851 -0.045476 -0.033397 0.995597
1305031110.379281 -0.216967 0.029594 0.107016 -0.073468 -0.050755 -0.036799 0.995325
1305031110.411469 -0.227666 0.032827 0.104536 -0.073174 -0.057282 -0.038498 0.994928
1305031110.443260 -0.232191 0.040566 0.101319 -0.074772 -0.065865 -0.040860 0.994184
1305031110.479331 -0.247078 0.036566 0.106352 -0.079210 -0.072082 -0.047055 0.993134
1305031110.511429 -0.266399 0.036209 0.107162 -0.080215 -0.076350 -0.052270 0.992474
1305031110.543408 -0.274616 0.039550 0.105893 -0.081678 -0.083595 -0.055067 0.991619
1305031110.579426 -0.278465 0.043079 0.102730 -0.085382 -0.091950 -0.058551 0.990367
1305031110.611307 -0.290405 0.044534 0.106475 -0.088562 -0.094435 -0.064137 0.989508
1305031110.643418 -0.304438 0.039435 0.112739 -0.089165 -0.094856 -0.067710 0.989175
1305031110.679606 -0.308825 0.043479 0.108757 -0.088842 -0.098287 -0.069500 0.988745
1305031110.711412 -0.314606 0.045258 0.108863 -0.091485 -0.100357 -0.070747 0.988207
1305031110.743249 -0.321785 0.041912 0.111092 -0.093048 -0.101616 -0.072468 0.987808
1305031110.779193 -0.325437 0.042313 0.111315 -0.093396 -0.103266 -0.073343 0.987539
1305031110.811386 -0.326615 0.042735 0.110278 -0.094032 -0.104296 -0.074531 0.987282
1305031110.843218 -0.329964 0.043948 0.109733 -0.095004 -0.106099 -0.076988 0.986808
1305031110.879313 -0.329031 0.040177 0.111824 -0.096690 -0.108594 -0.076233 0.986431
1305031110.911333 -0.327163 0.042110 0.110568 -0.096672 -0.110185 -0.076898 0.986205
1305031110.943862 -0.325494 0.041280 0.112871 -0.097079 -0.111919 -0.078397 0.985852
1305031110.979345 -0.313883 0.045665 0.113038 -0.095466 -0.113810 -0.078668 0.985771
1305031111.011431 -0.306655 0.047210 0.111889 -0.096114 -0.108669 -0.078744 0.986282
1305031111.043327 -0.301238 0.045038 0.114586 -0.096153 -0.102810 -0.075914 0.987128
1305031111.079283 -0.291925 0.051106 0.111448 -0.095720 -0.100975 -0.073666 0.987530
1305031111.111508 -0.284436 0.047888 0.114645 -0.097854 -0.098335 -0.070963 0.987785
1305031111.143257 -0.276036 0.043153 0.119242 -0.097786 -0.095546 -0.070074 0.988129
1305031111.179326 -0.261390 0.040853 0.118390 -0.096053 -0.092854 -0.069522 0.988594
1305031111.211433 -0.250716 0.042106 0.117551 -0.093766 -0.084490 -0.065847 0.989815
1305031111.243236 -0.244956 0.040686 0.118384 -0.093171 -0.080793 -0.065234 0.990220
1305031111.279308 -0.235097 0.035702 0.123484 -0.090318 -0.078321 -0.064650 0.990721
1305031111.311547 -0.224812 0.042077 0.116164 -0.084467 -0.073064 -0.060075 0.991926
1305031111.343397 -0.217558 0.044450 0.111589 -0.087500 -0.074768 -0.059057 0.991598
1305031111.379134 -0.200344 0.034798 0.121116 -0.089663 -0.079540 -0.055757 0.991224
1305031111.411296 -0.193941 0.037762 0.123881 -0.084232 -0.078908 -0.054998 0.991793
1305031111.443386 -0.170607 0.034172 0.120111 -0.084942 -0.088025 -0.059580 0.990700
1305031111.479259 -0.133255 0.029302 0.129181 -0.082425 -0.090537 -0.057906 0.990786
1305031111.511264 -0.124817 0.026599 0.125789 -0.078777 -0.077974 -0.058230 0.992131
1305031111.543250 -0.107605 0.022071 0.130188 -0.076133 -0.073184 -0.055584 0.992854
1305031111.579237 -0.096036 0.023812 0.125134 -0.071695 -0.062653 -0.050557 0.994172
1305031111.611271 -0.094704 0.025863 0.114533 -0.071158 -0.053374 -0.043569 0.995083
1305031111.643395 -0.073727 0.014014 0.129569 -0.071645 -0.057177 -0.037054 0.995100
1305031111.679320 -0.051477 0.019229 0.121195 -0.063821 -0.051785 -0.029044 0.996194
1305031111.711760 -0.032811 0.012434 0.116948 -0.066452 -0.045074 -0.027602 0.996389
1305031111.743386 0.001300 0.006706 0.127777 -0.064536 -0.041523 -0.021247 0.996825
1305031111.779423 0.011186 0.009091 0.122236 -0.059545 -0.020802 -0.020502 0.997798
1305031111.811406 0.016210 0.006487 0.121317 -0.057723 -0.004125 -0.018642 0.998150
1305031111.843299 0.024650 0.007969 0.121598 -0.053469 0.007345 -0.018460 0.998372
1305031111.879442 0.030767 0.014288 0.108121 -0.050916 0.017089 -0.013898 0.998460
1305031111.911354 0.033544 0.009334 0.113939 -0.051471 0.019497 -0.008972 0.998444
1305031111.943300 0.042395 0.009738 0.117835 -0.049752 0.017268 -0.000597 0.998612
1305031111.979449 0.072161 0.011028 0.113653 -0.047858 0.013438 0.007331 0.998737
1305031112.011433 0.095129 0.010329 0.108356 -0.046004 0.017833 0.007845 0.998751
1305031112.043270 0.105659 0.009996 0.108652 -0.042088 0.027620 0.005318 0.998718
1305031112.079339 0.125335 0.008434 0.104410 -0.040700 0.037252 0.006374 0.998456
1305031112.111423 0.127353 0.012335 0.101770 -0.036188 0.048943 0.001381 0.998145
1305031112.144342 0.147673 0.013697 0.099427 -0.035271 0.051882 -0.004521 0.998020
1305031112.179390 0.163707 0.008537 0.097897 -0.039515 0.063527 -0.007333 0.997171
1305031112.211254 0.174430 0.005073 0.102156 -0.039514 0.074055 -0.012446 0.996393
1305031112.243369 0.184506 -0.000087 0.104204 -0.034865 0.084886 -0.016896 0.995637
1305031112.279353 0.187911 0.002333 0.107169 -0.028360 0.094075 -0.019754 0.994965
1305031112.311312 0.197553 -0.002990 0.108713 -0.023787 0.096500 -0.021658 0.994813
1305031112.343323 0.204945 -0.005210 0.106893 -0.017698 0.098047 -0.020617 0.994811
1305031112.379360 0.213462 -0.007230 0.105292 -0.014457 0.097157 -0.017097 0.995017
1305031112.411442 0.229231 -0.006102 0.101608 -0.011385 0.092849 -0.012384 0.995538
1305031112.443391 0.242892 -0.008871 0.100481 -0.009621 0.090659 -0.006056 0.995817
1305031112.479418 0.248843 -0.008034 0.099889 -0.005867 0.090660 0.003229 0.995859
1305031112.511504 0.259997 -0.009325 0.099736 -0.004107 0.086464 0.010946 0.996186
1305031112.543212 0.270228 -0.009198 0.097686 -0.001182 0.082648 0.015245 0.996461
1305031112.579252 0.280069 -0.007555 0.096475 0.001315 0.079276 0.020504 0.996641
1305031112.611261 0.300406 -0.003093 0.091754 0.002712 0.075154 0.026914 0.996805
1305031112.643246 0.314101 -0.004118 0.088874 -0.000656 0.079019 0.034805 0.996265
1305031112.679952 0.314832 -0.003637 0.092265 -0.002164 0.086669 0.038178 0.995503
1305031112.711251 0.318354 -0.002621 0.091619 -0.004006 0.090835 0.039921 0.995057
1305031112.743245 0.323215 0.006515 0.086139 -0.005874 0.092839 0.044233 0.994681
1305031112.779310 0.320762 0.001423 0.091309 -0.015493 0.097822 0.046415 0.994000
1305031112.811310 0.310632 -0.000154 0.100803 -0.017472 0.100617 0.045679 0.993723
1305031112.843286 0.307078 0.006010 0.100250 -0.018007 0.095380 0.043305 0.994335
1305031112.879421 0.306737 0.004528 0.098702 -0.022708 0.091266 0.045807 0.994513
1305031112.911411 0.298836 0.005211 0.102580 -0.024988 0.089150 0.048011 0.994547
1305031112.943321 0.292124 0.005460 0.104904 -0.026609 0.083944 0.046786 0.995016
1305031112.979278 0.286656 0.006119 0.105538 -0.027005 0.078086 0.044256 0.995598
1305031113.011353 0.281860 0.008774 0.101727 -0.027988 0.074387 0.044382 0.995848
1305031113.043231 0.273494 0.007592 0.101510 -0.032657 0.072575 0.042474 0.995923
1305031113.079251 0.263617 0.004289 0.105083 -0.033350 0.070136 0.037337 0.996280
1305031113.111316 0.247427 0.009743 0.100854 -0.028788 0.066535 0.031403 0.996874
1305031113.143306 0.235794 0.005022 0.097036 -0.034351 0.064506 0.029196 0.996898
1305031113.179343 0.224318 0.001683 0.096946 -0.037327 0.063084 0.031732 0.996805
1305031113.211259 0.208650 0.001580 0.097881 -0.035589 0.058401 0.032907 0.997116
1305031113.243227 0.189354 -0.000879 0.093703 -0.039076 0.053371 0.032581 0.997278
1305031113.279312 0.180767 0.000297 0.095399 -0.039619 0.046164 0.035320 0.997523
1305031113.311452 0.170662 0.006386 0.095368 -0.030438 0.036509 0.038857 0.998114
1305031113.343252 0.148065 0.004748 0.093159 -0.027406 0.028784 0.036782 0.998533
1305031113.379312 0.125222 -0.003080 0.093811 -0.034524 0.023428 0.033726 0.998560
1305031113.411625 0.109894 -0.003386 0.097134 -0.033083 0.015911 0.034655 0.998725
1305031113.443266 0.091987 0.000278 0.095361 -0.030251 0.009442 0.028653 0.999087
1305031113.479311 0.073058 0.000955 0.095111 -0.033774 0.003311 0.022159 0.999178
1305031113.511523 0.059736 0.001480 0.097049 -0.036753 -0.004119 0.020301 0.999110
1305031113.543242 0.044474 -0.000918 0.100599 -0.039159 -0.010336 0.017213 0.999031
1305031113.579301 0.031913 -0.002014 0.100843 -0.040067 -0.017019 0.012932 0.998968
1305031113.611268 0.022845 0.000422 0.101133 -0.042217 -0.021753 0.009179 0.998829
1305031113.643222 0.008053 0.001273 0.099753 -0.044326 -0.021645 0.005752 0.998766
1305031113.679288 -0.005972 -0.000491 0.103899 -0.046257 -0.021411 0.002785 0.998696
1305031113.711931 -0.017533 -0.004037 0.105029 -0.047730 -0.021667 -0.002087 0.998623
1305031113.743590 -0.030437 -0.003265 0.105144 -0.046807 -0.019334 -0.007631 0.998688
1305031113.779320 -0.048211 -0.003648 0.105980 -0.045571 -0.015379 -0.011941 0.998771
1305031113.811237 -0.065552 -0.001886 0.106746 -0.044169 -0.012903 -0.014763 0.998832
1305031113.843295 -0.075117 0.003490 0.104394 -0.043198 -0.012020 -0.017106 0.998848
1305031113.879281 -0.095101 -0.005308 0.113867 -0.044748 -0.010048 -0.022305 0.998699
1305031113.911290 -0.111402 -0.000794 0.113122 -0.040358 -0.009909 -0.023754 0.998854
1305031113.943291 -0.120205 -0.001415 0.112181 -0.038098 -0.009309 -0.025574 0.998903
1305031113.979293 -0.132203 -0.002889 0.114949 -0.035843 -0.008594 -0.029811 0.998876
1305031114.011257 -0.148390 0.001952 0.114817 -0.031195 -0.007076 -0.034485 0.998893
1305031114.043301 -0.170873 0.005934 0.116231 -0.028263 -0.007634 -0.037371 0.998873
1305031114.079285 -0.188003 0.004901 0.118986 -0.026248 -0.011991 -0.038126 0.998856
1305031114.111263 -0.198907 0.008296 0.117849 -0.023299 -0.018665 -0.040964 0.998715
1305031114.143284 -0.210192 0.012698 0.117375 -0.021725 -0.024177 -0.043906 0.998507
1305031114.179337 -0.227874 0.007544 0.121618 -0.020874 -0.024386 -0.047936 0.998334
1305031114.211303 -0.234198 0.013759 0.119634 -0.018101 -0.027324 -0.048194 0.998300
1305031114.243337 -0.246206 0.020958 0.119972 -0.017375 -0.030599 -0.051276 0.998064
1305031114.279390 -0.269452 0.019135 0.127337 -0.018256 -0.033602 -0.054365 0.997789
1305031114.311429 -0.281643 0.022117 0.127740 -0.018847 -0.041827 -0.054487 0.997460
1305031114.343331 -0.289269 0.021115 0.129670 -0.020284 -0.048634 -0.057457 0.996956
1305031114.379320 -0.297845 0.016476 0.133230 -0.021837 -0.051582 -0.061304 0.996546
1305031114.411397 -0.310834 0.016328 0.136985 -0.021083 -0.052771 -0.065616 0.996226
1305031114.443345 -0.325693 0.018925 0.135903 -0.020667 -0.055762 -0.067405 0.995952
1305031114.479332 -0.340357 0.015958 0.137879 -0.022113 -0.061542 -0.068515 0.995505
1305031114.511266 -0.345505 0.018274 0.137503 -0.022455 -0.071102 -0.070200 0.994742
1305031114.543236 -0.347381 0.020723 0.136521 -0.024185 -0.076407 -0.070220 0.994307
1305031114.579237 -0.355778 0.015948 0.140556 -0.027197 -0.076071 -0.066888 0.994485
1305031114.611391 -0.360797 0.021679 0.139065 -0.027952 -0.076612 -0.064470 0.994582
1305031114.644136 -0.365696 0.020549 0.138335 -0.033051 -0.079495 -0.063532 0.994259
1305031114.679251 -0.374902 0.016458 0.142729 -0.037087 -0.084180 -0.064678 0.993657
1305031114.711306 -0.377533 0.012206 0.145153 -0.039036 -0.088734 -0.064113 0.993223
1305031114.743200 -0.379788 0.008258 0.146675 -0.039719 -0.091520 -0.067458 0.992721
1305031114.779289 -0.377299 0.006309 0.148158 -0.038106 -0.094330 -0.070229 0.992329
1305031114.811303 -0.376842 0.012512 0.143718 -0.036302 -0.093819 -0.072377 0.992291
1305031114.843208 -0.372984 0.011815 0.144098 -0.036375 -0.095773 -0.074227 0.991965
1305031114.879281 -0.368525 0.016490 0.141747 -0.035431 -0.096332 -0.074230 0.991945
1305031114.912879 -0.364513 0.018413 0.141242 -0.036196 -0.096797 -0.074390 0.991860
1305031114.943234 -0.355992 0.023137 0.138900 -0.037233 -0.097548 -0.076615 0.991579
1305031114.979280 -0.348961 0.024769 0.139959 -0.039203 -0.095470 -0.077112 0.991666
1305031115.011300 -0.337150 0.031149 0.136047 -0.041630 -0.096003 -0.077592 0.991479
1305031115.043508 -0.328401 0.027286 0.141940 -0.046474 -0.093769 -0.078422 0.991412
1305031115.079238 -0.316520 0.030896 0.145373 -0.047115 -0.091485 -0.078100 0.991620
1305031115.111230 -0.297685 0.030477 0.145689 -0.050534 -0.089647 -0.077526 0.991665
1305031115.143275 -0.284955 0.028104 0.151914 -0.052433 -0.081606 -0.074416 0.992499
1305031115.179440 -0.278960 0.031370 0.152852 -0.052789 -0.076255 -0.073366 0.992983
1305031115.211374 -0.259820 0.024911 0.159691 -0.054672 -0.076563 -0.070043 0.993098
1305031115.243297 -0.248898 0.018863 0.167349 -0.052275 -0.070247 -0.067562 0.993865
1305031115.279966 -0.228567 0.027614 0.164258 -0.047855 -0.070296 -0.061736 0.994463
1305031115.311704 -0.203828 0.022366 0.172792 -0.048902 -0.068944 -0.055353 0.994883
1305031115.343235 -0.187535 0.026370 0.174212 -0.043293 -0.060045 -0.052325 0.995883
1305031115.379166 -0.178292 0.030235 0.168584 -0.047575 -0.056118 -0.045845 0.996236
1305031115.411237 -0.163592 0.028640 0.177992 -0.054471 -0.062863 -0.042547 0.995626
1305031115.443159 -0.138490 0.023865 0.184351 -0.059955 -0.067730 -0.036821 0.995220
1305031115.479241 -0.122953 0.026402 0.184364 -0.063117 -0.066924 -0.030707 0.995286
1305031115.511253 -0.089600 0.018633 0.193398 -0.068310 -0.070992 -0.028024 0.994740
1305031115.543604 -0.067650 0.013902 0.195831 -0.069427 -0.058421 -0.021658 0.995639
1305031115.579315 -0.052259 0.017105 0.193919 -0.067138 -0.046573 -0.014622 0.996549
1305031115.611424 -0.039796 0.015761 0.193839 -0.066112 -0.038784 -0.010297 0.997005
1305031115.643254 -0.023815 0.013072 0.194962 -0.065403 -0.031608 -0.002834 0.997354
1305031115.679241 -0.016115 0.014812 0.191174 -0.062573 -0.025717 0.007954 0.997677
1305031115.711320 0.009221 0.017631 0.187537 -0.060907 -0.028789 0.016809 0.997587
1305031115.743250 0.031667 0.014015 0.188287 -0.062127 -0.023342 0.022586 0.997540
1305031115.779425 0.045018 0.011300 0.183146 -0.061056 -0.012162 0.029060 0.997637
1305031115.811277 0.062318 0.014620 0.176992 -0.059396 -0.002932 0.037285 0.997534
1305031115.843224 0.075178 0.014238 0.171165 -0.061193 0.008591 0.043188 0.997154
1305031115.879198 0.082428 0.011660 0.173778 -0.059923 0.017365 0.049536 0.996822
1305031115.911118 0.097680 0.016979 0.172987 -0.056115 0.020712 0.056082 0.996633
1305031115.943311 0.114306 0.016161 0.170693 -0.057990 0.026563 0.062899 0.995980
1305031115.980740 0.125019 0.018806 0.170320 -0.058608 0.033749 0.068878 0.995330
1305031116.011379 0.149348 0.023016 0.168767 -0.060124 0.038503 0.072631 0.994800
1305031116.043164 0.160162 0.025470 0.172539 -0.062435 0.052467 0.073945 0.993922
1305031116.080030 0.168349 0.028084 0.170792 -0.066601 0.064030 0.077038 0.992738
1305031116.111300 0.182643 0.029692 0.172914 -0.072841 0.073071 0.081778 0.991296
1305031116.143441 0.188378 0.027001 0.178711 -0.078134 0.083865 0.084694 0.989792
1305031116.179572 0.196796 0.030203 0.180302 -0.079213 0.090042 0.087628 0.988908
1305031116.211299 0.209802 0.031297 0.180637 -0.083063 0.094488 0.091460 0.987830
1305031116.243320 0.225992 0.033938 0.182832 -0.083941 0.098348 0.095249 0.987020
1305031116.279385 0.239287 0.032879 0.181610 -0.085119 0.106031 0.099602 0.985694
1305031116.311336 0.245971 0.033142 0.179711 -0.087870 0.115230 0.103023 0.984067
1305031116.343292 0.252459 0.024169 0.186339 -0.092510 0.122498 0.106103 0.982435
1305031116.379384 0.256786 0.027520 0.187561 -0.085090 0.125874 0.107086 0.982572
1305031116.411333 0.249042 0.036465 0.179794 -0.076587 0.131794 0.109621 0.982216
1305031116.443369 0.251493 0.035823 0.175275 -0.079725 0.132586 0.118906 0.980778
1305031116.479850 0.255480 0.034986 0.176070 -0.079470 0.132028 0.123271 0.980335
1305031116.511205 0.254504 0.032564 0.173846 -0.078862 0.130416 0.119383 0.981081
1305031116.543262 0.244871 0.037581 0.171291 -0.073737 0.132089 0.114684 0.981816
1305031116.579313 0.234014 0.033659 0.170609 -0.076280 0.131313 0.111914 0.982045
1305031116.611261 0.223796 0.030455 0.171459 -0.076833 0.125938 0.106139 0.983347
1305031116.643355 0.209243 0.030355 0.171632 -0.075358 0.119458 0.097024 0.985209
1305031116.679281 0.198082 0.029723 0.169321 -0.075476 0.111055 0.087947 0.987034
1305031116.711634 0.183931 0.029696 0.167522 -0.075386 0.106333 0.077419 0.988441
1305031116.743291 0.168169 0.029844 0.165438 -0.077027 0.101644 0.066086 0.989630
1305031116.779298 0.150739 0.030028 0.164349 -0.079256 0.098379 0.055201 0.990451
1305031116.811318 0.133187 0.027867 0.164611 -0.079835 0.094676 0.046823 0.991196
1305031116.846089 0.109898 0.032723 0.162270 -0.075731 0.088008 0.039512 0.992451
1305031116.880165 0.090216 0.030202 0.159726 -0.078232 0.078667 0.032891 0.993282
1305031116.912044 0.073154 0.031669 0.158133 -0.077025 0.067194 0.029879 0.994314
1305031116.943296 0.051063 0.033008 0.158844 -0.078396 0.055477 0.021082 0.995154
1305031116.979351 0.038519 0.031572 0.158741 -0.078456 0.041014 0.011269 0.996010
1305031117.011382 0.018695 0.038066 0.157126 -0.074695 0.030123 0.002016 0.996749
1305031117.043261 0.002952 0.042509 0.155941 -0.074539 0.019939 -0.003916 0.997011
1305031117.079520 -0.011770 0.043448 0.155036 -0.076987 0.009986 -0.009330 0.996938
1305031117.111238 -0.026549 0.045972 0.158023 -0.078756 -0.001097 -0.010123 0.996842
1305031117.143218 -0.030329 0.049041 0.156801 -0.081113 -0.014858 -0.010353 0.996540
1305031117.179264 -0.037361 0.053182 0.157361 -0.083106 -0.024720 -0.015043 0.996120
1305031117.211361 -0.040244 0.052172 0.161918 -0.086313 -0.033713 -0.018252 0.995530
1305031117.243277 -0.036838 0.054572 0.162481 -0.089752 -0.039241 -0.019540 0.994999
1305031117.279299 -0.034986 0.053170 0.166468 -0.095025 -0.040653 -0.023541 0.994366
1305031117.311200 -0.042870 0.052030 0.168805 -0.098454 -0.036916 -0.025175 0.994138
1305031117.343243 -0.047538 0.046996 0.171811 -0.101277 -0.036294 -0.026721 0.993837
1305031117.379454 -0.049550 0.042351 0.175358 -0.101641 -0.036472 -0.026559 0.993798
1305031117.411221 -0.054868 0.038366 0.175825 -0.100101 -0.036392 -0.026470 0.993959
1305031117.443274 -0.056095 0.033931 0.174744 -0.097633 -0.037463 -0.025379 0.994193
1305031117.479403 -0.056333 0.028018 0.174672 -0.096165 -0.038581 -0.023925 0.994330
1305031117.511325 -0.058157 0.020917 0.176825 -0.093173 -0.039652 -0.022152 0.994613
1305031117.544285 -0.058007 0.014827 0.176569 -0.088781 -0.041031 -0.021544 0.994973
1305031117.579155 -0.056329 0.010700 0.175727 -0.085050 -0.043612 -0.022471 0.995168
1305031117.611159 -0.058924 0.004875 0.175465 -0.083516 -0.044309 -0.022166 0.995274
1305031117.643252 -0.058633 -0.006350 0.179969 -0.083630 -0.047067 -0.020770 0.995168
1305031117.679262 -0.057765 -0.008965 0.181082 -0.081757 -0.050362 -0.019452 0.995189
1305031117.711184 -0.060845 -0.018056 0.184719 -0.082414 -0.051803 -0.017925 0.995090
1305031117.743184 -0.061780 -0.028363 0.189021 -0.082860 -0.053734 -0.014950 0.994999
1305031117.779467 -0.063051 -0.035343 0.190542 -0.082149 -0.055635 -0.013312 0.994977
1305031117.811320 -0.059681 -0.046404 0.197454 -0.083592 -0.059189 -0.010734 0.994683
1305031117.843291 -0.054034 -0.061048 0.205223 -0.083703 -0.061239 -0.009394 0.994563
1305031117.879451 -0.051300 -0.069076 0.206901 -0.082390 -0.059047 -0.008604 0.994812
1305031117.911407 -0.053996 -0.079303 0.212095 -0.081837 -0.056662 -0.008992 0.994993
1305031117.943253 -0.052601 -0.087983 0.216371 -0.080872 -0.055364 -0.008660 0.995148
1305031117.979228 -0.054900 -0.091541 0.217912 -0.080387 -0.052816 -0.008994 0.995323
1305031118.011228 -0.059360 -0.107782 0.224886 -0.084004 -0.051164 -0.010658 0.995094
1305031118.043521 -0.060806 -0.120367 0.232001 -0.084618 -0.049735 -0.010511 0.995116
1305031118.079334 -0.054353 -0.126371 0.237665 -0.083437 -0.051103 -0.010849 0.995143
1305031118.111217 -0.051973 -0.139668 0.243498 -0.084357 -0.047518 -0.012322 0.995226
1305031118.143256 -0.052507 -0.148397 0.248418 -0.082899 -0.043270 -0.013473 0.995527
1305031118.179323 -0.055500 -0.160877 0.252226 -0.083075 -0.039461 -0.015807 0.995636
1305031118.211202 -0.063144 -0.170589 0.260184 -0.080125 -0.034908 -0.015541 0.996052
1305031118.243173 -0.065906 -0.179884 0.262830 -0.076992 -0.035206 -0.015820 0.996284
1305031118.279194 -0.063336 -0.192522 0.268377 -0.074354 -0.036559 -0.016194 0.996430
1305031118.311299 -0.064178 -0.201817 0.272849 -0.068109 -0.036871 -0.016526 0.996859
1305031118.343324 -0.061520 -0.204783 0.271385 -0.062148 -0.036339 -0.017094 0.997259
1305031118.379208 -0.063009 -0.213442 0.276550 -0.058528 -0.034877 -0.018066 0.997513
1305031118.411296 -0.068445 -0.210640 0.272841 -0.053068 -0.034422 -0.018354 0.997829
1305031118.445692 -0.063518 -0.214665 0.275610 -0.052933 -0.036346 -0.015220 0.997820
1305031118.479285 -0.064409 -0.216969 0.278083 -0.052601 -0.036258 -0.012847 0.997874
1305031118.511255 -0.060963 -0.215922 0.278452 -0.050375 -0.037538 -0.011589 0.997957
1305031118.544414 -0.055505 -0.211883 0.276052 -0.050879 -0.038475 -0.012204 0.997889
1305031118.579285 -0.054594 -0.209175 0.276177 -0.052695 -0.037642 -0.012387 0.997824
1305031118.616142 -0.052053 -0.205663 0.277225 -0.053536 -0.036272 -0.014426 0.997803
1305031118.645325 -0.052216 -0.196350 0.274405 -0.053336 -0.034072 -0.017135 0.997848
1305031118.679295 -0.054450 -0.186494 0.270232 -0.055125 -0.031752 -0.019119 0.997791
1305031118.711421 -0.056742 -0.183842 0.272103 -0.057005 -0.031936 -0.022434 0.997611
1305031118.746770 -0.059892 -0.175572 0.269977 -0.055236 -0.033557 -0.021103 0.997686
1305031118.779277 -0.056148 -0.150345 0.259163 -0.052354 -0.038043 -0.021040 0.997682
1305031118.811221 -0.055355 -0.149246 0.257423 -0.058629 -0.040123 -0.022928 0.997210
1305031118.846753 -0.052865 -0.145355 0.261916 -0.057260 -0.041662 -0.021775 0.997252
1305031118.879208 -0.049763 -0.123917 0.243812 -0.053359 -0.039034 -0.023126 0.997544
1305031118.911177 -0.048478 -0.115659 0.239303 -0.055875 -0.038456 -0.026189 0.997353
1305031118.946974 -0.050353 -0.104529 0.234388 -0.055280 -0.036502 -0.027592 0.997422
1305031118.979374 -0.053307 -0.084885 0.222295 -0.053472 -0.034151 -0.031438 0.997490
1305031119.011363 -0.056308 -0.071391 0.213635 -0.055840 -0.033133 -0.034211 0.997303
1305031119.047172 -0.059011 -0.067593 0.211233 -0.060738 -0.033530 -0.034512 0.996993
1305031119.079223 -0.061681 -0.054699 0.206406 -0.060007 -0.035030 -0.034670 0.996980
1305031119.111328 -0.063551 -0.046418 0.199729 -0.061119 -0.038242 -0.034309 0.996807
1305031119.147616 -0.064093 -0.032765 0.192982 -0.060439 -0.041642 -0.032597 0.996770
1305031119.179226 -0.061340 -0.026523 0.190948 -0.061670 -0.047385 -0.032314 0.996447
1305031119.211364 -0.062169 -0.017013 0.183980 -0.059463 -0.048500 -0.030883 0.996573
1305031119.247399 -0.061363 -0.004343 0.176611 -0.057743 -0.050032 -0.030033 0.996625
1305031119.279212 -0.061056 0.006687 0.170133 -0.056904 -0.050881 -0.030468 0.996617
1305031119.311212 -0.062428 0.016337 0.165329 -0.056777 -0.050801 -0.027919 0.996703
1305031119.347741 -0.064665 0.022434 0.162486 -0.057205 -0.051980 -0.026321 0.996661
1305031119.379239 -0.063031 0.037469 0.155853 -0.054731 -0.054564 -0.025504 0.996683
1305031119.411484 -0.058571 0.045231 0.151601 -0.056305 -0.055617 -0.024975 0.996550
1305031119.447706 -0.057133 0.054448 0.148346 -0.056768 -0.053627 -0.024695 0.996640
1305031119.479267 -0.057641 0.063345 0.144935 -0.056252 -0.051516 -0.025187 0.996769
1305031119.511240 -0.059852 0.078274 0.138199 -0.055406 -0.049279 -0.024983 0.996934
1305031119.547382 -0.061775 0.088237 0.134616 -0.057073 -0.048595 -0.023902 0.996900
1305031119.579559 -0.058863 0.101396 0.128905 -0.058405 -0.048081 -0.024041 0.996845
1305031119.615017 -0.060943 0.112421 0.126576 -0.061659 -0.045412 -0.023047 0.996797
1305031119.647903 -0.063227 0.123871 0.122654 -0.064291 -0.044011 -0.022790 0.996700
1305031119.679208 -0.057787 0.133189 0.120768 -0.069588 -0.043874 -0.023848 0.996325
1305031119.715232 -0.062392 0.144220 0.118610 -0.074392 -0.037225 -0.022043 0.996290
1305031119.747193 -0.068489 0.151748 0.119970 -0.078739 -0.034074 -0.017625 0.996157
1305031119.779169 -0.068303 0.157617 0.118963 -0.083211 -0.035955 -0.015709 0.995759
1305031119.814537 -0.069723 0.168185 0.117546 -0.084743 -0.036049 -0.011973 0.995679
1305031119.847429 -0.067008 0.178131 0.116020 -0.086963 -0.036148 -0.007705 0.995526
1305031119.879214 -0.066251 0.182376 0.116251 -0.088572 -0.034802 -0.008080 0.995429
1305031119.911401 -0.065613 0.195240 0.112263 -0.087363 -0.033412 -0.006867 0.995592
1305031119.947392 -0.064486 0.203621 0.109369 -0.091061 -0.031962 -0.007235 0.995306
1305031119.979537 -0.064733 0.208681 0.108621 -0.093780 -0.028573 -0.008286 0.995148
1305031120.015264 -0.068314 0.219579 0.103968 -0.096726 -0.023683 -0.007030 0.995004
1305031120.047290 -0.074425 0.219752 0.106205 -0.105276 -0.020729 -0.005538 0.994212
1305031120.079418 -0.076879 0.221266 0.109062 -0.106595 -0.022368 -0.003043 0.994046
1305031120.115232 -0.076879 0.226146 0.107117 -0.106594 -0.024727 -0.001406 0.993994
1305031120.148157 -0.074423 0.222940 0.108895 -0.109388 -0.026449 -0.000489 0.993647
1305031120.179246 -0.073517 0.218055 0.111407 -0.109127 -0.026275 0.002047 0.993678
1305031120.215249 -0.072552 0.214083 0.113464 -0.104260 -0.027043 0.001956 0.994180
1305031120.248003 -0.071013 0.209798 0.113026 -0.100421 -0.027587 -0.000401 0.994562
1305031120.279430 -0.070985 0.204759 0.114062 -0.096683 -0.026782 -0.001959 0.994953
1305031120.315196 -0.070786 0.195370 0.116290 -0.095006 -0.026436 -0.004264 0.995116
1305031120.347787 -0.072230 0.187060 0.119300 -0.091517 -0.025453 -0.006018 0.995460
1305031120.379437 -0.072030 0.176919 0.122690 -0.090180 -0.025753 -0.006321 0.995572
1305031120.415445 -0.073427 0.161896 0.130994 -0.085597 -0.025879 -0.006219 0.995974
1305031120.447417 -0.071470 0.153323 0.133459 -0.078984 -0.027468 -0.006446 0.996477
1305031120.479432 -0.072469 0.143369 0.138293 -0.075406 -0.027741 -0.005898 0.996750
1305031120.514819 -0.074489 0.131141 0.145407 -0.069664 -0.029211 -0.003537 0.997136
1305031120.547736 -0.074516 0.122991 0.148905 -0.062749 -0.032340 -0.001526 0.997504
1305031120.579551 -0.073179 0.117129 0.151635 -0.058448 -0.036921 0.002926 0.997603
1305031120.615236 -0.072753 0.106566 0.158754 -0.055284 -0.041434 0.004516 0.997600
1305031120.647354 -0.070251 0.095220 0.162796 -0.051623 -0.045045 0.005175 0.997637
1305031120.679318 -0.066589 0.089623 0.164988 -0.048016 -0.047645 0.006340 0.997689
1305031120.714522 -0.066045 0.080876 0.170040 -0.045923 -0.048427 0.007260 0.997744
1305031120.747369 -0.066520 0.071979 0.175571 -0.044608 -0.050767 0.007834 0.997683
1305031120.779894 -0.063730 0.059650 0.180308 -0.043307 -0.053786 0.007598 0.997584
1305031120.814944 -0.059479 0.051710 0.184097 -0.041132 -0.055747 0.007904 0.997566
1305031120.847921 -0.060330 0.042912 0.187234 -0.041386 -0.056117 0.005752 0.997549
1305031120.883435 -0.059875 0.029554 0.191441 -0.040303 -0.055795 0.003453 0.997623
1305031120.915444 -0.056076 0.023141 0.192429 -0.038658 -0.055916 0.002903 0.997683
1305031120.947488 -0.056675 0.014253 0.196550 -0.038424 -0.055502 0.000642 0.997719
1305031120.983366 -0.059302 0.003367 0.200139 -0.038614 -0.054638 -0.001549 0.997758
1305031121.015019 -0.061421 -0.008423 0.203840 -0.037780 -0.054550 -0.003147 0.997791
1305031121.047498 -0.059019 -0.012761 0.204577 -0.035949 -0.055484 -0.003272 0.997807
1305031121.083099 -0.064347 -0.028221 0.209171 -0.036759 -0.055014 -0.005151 0.997795
1305031121.114696 -0.063459 -0.037153 0.210893 -0.034393 -0.056800 -0.004848 0.997781
1305031121.147331 -0.063477 -0.045757 0.212631 -0.032548 -0.057665 -0.005145 0.997792
1305031121.183271 -0.064549 -0.056339 0.215730 -0.031099 -0.058823 -0.006062 0.997765
1305031121.211420 -0.061746 -0.067166 0.219343 -0.029203 -0.059456 -0.006098 0.997785
1305031121.247194 -0.061718 -0.073695 0.219470 -0.026842 -0.058340 -0.005784 0.997919
1305031121.282876 -0.066219 -0.083702 0.222064 -0.026687 -0.058257 -0.005530 0.997930
1305031121.313568 -0.063529 -0.098961 0.228648 -0.026247 -0.059580 -0.004428 0.997869
1305031121.347517 -0.068406 -0.102512 0.229126 -0.022538 -0.059215 -0.003428 0.997985
1305031121.383226 -0.063845 -0.118832 0.234559 -0.023179 -0.062103 -0.002323 0.997798
1305031121.414318 -0.066487 -0.126178 0.236682 -0.018054 -0.060447 -0.004059 0.998000
1305031121.447319 -0.065405 -0.132565 0.236873 -0.016152 -0.060285 -0.003130 0.998046
1305031121.482964 -0.061340 -0.147415 0.242258 -0.016448 -0.059596 -0.000787 0.998087
1305031121.514107 -0.065335 -0.151077 0.243438 -0.011809 -0.056979 -0.000544 0.998305
1305031121.547270 -0.064322 -0.157703 0.241998 -0.012814 -0.056928 -0.000063 0.998296
1305031121.583204 -0.063226 -0.169952 0.246973 -0.015217 -0.055999 -0.000718 0.998315
1305031121.614700 -0.063448 -0.178273 0.250490 -0.014336 -0.054268 -0.001952 0.998422
1305031121.647183 -0.060513 -0.184366 0.250602 -0.013471 -0.050838 -0.004317 0.998607
1305031121.683200 -0.063425 -0.191311 0.252333 -0.015523 -0.046387 -0.005644 0.998787
1305031121.714520 -0.069845 -0.199715 0.254883 -0.016446 -0.043722 -0.005189 0.998895
1305031121.747145 -0.068024 -0.205106 0.255870 -0.018251 -0.044114 -0.004534 0.998849
1305031121.782835 -0.066919 -0.212066 0.260387 -0.020284 -0.044214 -0.002262 0.998814
1305031121.811540 -0.063346 -0.216073 0.262395 -0.021338 -0.044017 -0.000296 0.998803
1305031121.847335 -0.063738 -0.219360 0.264735 -0.023251 -0.042386 0.002152 0.998828
1305031121.882060 -0.065728 -0.221085 0.266402 -0.025162 -0.041542 0.008413 0.998784
1305031121.914931 -0.066243 -0.222336 0.267109 -0.027335 -0.043179 0.011157 0.998631
1305031121.947288 -0.065445 -0.221424 0.268322 -0.026928 -0.045448 0.010606 0.998547
1305031121.982926 -0.062050 -0.219884 0.267585 -0.027536 -0.046058 0.010504 0.998504
1305031122.014256 -0.062878 -0.215098 0.266627 -0.027487 -0.045852 0.008644 0.998533
1305031122.047306 -0.062960 -0.208950 0.265085 -0.026095 -0.047215 0.005036 0.998531
1305031122.082959 -0.059997 -0.202479 0.261796 -0.025178 -0.048577 0.001288 0.998501
1305031122.114672 -0.059904 -0.190259 0.258894 -0.022549 -0.048773 -0.002397 0.998552
1305031122.150725 -0.058395 -0.181991 0.255591 -0.023303 -0.049465 -0.007437 0.998476
1305031122.183042 -0.056695 -0.170912 0.251315 -0.021066 -0.048784 -0.012544 0.998508
1305031122.214959 -0.057112 -0.146562 0.239567 -0.019468 -0.046667 -0.017623 0.998565
1305031122.251319 -0.058888 -0.142190 0.237371 -0.026915 -0.045514 -0.021274 0.998374
1305031122.283560 -0.061864 -0.128465 0.235744 -0.027257 -0.045908 -0.022765 0.998314
1305031122.314289 -0.061900 -0.106371 0.222379 -0.029450 -0.047580 -0.026988 0.998068
1305031122.351327 -0.065854 -0.096786 0.221094 -0.036275 -0.048870 -0.030062 0.997693
1305031122.382630 -0.067400 -0.085280 0.215512 -0.041129 -0.050537 -0.030423 0.997411
1305031122.414997 -0.071427 -0.079808 0.213945 -0.046222 -0.053785 -0.031615 0.996981
1305031122.451257 -0.075055 -0.068864 0.208121 -0.048391 -0.057272 -0.030659 0.996714
1305031122.483360 -0.071586 -0.057791 0.203515 -0.051188 -0.063745 -0.029846 0.996206
1305031122.515097 -0.074307 -0.048145 0.197143 -0.052714 -0.066267 -0.032304 0.995885
1305031122.551490 -0.069345 -0.036194 0.192390 -0.053571 -0.068868 -0.033497 0.995623
1305031122.583208 -0.070124 -0.027173 0.188491 -0.055260 -0.067282 -0.034914 0.995591
1305031122.614980 -0.076376 -0.019914 0.184337 -0.056784 -0.065456 -0.034646 0.995636
1305031122.648788 -0.072524 -0.009934 0.180257 -0.055915 -0.069060 -0.032599 0.995511
1305031122.683402 -0.076427 0.003392 0.173447 -0.054258 -0.068706 -0.032051 0.995645
1305031122.715208 -0.079472 0.014034 0.169664 -0.053990 -0.070451 -0.029572 0.995614
1305031122.751298 -0.076087 0.028089 0.164436 -0.052891 -0.073897 -0.029169 0.995435
1305031122.783423 -0.072007 0.043121 0.158682 -0.054717 -0.075645 -0.029608 0.995192
1305031122.812555 -0.072688 0.052130 0.156283 -0.059431 -0.074340 -0.030528 0.994992
1305031122.851418 -0.068747 0.058104 0.156015 -0.062818 -0.071728 -0.032778 0.994904
1305031122.883754 -0.068680 0.069381 0.152201 -0.065540 -0.065482 -0.031560 0.995199
1305031122.914571 -0.073269 0.074865 0.150888 -0.069738 -0.061613 -0.030789 0.995185
1305031122.951341 -0.076033 0.080635 0.149596 -0.071541 -0.060071 -0.030321 0.995165
1305031122.982815 -0.078853 0.092398 0.145376 -0.071845 -0.059009 -0.027147 0.995299
1305031123.015450 -0.079211 0.097758 0.142664 -0.075020 -0.059908 -0.024440 0.995081
1305031123.051827 -0.077589 0.103753 0.142524 -0.074895 -0.060187 -0.022794 0.995112
1305031123.082975 -0.077250 0.113785 0.138146 -0.074398 -0.059409 -0.020165 0.995253
1305031123.113873 -0.076393 0.127903 0.131561 -0.075021 -0.058069 -0.017916 0.995328
1305031123.150822 -0.076271 0.135445 0.130446 -0.078211 -0.057584 -0.017773 0.995114
1305031123.182155 -0.073181 0.143101 0.128668 -0.081704 -0.056692 -0.017476 0.994890
1305031123.214704 -0.068648 0.153169 0.126685 -0.085573 -0.053693 -0.018142 0.994719
1305031123.250618 -0.070590 0.167503 0.122938 -0.089916 -0.048782 -0.018818 0.994576
1305031123.282347 -0.071176 0.175162 0.122887 -0.098922 -0.045093 -0.016664 0.993933
1305031123.311327 -0.069134 0.182498 0.123377 -0.105015 -0.041702 -0.016512 0.993459
1305031123.350481 -0.068561 0.190406 0.122878 -0.110100 -0.037456 -0.016046 0.993085
1305031123.382255 -0.069738 0.200225 0.121726 -0.114165 -0.031844 -0.012579 0.992872
1305031123.411363 -0.067830 0.206773 0.122503 -0.117529 -0.027860 -0.011098 0.992617
1305031123.451255 -0.068610 0.216049 0.120608 -0.119308 -0.024836 -0.009500 0.992501
1305031123.483594 -0.069548 0.225260 0.118053 -0.123058 -0.022037 -0.004927 0.992143
1305031123.511360 -0.066451 0.231929 0.117986 -0.126053 -0.021648 -0.002481 0.991784
1305031123.551513 -0.066526 0.239222 0.117184 -0.127878 -0.021532 -0.000011 0.991556
1305031123.579583 -0.064946 0.248675 0.115184 -0.128918 -0.021267 0.003367 0.991421
1305031123.611335 -0.061883 0.255592 0.113586 -0.130406 -0.020815 0.004394 0.991232
1305031123.652411 -0.059269 0.263248 0.111546 -0.134099 -0.019235 0.003849 0.990774
1305031123.683753 -0.058185 0.269519 0.110551 -0.138219 -0.015713 0.005221 0.990263
1305031123.711323 -0.057064 0.279265 0.109142 -0.140722 -0.012314 0.006070 0.989954
1305031123.751723 -0.058989 0.280866 0.111061 -0.145015 -0.009414 0.008706 0.989346
1305031123.783858 -0.060297 0.283673 0.111087 -0.146575 -0.009201 0.010566 0.989100
1305031123.811608 -0.058764 0.286820 0.109943 -0.146806 -0.010006 0.011473 0.989048
1305031123.851444 -0.059299 0.286974 0.109989 -0.148096 -0.009893 0.013940 0.988825
1305031123.883786 -0.062082 0.287647 0.111588 -0.146487 -0.010187 0.013525 0.989068
1305031123.911243 -0.061288 0.283430 0.111381 -0.144780 -0.011856 0.013626 0.989299
1305031123.951442 -0.058018 0.279584 0.110096 -0.146370 -0.013894 0.015515 0.989011
1305031123.983415 -0.061093 0.280286 0.113346 -0.144838 -0.015083 0.017440 0.989187
1305031124.011302 -0.063804 0.272283 0.117359 -0.140716 -0.018080 0.016817 0.989742
1305031124.051505 -0.064689 0.265754 0.117641 -0.137468 -0.020679 0.017803 0.990130
1305031124.083837 -0.064089 0.262082 0.119799 -0.134798 -0.023958 0.018049 0.990419
1305031124.111331 -0.063382 0.251470 0.125776 -0.129553 -0.027392 0.016675 0.991054
1305031124.147446 -0.061387 0.245740 0.126419 -0.124262 -0.029764 0.015073 0.991688
1305031124.182694 -0.061787 0.236300 0.129960 -0.123387 -0.030774 0.012611 0.991801
1305031124.211396 -0.062123 0.226286 0.135135 -0.117248 -0.032060 0.010717 0.992527
1305031124.249327 -0.065776 0.221085 0.135708 -0.110896 -0.031894 0.010876 0.993261
1305031124.282545 -0.064525 0.210216 0.138545 -0.111899 -0.037172 0.011113 0.992962
1305031124.311361 -0.065401 0.200669 0.143609 -0.107314 -0.040915 0.011239 0.993319
1305031124.350354 -0.063730 0.190425 0.145794 -0.103084 -0.045071 0.009793 0.993603
1305031124.382420 -0.062532 0.180157 0.147779 -0.099491 -0.047622 0.008701 0.993860
1305031124.411439 -0.062726 0.168351 0.151224 -0.094804 -0.049113 0.008109 0.994251
1305031124.450245 -0.061340 0.154692 0.153715 -0.089474 -0.051037 0.006164 0.994662
1305031124.480099 -0.063651 0.143422 0.155705 -0.082939 -0.051312 0.003822 0.995225
1305031124.511324 -0.063648 0.132261 0.157110 -0.076947 -0.053157 0.001888 0.995615
1305031124.550437 -0.063829 0.123306 0.158623 -0.071829 -0.054923 -0.000624 0.995903
1305031124.579404 -0.066369 0.112327 0.161860 -0.067475 -0.056552 -0.003390 0.996111
1305031124.611358 -0.066482 0.100067 0.165162 -0.062774 -0.059048 -0.004983 0.996267
1305031124.651271 -0.063820 0.088283 0.168340 -0.059281 -0.062618 -0.006286 0.996256
1305031124.679362 -0.063498 0.073926 0.172877 -0.055990 -0.064485 -0.008352 0.996312
1305031124.711251 -0.061183 0.063471 0.175302 -0.051395 -0.065456 -0.009960 0.996481
1305031124.749890 -0.060712 0.051424 0.180224 -0.049159 -0.066067 -0.011052 0.996542
1305031124.779365 -0.065096 0.038073 0.184345 -0.046250 -0.065570 -0.012472 0.996697
1305031124.811360 -0.058447 0.029127 0.188679 -0.043377 -0.069468 -0.011524 0.996574
1305031124.850535 -0.058656 0.015822 0.196419 -0.043560 -0.070986 -0.011909 0.996455
1305031124.879355 -0.055649 0.001420 0.203260 -0.041945 -0.072014 -0.012866 0.996438
1305031124.911448 -0.054558 -0.006703 0.205690 -0.040050 -0.069777 -0.012122 0.996685
1305031124.950730 -0.054647 -0.014280 0.209760 -0.041091 -0.068253 -0.012581 0.996742
1305031124.979438 -0.060307 -0.037584 0.220634 -0.043538 -0.065963 -0.011914 0.996801
1305031125.011454 -0.064141 -0.048205 0.226345 -0.039301 -0.067478 -0.010417 0.996892
1305031125.050763 -0.059246 -0.051760 0.229679 -0.035064 -0.071231 -0.009819 0.996795
1305031125.079364 -0.059246 -0.062303 0.234404 -0.035940 -0.070277 -0.006601 0.996858
1305031125.111364 -0.060991 -0.073235 0.240731 -0.035164 -0.071059 -0.005092 0.996839
1305031125.151013 -0.057862 -0.087089 0.246401 -0.033086 -0.072801 -0.006247 0.996778
1305031125.179353 -0.056470 -0.088977 0.244604 -0.032117 -0.070458 -0.004933 0.996985
1305031125.211320 -0.060150 -0.098475 0.248414 -0.034471 -0.067980 -0.005180 0.997078
1305031125.250632 -0.061964 -0.115908 0.256788 -0.035069 -0.068046 -0.007398 0.997038
1305031125.279467 -0.061358 -0.118743 0.257776 -0.031101 -0.068295 -0.008019 0.997148
1305031125.311493 -0.065762 -0.130142 0.258613 -0.031174 -0.064938 -0.009151 0.997360
1305031125.348880 -0.065518 -0.136309 0.261347 -0.027612 -0.064182 -0.011019 0.997495
1305031125.379401 -0.063050 -0.140818 0.261771 -0.026988 -0.062676 -0.015809 0.997544
1305031125.411335 -0.061323 -0.147334 0.266365 -0.027630 -0.057088 -0.016379 0.997852
1305031125.451195 -0.062854 -0.152200 0.266281 -0.029927 -0.051341 -0.018493 0.998061
1305031125.479424 -0.064488 -0.162429 0.272620 -0.030764 -0.047123 -0.019852 0.998218
1305031125.511316 -0.064042 -0.162752 0.272831 -0.029505 -0.043553 -0.020612 0.998403
1305031125.551020 -0.064295 -0.166118 0.273917 -0.030464 -0.040373 -0.022649 0.998463
1305031125.579308 -0.063295 -0.168778 0.274011 -0.032100 -0.037084 -0.025052 0.998482
1305031125.611533 -0.066287 -0.172811 0.275681 -0.031700 -0.032870 -0.025229 0.998638
1305031125.650575 -0.073463 -0.174259 0.274177 -0.027249 -0.030681 -0.022256 0.998910
1305031125.679328 -0.073576 -0.167771 0.268474 -0.022451 -0.035206 -0.020777 0.998912
1305031125.711443 -0.073075 -0.167483 0.267503 -0.021133 -0.040865 -0.019402 0.998753
1305031125.751260 -0.067413 -0.157136 0.262245 -0.015764 -0.044777 -0.017405 0.998721
1305031125.779348 -0.064163 -0.148562 0.256377 -0.015260 -0.046453 -0.019807 0.998607
1305031125.811573 -0.061970 -0.139881 0.251872 -0.014792 -0.046371 -0.021168 0.998590
1305031125.847412 -0.063440 -0.133209 0.247710 -0.017356 -0.044075 -0.023027 0.998612
1305031125.879318 -0.067121 -0.123235 0.243743 -0.016814 -0.043746 -0.024061 0.998611
1305031125.911305 -0.068982 -0.106424 0.236941 -0.018011 -0.046425 -0.022578 0.998504
1305031125.947343 -0.074070 -0.100865 0.236887 -0.022230 -0.051992 -0.020346 0.998193
1305031125.979324 -0.070924 -0.089912 0.233112 -0.022903 -0.060427 -0.016203 0.997778
1305031126.011333 -0.067078 -0.075827 0.227726 -0.023992 -0.066495 -0.017005 0.997353
1305031126.047324 -0.060654 -0.058436 0.224234 -0.025067 -0.069577 -0.016228 0.997130
1305031126.079356 -0.060037 -0.047764 0.220227 -0.029959 -0.067795 -0.015368 0.997131
1305031126.111370 -0.059739 -0.039722 0.219156 -0.034947 -0.066898 -0.016317 0.997014
1305031126.147432 -0.059194 -0.022804 0.214922 -0.036281 -0.065658 -0.014122 0.997082
1305031126.179384 -0.058691 -0.004428 0.210787 -0.040621 -0.065844 -0.013544 0.996911
1305031126.211319 -0.059141 0.002165 0.212810 -0.046905 -0.066151 -0.013869 0.996610
1305031126.247298 -0.055278 0.015575 0.209641 -0.050125 -0.066035 -0.013516 0.996466
1305031126.279363 -0.055308 0.029069 0.206920 -0.053643 -0.063965 -0.014918 0.996398
1305031126.311332 -0.052532 0.043037 0.203901 -0.057614 -0.061619 -0.016124 0.996305
1305031126.347363 -0.051629 0.051267 0.202696 -0.063256 -0.058269 -0.017643 0.996139
1305031126.379423 -0.054279 0.062863 0.199416 -0.066754 -0.054215 -0.019128 0.996112
1305031126.411465 -0.055955 0.074308 0.195500 -0.071086 -0.051790 -0.021086 0.995902
1305031126.447361 -0.056862 0.081917 0.194496 -0.076169 -0.050132 -0.020315 0.995627
1305031126.479533 -0.058436 0.090480 0.191403 -0.079173 -0.049817 -0.017584 0.995460
1305031126.511410 -0.057929 0.106795 0.185666 -0.080087 -0.051552 -0.016268 0.995321
1305031126.547374 -0.055596 0.115075 0.183882 -0.086502 -0.052349 -0.015594 0.994753
1305031126.579454 -0.052864 0.120194 0.182882 -0.092908 -0.050995 -0.013508 0.994276
1305031126.611528 -0.053174 0.129915 0.180623 -0.097287 -0.048861 -0.012501 0.993978
1305031126.647376 -0.050971 0.132306 0.182466 -0.103289 -0.047817 -0.010159 0.993449
1305031126.679479 -0.049944 0.136496 0.180564 -0.106382 -0.045862 -0.005723 0.993251
1305031126.711583 -0.050248 0.143403 0.176726 -0.108592 -0.043539 -0.003086 0.993128
1305031126.747316 -0.048017 0.145379 0.177395 -0.110525 -0.042738 0.000016 0.992954
1305031126.779379 -0.047262 0.150874 0.174341 -0.110068 -0.041709 0.003222 0.993043
1305031126.811602 -0.042707 0.154074 0.172266 -0.110680 -0.041013 0.003608 0.993003
1305031126.847343 -0.042460 0.158269 0.169281 -0.110561 -0.036848 0.004140 0.993177
1305031126.879357 -0.041550 0.160179 0.168070 -0.111607 -0.035135 0.004847 0.993119
1305031126.911364 -0.038911 0.160956 0.166949 -0.112228 -0.034010 0.004224 0.993091
1305031126.947437 -0.042203 0.165576 0.164057 -0.111079 -0.031176 0.005879 0.993305
1305031126.979337 -0.041027 0.162918 0.164496 -0.112828 -0.032609 0.007054 0.993054
1305031127.011371 -0.040534 0.161361 0.164608 -0.112076 -0.033702 0.007431 0.993100
1305031127.047297 -0.041191 0.162711 0.163372 -0.110645 -0.033593 0.008247 0.993258
1305031127.079299 -0.040913 0.162091 0.163989 -0.111049 -0.034268 0.008633 0.993186
1305031127.111435 -0.042984 0.161302 0.164313 -0.110425 -0.035775 0.009586 0.993194
1305031127.147307 -0.043981 0.157252 0.165459 -0.110025 -0.038851 0.010103 0.993118
1305031127.179349 -0.043617 0.157185 0.165484 -0.107346 -0.041953 0.009378 0.993292
1305031127.211700 -0.042393 0.154155 0.166466 -0.107266 -0.043765 0.008964 0.993226
1305031127.247374 -0.042319 0.151425 0.167985 -0.105072 -0.044010 0.008138 0.993457
1305031127.279465 -0.042113 0.151432 0.168599 -0.101997 -0.044578 0.007510 0.993757
1305031127.311362 -0.044100 0.149964 0.169280 -0.101863 -0.044723 0.006618 0.993771
1305031127.347356 -0.045276 0.143961 0.172811 -0.100913 -0.046004 0.005960 0.993813
1305031127.379262 -0.045781 0.143040 0.173572 -0.098094 -0.047025 0.005685 0.994049
1305031127.411371 -0.045763 0.141799 0.174742 -0.097680 -0.048356 0.005060 0.994030
1305031127.447333 -0.046702 0.136433 0.178159 -0.097807 -0.049497 0.004642 0.993963
1305031127.479362 -0.045971 0.136503 0.178945 -0.095574 -0.051094 0.004204 0.994101
1305031127.511356 -0.047160 0.137827 0.179734 -0.095273 -0.051891 0.002940 0.994093
1305031127.547348 -0.048274 0.133530 0.182350 -0.095898 -0.052509 0.002901 0.994001
1305031127.579345 -0.047777 0.133186 0.183536 -0.094028 -0.053414 0.002807 0.994132
1305031127.611271 -0.047956 0.134858 0.183936 -0.093601 -0.053932 0.002801 0.994144
1305031127.647358 -0.047389 0.130261 0.186674 -0.095778 -0.054604 0.003954 0.993896
1305031127.679298 -0.046744 0.128542 0.187730 -0.094571 -0.055532 0.005042 0.993955
1305031127.711375 -0.046287 0.131323 0.186800 -0.092862 -0.056614 0.004661 0.994057
1305031127.747304 -0.046166 0.129254 0.188356 -0.094388 -0.057152 0.004785 0.993882
1305031127.779346 -0.047718 0.125917 0.189408 -0.094169 -0.056664 0.004712 0.993931
1305031127.811829 -0.047367 0.126271 0.188274 -0.092585 -0.057291 0.003613 0.994049
1305031127.847366 -0.048344 0.125867 0.188192 -0.092692 -0.056956 0.002751 0.994061
1305031127.879380 -0.049487 0.124381 0.188869 -0.093084 -0.057010 0.002394 0.994022
1305031127.911476 -0.050893 0.125179 0.188540 -0.092117 -0.057376 0.001683 0.994092
1305031127.947366 -0.050086 0.126149 0.188733 -0.092517 -0.058641 0.002064 0.993981
1305031127.979371 -0.052744 0.127065 0.189115 -0.093172 -0.058161 0.001597 0.993949
1305031128.011427 -0.050432 0.125739 0.191852 -0.094985 -0.059346 0.001535 0.993707
1305031128.047369 -0.051289 0.124039 0.194130 -0.097610 -0.057745 0.002098 0.993546
1305031128.079334 -0.050726 0.120365 0.196774 -0.098569 -0.057875 0.003513 0.993440
1305031128.111391 -0.049030 0.118850 0.199214 -0.098669 -0.058972 0.004868 0.993359
1305031128.147418 -0.048671 0.118416 0.199953 -0.099301 -0.059135 0.006283 0.993279
1305031128.179350 -0.049353 0.115628 0.201853 -0.098873 -0.058646 0.007065 0.993345
1305031128.211447 -0.047632 0.116231 0.202670 -0.096908 -0.059664 0.007752 0.993473
1305031128.247480 -0.047026 0.116129 0.202183 -0.097414 -0.060336 0.008414 0.993378
1305031128.279336 -0.048350 0.113094 0.204192 -0.098459 -0.060170 0.008457 0.993284
1305031128.311483 -0.048192 0.114225 0.203093 -0.096615 -0.060264 0.007634 0.993466
1305031128.347423 -0.048108 0.114588 0.202846 -0.096463 -0.060543 0.006955 0.993469
1305031128.379404 -0.049104 0.113183 0.203441 -0.097007 -0.060613 0.005343 0.993422
1305031128.411337 -0.049971 0.111611 0.202984 -0.096775 -0.060303 0.004062 0.993470
1305031128.447296 -0.050495 0.113041 0.202285 -0.095493 -0.060240 0.002690 0.993602
1305031128.479296 -0.050864 0.111373 0.202789 -0.096318 -0.060359 0.001766 0.993517
1305031128.511433 -0.050459 0.110610 0.202533 -0.095998 -0.060409 0.001153 0.993546
1305031128.547399 -0.050574 0.111794 0.202314 -0.095215 -0.059869 0.000514 0.993655
1305031128.579455 -0.051250 0.108752 0.202642 -0.095629 -0.058889 0.000163 0.993674
1305031128.611395 -0.052325 0.108069 0.201856 -0.094460 -0.058613 0.000400 0.993802
1305031128.647352 -0.053918 0.108970 0.200840 -0.093570 -0.059235 0.000765 0.993849
