# TF Coordinate Frame ID: openni_rgb_optical_frame(data: openni_rgb_optical_frame)
1305031102.175304 -0.001122 -0.003739 -0.000263 -0.000713 0.000772 -0.002732 0.999996
1305031102.211214 0.003022 0.003844 0.008315 -0.003072 -0.003515 -0.002751 0.999985
1305031102.243211 -0.002152 0.007246 0.017128 -0.007783 -0.005278 -0.003162 0.999951
1305031102.275326 -0.002820 0.006553 0.033700 -0.012971 -0.008228 -0.002937 0.999878
1305031102.311267 -0.002969 0.003566 0.046936 -0.018843 -0.010427 -0.002237 0.999766
1305031102.343233 -0.008075 0.002619 0.061070 -0.021328 -0.010697 -0.001455 0.999714
1305031102.375329 -0.002924 0.004503 0.074307 -0.023640 -0.014689 -0.000031 0.999613
1305031102.411258 -0.008294 0.005575 0.085397 -0.025552 -0.015910 -0.001731 0.999545
1305031102.443271 -0.006729 0.016721 0.091714 -0.027030 -0.019100 -0.001677 0.999451
1305031102.475318 -0.003716 0.014992 0.103158 -0.035812 -0.022177 -0.001448 0.999111
1305031102.511219 -0.002776 0.019828 0.140049 -0.039630 -0.024594 -0.002093 0.998910
1305031102.575286 -0.000731 0.008321 0.150779 -0.049438 -0.021058 -0.006305 0.998535
1305031102.611233 -0.002621 0.005453 0.172283 -0.048025 -0.018666 -0.005109 0.998659
1305031102.643265 -0.008950 0.012197 0.178580 -0.044630 -0.016108 -0.004801 0.998862
1305031102.675285 -0.011859 0.015469 0.182698 -0.045526 -0.015436 -0.004051 0.998836
1305031102.711263 -0.012855 0.015070 0.195959 -0.046906 -0.015504 -0.003339 0.998773
1305031102.743234 -0.009990 0.023896 0.207194 -0.045583 -0.016983 -0.001036 0.998816
1305031102.775472 -0.007547 0.021709 0.215770 -0.049274 -0.015245 -0.002727 0.998665
1305031102.811232 -0.007961 0.024217 0.232238 -0.050973 -0.012484 -0.003893 0.998614
1305031102.843290 -0.009342 0.027069 0.243063 -0.051825 -0.008040 -0.004595 0.998613
1305031102.875363 -0.013848 0.029337 0.257742 -0.051429 -0.003874 -0.008160 0.998636
1305031102.911185 -0.014324 0.032634 0.270134 -0.050725 -0.002881 -0.008749 0.998670
1305031102.943229 -0.021903 0.035777 0.280196 -0.050176 -0.000423 -0.011017 0.998680
1305031102.975203 -0.030776 0.040252 0.292439 -0.049383 -0.003936 -0.012232 0.998697
1305031103.011215 -0.032007 0.045203 0.304412 -0.049743 -0.009951 -0.009561 0.998667
1305031103.043227 -0.032355 0.048734 0.314484 -0.051271 -0.016196 -0.006847 0.998530
1305031103.075319 -0.026532 0.049498 0.330274 -0.051595 -0.022064 -0.004125 0.998416
1305031103.111240 -0.027989 0.055291 0.338740 -0.049529 -0.021044 -0.003194 0.998546
1305031103.143318 -0.027866 0.057463 0.344351 -0.051757 -0.021203 -0.000934 0.998434
1305031103.175452 -0.026391 0.063667 0.352886 -0.050898 -0.020257 -0.000320 0.998498
1305031103.211220 -0.026258 0.073631 0.375767 -0.054148 -0.022730 0.002394 0.998271
1305031103.275370 -0.041748 0.069315 0.370513 -0.074110 -0.014716 0.006076 0.997123
1305031103.311210 -0.041760 0.067456 0.385872 -0.081233 -0.025987 0.006946 0.996332
1305031103.343223 -0.027959 0.071770 0.393125 -0.080473 -0.037526 0.009422 0.996006
1305031103.375327 -0.027425 0.070751 0.395526 -0.084729 -0.035540 0.011011 0.995709
1305031103.411260 -0.028373 0.070114 0.397552 -0.085227 -0.035437 0.012642 0.995651
1305031103.443280 -0.026364 0.068060 0.397016 -0.085426 -0.040705 0.012558 0.995433
1305031103.475274 -0.025573 0.065836 0.395941 -0.085248 -0.043851 0.011000 0.995334
1305031103.511333 -0.021963 0.062590 0.394709 -0.082939 -0.048287 0.009428 0.995339
1305031103.543444 -0.022714 0.058174 0.389462 -0.079332 -0.049039 0.007365 0.995614
1305031103.575474 -0.024973 0.056579 0.381482 -0.073857 -0.049691 0.007370 0.996003
1305031103.611223 -0.026912 0.053022 0.369399 -0.071011 -0.052446 0.008555 0.996059
1305031103.643445 -0.026743 0.048407 0.360913 -0.068748 -0.056111 0.009368 0.996011
1305031103.675523 -0.022574 0.044341 0.351231 -0.066533 -0.060192 0.009925 0.995918
1305031103.711610 -0.016718 0.041508 0.342016 -0.064026 -0.063658 0.011085 0.995854
1305031103.743326 -0.014811 0.035519 0.330311 -0.061986 -0.063544 0.009630 0.996006
1305031103.775342 -0.014165 0.031815 0.316376 -0.059379 -0.063045 0.006354 0.996222
1305031103.811242 -0.014390 0.031119 0.297175 -0.058613 -0.060115 0.003714 0.996462
1305031103.843251 -0.018559 0.030801 0.275992 -0.061105 -0.058192 0.000260 0.996434
1305031103.875361 -0.018723 0.023267 0.267060 -0.067632 -0.061400 -0.002049 0.995817
1305031103.911221 -0.019943 0.017083 0.261878 -0.067158 -0.065505 -0.004389 0.995580
1305031103.943211 -0.014336 0.015330 0.250537 -0.064259 -0.070158 -0.004629 0.995453
1305031103.975373 -0.011432 0.010276 0.237005 -0.062522 -0.073043 -0.005068 0.995354
1305031104.011232 -0.004760 0.000865 0.227022 -0.060586 -0.075557 -0.006588 0.995277
1305031104.043249 0.001743 -0.007090 0.216453 -0.055986 -0.074123 -0.007760 0.995646
1305031104.075425 0.006518 -0.006888 0.195723 -0.049962 -0.069616 -0.010748 0.996264
1305031104.111235 0.010769 -0.011122 0.181277 -0.047145 -0.064225 -0.011430 0.996756
1305031104.143230 0.008440 -0.018435 0.167552 -0.044098 -0.057454 -0.012190 0.997299
1305031104.175424 0.009116 -0.022019 0.154588 -0.040043 -0.054173 -0.013128 0.997642
1305031104.211283 0.007616 -0.023859 0.141024 -0.035615 -0.050836 -0.013585 0.997979
1305031104.243196 0.011726 -0.028486 0.128840 -0.031908 -0.049645 -0.013033 0.998172
1305031104.275546 0.014042 -0.030244 0.116867 -0.027437 -0.047529 -0.013131 0.998407
1305031104.311219 0.017616 -0.032035 0.102264 -0.022860 -0.044401 -0.013483 0.998661
1305031104.343342 0.016173 -0.031705 0.086573 -0.019003 -0.039344 -0.014266 0.998943
1305031104.375837 0.012155 -0.031936 0.068837 -0.016272 -0.032440 -0.015191 0.999226
1305031104.411509 0.012795 -0.031721 0.056787 -0.014685 -0.028113 -0.013285 0.999409
1305031104.443288 0.002578 -0.030238 0.044189 -0.013159 -0.023928 -0.014429 0.999523
1305031104.475456 -0.001753 -0.030446 0.033698 -0.013537 -0.024266 -0.014192 0.999513
1305031104.511329 -0.002167 -0.037019 0.029586 -0.014501 -0.026694 -0.012396 0.999462
1305031104.543368 0.002567 -0.039711 0.026487 -0.012184 -0.031711 -0.010099 0.999372
1305031104.575343 0.012167 -0.043972 0.023027 -0.007425 -0.033110 -0.008285 0.999390
1305031104.611336 0.014750 -0.057723 0.024753 -0.000789 -0.028682 -0.007217 0.999562
1305031104.643243 0.019666 -0.055160 0.013588 0.012241 -0.022388 -0.007512 0.999646
1305031104.675525 0.020905 -0.055070 0.003266 0.024916 -0.013678 -0.006392 0.999576
1305031104.711277 0.019903 -0.057812 -0.005011 0.038761 -0.005185 -0.004462 0.999225
1305031104.743280 0.019360 -0.055431 -0.018906 0.052689 0.002461 -0.002408 0.998605
1305031104.775327 0.021603 -0.052155 -0.029299 0.065442 0.009532 -0.000427 0.997811
1305031104.811465 0.022835 -0.048610 -0.041278 0.077384 0.016654 0.002800 0.996858
1305031104.843258 0.023216 -0.044813 -0.056367 0.085574 0.024118 0.004252 0.996031
1305031104.875350 0.018824 -0.036918 -0.067366 0.093088 0.029256 0.006747 0.995205
1305031104.911534 0.021941 -0.038730 -0.082060 0.093697 0.029072 0.008603 0.995139
1305031104.943262 0.024552 -0.037501 -0.089691 0.093980 0.030119 0.008554 0.995082
1305031104.975202 0.021448 -0.029599 -0.095218 0.094982 0.030432 0.008784 0.994975
1305031105.011290 0.024543 -0.022495 -0.098711 0.091029 0.028727 0.008697 0.995396
1305031105.043373 0.025098 -0.022724 -0.093550 0.084522 0.027945 0.007535 0.996001
1305031105.075320 0.020187 -0.019515 -0.089832 0.078066 0.028202 0.005199 0.996536
1305031105.111299 0.016703 -0.020802 -0.077837 0.071694 0.028280 0.003563 0.997019
1305031105.143106 0.011939 -0.010916 -0.067429 0.067646 0.026043 0.000906 0.997369
1305031105.175159 0.013660 -0.004475 -0.061784 0.055496 0.022200 -0.001582 0.998211
1305031105.211268 0.002837 -0.011074 -0.044888 0.042336 0.021050 -0.004433 0.998872
1305031105.243270 -0.003620 -0.010811 -0.024082 0.033223 0.016225 -0.006753 0.999293
1305031105.275288 -0.009033 -0.005884 -0.011851 0.024063 0.010514 -0.008565 0.999618
1305031105.311290 -0.013186 -0.007808 0.007081 0.013365 0.004083 -0.008743 0.999864
1305031105.343302 -0.014336 -0.015095 0.025786 0.002919 -0.002331 -0.009592 0.999947
1305031105.375338 -0.013124 -0.019468 0.046801 -0.002875 -0.008945 -0.008365 0.999921
1305031105.411286 -0.012816 -0.012283 0.056026 -0.006644 -0.014350 -0.009198 0.999833
1305031105.443316 -0.014786 -0.013541 0.071600 -0.013741 -0.017697 -0.009219 0.999706
1305031105.475280 -0.017957 -0.015464 0.088534 -0.018215 -0.021111 -0.010545 0.999556
1305031105.511332 -0.016381 -0.013547 0.099882 -0.022513 -0.024114 -0.010621 0.999399
1305031105.543282 -0.017491 -0.014765 0.116435 -0.027289 -0.024853 -0.009635 0.999272
1305031105.575449 -0.019514 -0.014728 0.129926 -0.030846 -0.025645 -0.010443 0.999141
1305031105.611378 -0.017622 -0.015120 0.147961 -0.033813 -0.027846 -0.009536 0.998995
1305031105.643273 -0.020022 -0.016005 0.165571 -0.035922 -0.028033 -0.006537 0.998940
1305031105.675166 -0.020790 -0.013283 0.173689 -0.036727 -0.028227 -0.007112 0.998901
1305031105.711309 -0.013265 -0.016572 0.195743 -0.037891 -0.028843 -0.006156 0.998847
1305031105.743312 -0.010775 -0.013068 0.210024 -0.036634 -0.025786 -0.004913 0.998984
1305031105.775339 -0.006783 -0.009444 0.222473 -0.035887 -0.022122 -0.005094 0.999098
1305031105.811283 -0.009549 -0.008381 0.238299 -0.034785 -0.016144 -0.004407 0.999255
1305031105.843271 -0.008024 -0.005153 0.254122 -0.032485 -0.012706 -0.004254 0.999382
1305031105.875337 -0.010229 0.000902 0.261830 -0.031081 -0.005863 -0.002704 0.999496
1305031105.911262 -0.011014 0.002504 0.272671 -0.034696 -0.001121 0.001683 0.999396
1305031105.943272 -0.011667 0.006830 0.285218 -0.037032 0.002803 0.004377 0.999301
1305031105.975329 -0.010715 0.011227 0.295833 -0.041589 0.005023 0.005945 0.999104
1305031106.011285 -0.009346 0.014313 0.307140 -0.046452 0.007046 0.008053 0.998863
1305031106.043355 -0.011770 0.019499 0.320270 -0.050137 0.010290 0.008704 0.998651
1305031106.075330 -0.013820 0.023636 0.332405 -0.054374 0.011557 0.010470 0.998399
1305031106.111327 -0.017449 0.031039 0.345229 -0.058468 0.012993 0.011394 0.998140
1305031106.143355 -0.019883 0.035705 0.356616 -0.063960 0.011890 0.012516 0.997803
1305031106.175534 -0.020160 0.035799 0.368290 -0.069240 0.009930 0.013452 0.997460
1305031106.211275 -0.019415 0.038349 0.379633 -0.072416 0.007097 0.015452 0.997230
1305031106.243267 -0.021164 0.039982 0.391636 -0.072950 0.005589 0.017944 0.997158
1305031106.276385 -0.022487 0.046632 0.395886 -0.072817 0.004605 0.019564 0.997143
1305031106.311238 -0.024142 0.050312 0.401010 -0.076377 0.004030 0.022470 0.996818
1305031106.343258 -0.028132 0.056512 0.407825 -0.080883 0.004486 0.021767 0.996476
1305031106.375388 -0.023806 0.057530 0.413624 -0.090603 0.002312 0.015487 0.995764
1305031106.411320 -0.018289 0.053591 0.419671 -0.097809 0.004421 0.010586 0.995139
1305031106.443278 -0.019541 0.053180 0.424202 -0.098382 0.006422 0.007158 0.995102
1305031106.475345 -0.022193 0.050454 0.420545 -0.098845 0.006760 0.006743 0.995057
1305031106.511129 -0.022689 0.050413 0.417364 -0.095064 0.002295 0.006604 0.995447
1305031106.543302 -0.022851 0.051200 0.409787 -0.089590 -0.001789 0.005254 0.995963
1305031106.575282 -0.020447 0.047082 0.401877 -0.087682 -0.005447 0.004156 0.996125
1305031106.611151 -0.024213 0.045789 0.389156 -0.087120 -0.006840 0.001263 0.996174
1305031106.643207 -0.021848 0.040643 0.381952 -0.087723 -0.011339 -0.000449 0.996080
1305031106.675279 -0.026346 0.040565 0.368260 -0.083970 -0.012791 -0.001187 0.996385
1305031106.711508 -0.028902 0.036539 0.353902 -0.085886 -0.017509 -0.001837 0.996149
1305031106.743341 -0.028296 0.031723 0.343521 -0.085442 -0.025318 -0.001851 0.996020
1305031106.775390 -0.025045 0.028919 0.330035 -0.084217 -0.033192 -0.002193 0.995892
1305031106.811289 -0.025519 0.029323 0.312188 -0.083240 -0.036201 -0.001862 0.995870
1305031106.843416 -0.024824 0.020817 0.300042 -0.085453 -0.040444 -0.002927 0.995517
1305031106.875905 -0.020468 0.014491 0.288997 -0.080982 -0.045244 -0.006147 0.995669
1305031106.911243 -0.013322 0.013650 0.272035 -0.077671 -0.048075 -0.009137 0.995777
1305031106.943439 -0.011647 0.004866 0.254356 -0.077540 -0.046844 -0.012709 0.995807
1305031106.975547 -0.012444 -0.000439 0.241860 -0.071092 -0.044429 -0.016340 0.996346
1305031107.011576 -0.006443 -0.003735 0.223385 -0.066210 -0.044240 -0.018845 0.996646
1305031107.043281 -0.012409 -0.000601 0.198637 -0.061745 -0.037827 -0.021780 0.997137
1305031107.075432 -0.016437 -0.011951 0.192403 -0.060803 -0.036765 -0.022877 0.997210
1305031107.111229 -0.014519 -0.013043 0.173617 -0.055317 -0.037498 -0.024153 0.997472
1305031107.143260 -0.009911 -0.012597 0.153721 -0.052249 -0.037426 -0.023468 0.997657
1305031107.175399 -0.010186 -0.018572 0.142289 -0.050913 -0.035477 -0.024433 0.997774
1305031107.211358 -0.010760 -0.026244 0.133744 -0.045837 -0.032814 -0.027074 0.998043
1305031107.243378 -0.004181 -0.024850 0.123129 -0.038583 -0.031711 -0.026473 0.998401
1305031107.275398 -0.002966 -0.030362 0.109530 -0.033525 -0.028413 -0.026954 0.998670
1305031107.311226 -0.000382 -0.037568 0.097433 -0.027723 -0.024951 -0.026743 0.998946
1305031107.343509 0.000480 -0.040731 0.088240 -0.016047 -0.020993 -0.028436 0.999246
1305031107.375413 0.000916 -0.039435 0.072626 -0.006527 -0.014866 -0.027990 0.999476
1305031107.411271 0.001726 -0.041641 0.058565 0.000011 -0.009334 -0.029112 0.999533
1305031107.443419 0.005728 -0.043098 0.046430 0.004554 -0.004736 -0.028976 0.999559
1305031107.475377 0.007726 -0.040058 0.039273 0.009853 0.000468 -0.027597 0.999570
1305031107.511352 0.008277 -0.032563 0.030593 0.013517 0.004973 -0.027489 0.999518
1305031107.543605 0.010186 -0.033320 0.019234 0.011053 0.008375 -0.026383 0.999556
1305031107.575454 0.012141 -0.039556 0.027285 0.008943 0.010071 -0.022811 0.999649
1305031107.611271 0.014304 -0.034139 0.022789 0.010610 0.011700 -0.021335 0.999648
1305031107.643323 0.016741 -0.031035 0.018616 0.008219 0.013329 -0.020576 0.999666
1305031107.675568 0.014199 -0.032293 0.023963 0.006241 0.014536 -0.020020 0.999674
1305031107.711307 0.012133 -0.027300 0.024179 0.006320 0.015206 -0.019609 0.999672
1305031107.743538 0.010291 -0.021250 0.021538 0.003952 0.014467 -0.018745 0.999712
1305031107.775802 0.010756 -0.023887 0.026199 0.000168 0.011331 -0.020097 0.999734
1305031107.811596 0.013858 -0.022951 0.028784 -0.002006 0.008604 -0.020067 0.999760
1305031107.843332 0.014679 -0.017321 0.029436 -0.002718 0.008535 -0.020769 0.999744
1305031107.875358 0.021207 -0.023030 0.036516 -0.005452 0.008041 -0.024275 0.999658
1305031107.911541 0.024636 -0.022709 0.042111 -0.004735 0.010439 -0.026584 0.999581
1305031107.943122 0.028630 -0.024828 0.049070 -0.003296 0.014105 -0.027630 0.999513
1305031107.975807 0.032692 -0.027162 0.051041 -0.001736 0.018609 -0.027247 0.999454
1305031108.011320 0.042637 -0.029346 0.051916 0.001029 0.023109 -0.028233 0.999334
1305031108.043418 0.053904 -0.025982 0.050403 0.004773 0.029241 -0.027966 0.999170
1305031108.075352 0.066046 -0.025812 0.049918 0.006478 0.037475 -0.022198 0.999030
1305031108.111378 0.069005 -0.028024 0.053498 0.008372 0.045904 -0.022150 0.998665
1305031108.143334 0.080260 -0.024650 0.054339 0.011524 0.049410 -0.022072 0.998468
1305031108.176058 0.094699 -0.019183 0.051092 0.010579 0.051187 -0.018304 0.998465
1305031108.211475 0.107235 -0.020043 0.053041 0.005438 0.051756 -0.017324 0.998495
1305031108.243347 0.122600 -0.025003 0.062470 0.003485 0.053385 -0.019996 0.998368
1305031108.275358 0.133526 -0.020938 0.062619 0.004892 0.057719 -0.020203 0.998116
1305031108.311332 0.138225 -0.017602 0.062541 0.001241 0.060738 -0.019018 0.997972
1305031108.343278 0.146859 -0.016218 0.065181 -0.004459 0.059764 -0.016845 0.998060
1305031108.375410 0.150998 -0.013480 0.070587 -0.008877 0.058858 -0.012183 0.998153
1305031108.411361 0.165240 -0.017150 0.074216 -0.016271 0.053660 -0.006016 0.998409
1305031108.443610 0.179989 -0.013180 0.078860 -0.019786 0.051982 0.000439 0.998452
1305031108.475471 0.191740 -0.016423 0.084802 -0.023505 0.051188 0.008621 0.998375
1305031108.511378 0.217714 -0.016556 0.087850 -0.022176 0.049820 0.014087 0.998413
1305031108.543737 0.233962 -0.014818 0.091796 -0.016899 0.055725 0.014284 0.998201
1305031108.575414 0.240659 -0.009232 0.089219 -0.012175 0.061691 0.011586 0.997954
1305031108.611407 0.252822 -0.009707 0.088815 -0.013069 0.068297 0.012441 0.997502
1305031108.643303 0.259823 -0.010135 0.091508 -0.013649 0.075206 0.013782 0.996979
1305031108.675375 0.275015 -0.008115 0.087871 -0.016761 0.078938 0.017784 0.996580
1305031108.711411 0.284657 -0.009321 0.091996 -0.021142 0.086816 0.021316 0.995772
1305031108.743502 0.292643 -0.008453 0.094200 -0.022063 0.091718 0.022152 0.995294
1305031108.775493 0.299811 -0.006927 0.093553 -0.022761 0.095516 0.024294 0.994871
1305031108.811244 0.301559 -0.007429 0.095206 -0.024287 0.100022 0.029401 0.994254
1305031108.843264 0.302428 -0.009685 0.098233 -0.024130 0.100550 0.034585 0.994038
1305031108.876515 0.306893 -0.007100 0.098405 -0.021092 0.096473 0.041676 0.994239
1305031108.911364 0.305955 -0.014538 0.099137 -0.020392 0.094249 0.045696 0.994290
1305031108.943243 0.301534 -0.010518 0.097005 -0.013038 0.091270 0.047432 0.994611
1305031108.975268 0.300332 -0.004827 0.092462 -0.007898 0.084293 0.045366 0.995376
1305031109.011269 0.303648 -0.011942 0.088333 -0.011391 0.078490 0.044573 0.995853
1305031109.043277 0.296835 -0.012266 0.089160 -0.009850 0.078000 0.041682 0.996033
1305031109.075410 0.289155 -0.006922 0.082949 -0.009963 0.075281 0.037033 0.996425
1305031109.111282 0.281232 -0.012253 0.078148 -0.015864 0.073415 0.034450 0.996580
1305031109.143334 0.266353 -0.011255 0.081746 -0.015641 0.072407 0.030692 0.996780
1305031109.175464 0.253928 -0.009836 0.078357 -0.015450 0.066488 0.026861 0.997306
1305031109.211379 0.243356 -0.000369 0.076524 -0.018797 0.062323 0.029492 0.997443
1305031109.243290 0.231017 -0.007448 0.075131 -0.029825 0.059846 0.034550 0.997164
1305031109.275308 0.217266 -0.013551 0.079242 -0.032444 0.055800 0.038954 0.997154
1305031109.311329 0.204457 -0.007451 0.077393 -0.028238 0.046235 0.039897 0.997734
1305031109.343248 0.189027 -0.007215 0.075221 -0.032309 0.037009 0.039367 0.998016
1305031109.375397 0.177452 -0.005046 0.077473 -0.033706 0.028405 0.038428 0.998289
1305031109.411329 0.163941 -0.000837 0.076274 -0.032935 0.021271 0.034223 0.998645
1305031109.443302 0.151324 0.001211 0.073662 -0.036154 0.016898 0.028781 0.998789
1305031109.475363 0.141319 -0.000370 0.073380 -0.039150 0.013845 0.025976 0.998800
1305031109.511273 0.131401 -0.001956 0.075821 -0.039262 0.010213 0.022834 0.998916
1305031109.543294 0.117401 0.000216 0.074860 -0.036068 0.009002 0.020063 0.999107
1305031109.575362 0.101439 0.001457 0.069432 -0.035069 0.010231 0.019310 0.999146
1305031109.611310 0.090648 0.001466 0.067259 -0.035519 0.008023 0.018000 0.999175
1305031109.643229 0.077393 0.002242 0.065202 -0.036149 0.007159 0.016421 0.999186
1305031109.675263 0.060268 0.003027 0.060255 -0.038676 0.008478 0.018552 0.999044
1305031109.711312 0.047114 0.009757 0.058496 -0.039276 0.005149 0.017404 0.999064
1305031109.743274 0.035416 0.010153 0.059042 -0.043875 0.001653 0.016871 0.998893
1305031109.775277 0.024537 0.007923 0.062129 -0.047772 -0.000380 0.017189 0.998710
1305031109.811371 0.010445 0.010650 0.063791 -0.049468 -0.001528 0.016232 0.998643
1305031109.843296 -0.003734 0.011202 0.064598 -0.052875 -0.004001 0.015261 0.998477
1305031109.875306 -0.022042 0.011312 0.061858 -0.056548 -0.005406 0.013565 0.998293
1305031109.911265 -0.035675 0.009837 0.073217 -0.058375 -0.011996 0.009010 0.998182
1305031109.943299 -0.042773 0.013830 0.074776 -0.060067 -0.017230 0.005554 0.998030
1305031109.975258 -0.056907 0.018234 0.074598 -0.062377 -0.018884 0.000594 0.997874
1305031110.011256 -0.069958 0.018198 0.080528 -0.065318 -0.021473 -0.005883 0.997616
1305031110.043299 -0.080870 0.017703 0.083952 -0.068230 -0.023234 -0.012752 0.997318
1305031110.075319 -0.095869 0.021691 0.085987 -0.069362 -0.022943 -0.017878 0.997167
1305031110.111325 -0.112609 0.026096 0.087538 -0.072418 -0.023412 -0.022833 0.996838
1305031110.143432 -0.131278 0.024432 0.096009 -0.073844 -0.024852 -0.027080 0.996592
1305031110.175641 -0.136023 0.024230 0.099129 -0.077477 -0.031300 -0.026612 0.996147
1305031110.211637 -0.148380 0.025603 0.101005 -0.080174 -0.034073 -0.029364 0.995765
1305031110.243323 -0.170476 0.026103 0.106755 -0.080205 -0.034356 -0.029717 0.995743
1305031110.279321 -0.177764 0.022267 0.110324 -0.080270 -0.039345 -0.030351 0.995534
1305031110.311404 -0.189172 0.025630 0.110516 -0.076486 -0.042773 -0.031460 0.995656
1305031110.343355 -0.199766 0.026042 0.109931 -0.075877 -0.047640 -0.032472 0.995449
1305031110.379281 -0.213106 0.027968 0.109972 -0.074345 -0.052634 -0.035890 0.995196
1305031110.411469 -0.223583 0.031179 0.107552 -0.074024 -0.059261 -0.037518 0.994787
1305031110.443260 -0.228281 0.038974 0.104169 -0.075572 -0.067756 -0.039816 0.994039
1305031110.479331 -0.243116 0.034857 0.109203 -0.080036 -0.074015 -0.045988 0.992976
1305031110.511429 -0.262495 0.034650 0.110010 -0.080935 -0.078295 -0.051195 0.992320
1305031110.543408 -0.270663 0.037889 0.108671 -0.082425 -0.085540 -0.053870 0.991457
1305031110.579426 -0.274567 0.041542 0.105471 -0.086045 -0.093909 -0.057344 0.990196
1305031110.611307 -0.284768 0.041647 0.109628 -0.089767 -0.097184 -0.062273 0.989252
1305031110.643418 -0.302518 0.038744 0.114948 -0.089437 -0.095874 -0.066812 0.989113
1305031110.679606 -0.305137 0.041717 0.111416 -0.089536 -0.100125 -0.068088 0.988596
1305031110.711412 -0.311287 0.043467 0.111476 -0.092171 -0.102049 -0.069362 0.988069
1305031110.743249 -0.317771 0.039789 0.113828 -0.093877 -0.103632 -0.070831 0.987639
1305031110.779193 -0.321630 0.040162 0.113952 -0.094255 -0.105154 -0.071608 0.987386
1305031110.811386 -0.322442 0.040345 0.113229 -0.094966 -0.106431 -0.072769 0.987096
1305031110.843218 -0.325043 0.040845 0.112376 -0.096149 -0.108528 -0.074832 0.986599
1305031110.879313 -0.323864 0.037525 0.115076 -0.097752 -0.111174 -0.074145 0.986199
1305031110.911333 -0.322238 0.039607 0.113795 -0.097670 -0.112680 -0.074877 0.985980
1305031110.943862 -0.319356 0.039311 0.116579 -0.097852 -0.114962 -0.075910 0.985620
1305031110.979345 -0.306577 0.042960 0.117017 -0.096798 -0.117379 -0.075770 0.985450
1305031111.011431 -0.300194 0.044031 0.116045 -0.097568 -0.111830 -0.076252 0.985982
1305031111.043327 -0.294233 0.041900 0.118934 -0.097662 -0.106254 -0.073207 0.986820
1305031111.079283 -0.284044 0.047107 0.116017 -0.097445 -0.104677 -0.070924 0.987176
1305031111.111508 -0.278352 0.044029 0.119392 -0.099855 -0.101312 -0.068486 0.987459
1305031111.143257 -0.269292 0.040402 0.123947 -0.099214 -0.098836 -0.067656 0.987831
1305031111.179326 -0.252333 0.037684 0.124280 -0.098034 -0.097275 -0.066044 0.988213
1305031111.211433 -0.244400 0.038885 0.122646 -0.095611 -0.087511 -0.063378 0.989537
1305031111.243236 -0.238578 0.038416 0.122827 -0.094416 -0.083847 -0.063100 0.989987
1305031111.279308 -0.226175 0.033674 0.129472 -0.091460 -0.082534 -0.062095 0.990438
1305031111.311547 -0.215748 0.039647 0.121512 -0.085925 -0.077391 -0.057424 0.991630
1305031111.343397 -0.211692 0.043730 0.115199 -0.087927 -0.077603 -0.057538 0.991431
1305031111.379134 -0.192010 0.032434 0.126576 -0.090937 -0.083672 -0.053585 0.990888
1305031111.411296 -0.184649 0.036181 0.129871 -0.084856 -0.083625 -0.053264 0.991448
1305031111.443386 -0.159599 0.031449 0.126145 -0.086266 -0.093520 -0.057640 0.990197
1305031111.479259 -0.125241 0.026513 0.134760 -0.083951 -0.094554 -0.056018 0.990391
1305031111.511264 -0.120395 0.025125 0.130062 -0.079795 -0.080248 -0.056622 0.991961
1305031111.543250 -0.100216 0.019038 0.135140 -0.077264 -0.076815 -0.054152 0.992571
1305031111.579237 -0.090099 0.022654 0.129540 -0.072519 -0.065597 -0.049069 0.993997
1305031111.611271 -0.089732 0.024573 0.118202 -0.071987 -0.055793 -0.042425 0.994940
1305031111.643395 -0.067605 0.012198 0.132601 -0.072430 -0.060007 -0.035879 0.994920
1305031111.679320 -0.045023 0.017566 0.125805 -0.064771 -0.054865 -0.027797 0.996003
1305031111.711760 -0.026333 0.010326 0.121588 -0.067735 -0.048186 -0.026480 0.996187
1305031111.743386 0.009654 0.005319 0.133328 -0.065768 -0.045591 -0.019421 0.996604
1305031111.779423 0.018444 0.007036 0.125468 -0.060612 -0.023705 -0.019504 0.997689
1305031111.811406 0.022793 0.004477 0.125839 -0.058940 -0.007225 -0.017748 0.998078
1305031111.843299 0.029332 0.006659 0.125339 -0.054481 0.004737 -0.017811 0.998345
1305031111.879442 0.036123 0.012550 0.112120 -0.052135 0.014049 -0.013240 0.998453
1305031111.911354 0.036170 0.006620 0.117155 -0.052645 0.017746 -0.009303 0.998412
1305031111.943300 0.050114 0.009177 0.120475 -0.051100 0.012761 0.001277 0.998611
1305031111.979449 0.073963 0.010195 0.116479 -0.048580 0.011458 0.007035 0.998729
1305031112.011433 0.098099 0.010198 0.110852 -0.046482 0.014620 0.008018 0.998780
1305031112.043270 0.103679 0.015014 0.108497 -0.039359 0.025543 0.003756 0.998892
1305031112.079339 0.124987 0.010705 0.107079 -0.040137 0.034780 0.005852 0.998572
1305031112.111423 0.126688 0.014633 0.105190 -0.035895 0.046353 0.000888 0.998280
1305031112.144342 0.144328 0.016968 0.102420 -0.034487 0.049855 -0.005196 0.998147
1305031112.179390 0.161862 0.011708 0.101128 -0.038777 0.061060 -0.008100 0.997348
1305031112.211254 0.172441 0.008317 0.106403 -0.039028 0.071453 -0.013195 0.996593
1305031112.243369 0.182482 0.005399 0.109664 -0.033784 0.082014 -0.017905 0.995898
1305031112.279353 0.184107 0.006070 0.113284 -0.028296 0.091308 -0.020728 0.995205
1305031112.311312 0.192674 0.000757 0.115725 -0.024023 0.093654 -0.022735 0.995055
1305031112.343323 0.197840 -0.000843 0.114294 -0.017779 0.095785 -0.022055 0.994999
1305031112.379360 0.205798 -0.003444 0.113959 -0.015155 0.095085 -0.017981 0.995191
1305031112.411442 0.224577 -0.002825 0.111326 -0.012653 0.089620 -0.013667 0.995802
1305031112.443391 0.238101 -0.005762 0.109081 -0.010614 0.087480 -0.007105 0.996084
1305031112.479418 0.244744 -0.005866 0.108861 -0.007309 0.087163 0.002184 0.996165
1305031112.511504 0.255761 -0.006498 0.108273 -0.005222 0.083136 0.009983 0.996474
1305031112.543212 0.266407 -0.006287 0.106286 -0.002347 0.079080 0.014261 0.996763
1305031112.579252 0.276494 -0.004762 0.104873 0.000154 0.075621 0.019584 0.996944
1305031112.611261 0.297134 -0.000481 0.099995 0.001522 0.071344 0.025989 0.997112
1305031112.643246 0.311133 -0.001394 0.097023 -0.001820 0.075033 0.033921 0.996602
1305031112.679952 0.312645 0.000622 0.100521 -0.003088 0.082468 0.037066 0.995899
1305031112.711251 0.315719 0.000145 0.099865 -0.005272 0.086580 0.039046 0.995466
1305031112.743245 0.320260 0.007913 0.094335 -0.007702 0.088479 0.043151 0.995113
1305031112.779310 0.318155 0.003893 0.099506 -0.016892 0.093266 0.045663 0.994450
1305031112.811310 0.308338 0.002137 0.108978 -0.019008 0.095681 0.045109 0.994208
1305031112.843286 0.305782 0.008101 0.108770 -0.019687 0.089621 0.042855 0.994859
1305031112.879421 0.305507 0.006465 0.106790 -0.025171 0.084062 0.046086 0.995076
1305031112.911411 0.296745 0.007474 0.111198 -0.026670 0.083730 0.047668 0.994990
1305031112.943321 0.289922 0.007847 0.113411 -0.028088 0.078863 0.046378 0.995410
1305031112.979278 0.284125 0.008835 0.114529 -0.028442 0.073030 0.043838 0.995960
1305031113.011353 0.279321 0.010511 0.111880 -0.029604 0.069455 0.043998 0.996175
1305031113.043231 0.271137 0.010077 0.110176 -0.034026 0.067646 0.042037 0.996243
1305031113.079251 0.260650 0.008697 0.113811 -0.033765 0.065828 0.036460 0.996593
1305031113.111316 0.242711 0.014262 0.110035 -0.028972 0.063301 0.030547 0.997106
1305031113.143306 0.233636 0.007395 0.104794 -0.035439 0.060053 0.028607 0.997156
1305031113.179343 0.224368 0.001920 0.102626 -0.038840 0.058505 0.030986 0.997050
1305031113.211259 0.208949 0.004058 0.104017 -0.036057 0.054192 0.031737 0.997375
1305031113.243227 0.188251 0.000282 0.099336 -0.040041 0.049683 0.031935 0.997451
1305031113.279312 0.179982 0.001272 0.100768 -0.040613 0.042585 0.034704 0.997664
1305031113.311452 0.170049 0.006924 0.100361 -0.031461 0.033399 0.038386 0.998209
1305031113.343252 0.147568 0.005004 0.097995 -0.028451 0.025924 0.036366 0.998597
1305031113.379312 0.124431 -0.003281 0.098289 -0.035651 0.020891 0.033354 0.998589
1305031113.411625 0.109236 -0.003922 0.101187 -0.034162 0.013759 0.034271 0.998734
1305031113.443266 0.091855 -0.001495 0.100046 -0.031831 0.007459 0.028332 0.999064
1305031113.479311 0.072639 -0.000435 0.098783 -0.035023 0.001743 0.021898 0.999145
1305031113.511523 0.058714 0.000281 0.099104 -0.037628 -0.004746 0.020129 0.999078
1305031113.543242 0.044040 -0.003259 0.103271 -0.040221 -0.010842 0.016521 0.998995
1305031113.579301 0.034947 -0.004231 0.104171 -0.041469 -0.018884 0.013589 0.998869
1305031113.611268 0.025668 -0.001618 0.103497 -0.043404 -0.023226 0.009741 0.998740
1305031113.643222 0.009796 -0.002873 0.099638 -0.046112 -0.022448 0.005773 0.998667
1305031113.679288 -0.001501 -0.002317 0.107458 -0.047276 -0.023417 0.003346 0.998602
1305031113.711931 -0.014460 -0.005581 0.107909 -0.048669 -0.023120 -0.001481 0.998546
1305031113.743590 -0.027219 -0.004536 0.108382 -0.047602 -0.020799 -0.006970 0.998626
1305031113.779320 -0.044761 -0.005087 0.108924 -0.046412 -0.016957 -0.011327 0.998714
1305031113.811237 -0.062064 -0.002930 0.110581 -0.044972 -0.014602 -0.013970 0.998784
1305031113.843295 -0.072026 0.002516 0.107197 -0.043876 -0.013459 -0.016441 0.998811
1305031113.879281 -0.091613 -0.006301 0.116852 -0.045444 -0.011651 -0.021529 0.998667
1305031113.911290 -0.108649 -0.001621 0.115367 -0.040897 -0.011152 -0.023245 0.998831
1305031113.943291 -0.116278 -0.002520 0.115325 -0.038891 -0.011080 -0.024588 0.998879
1305031113.979293 -0.127623 -0.003708 0.118138 -0.036457 -0.010590 -0.028933 0.998860
1305031114.011257 -0.144689 0.000832 0.117484 -0.031913 -0.008717 -0.033578 0.998888
1305031114.043301 -0.166973 0.004935 0.118681 -0.028920 -0.008951 -0.036181 0.998887
1305031114.079285 -0.184539 0.003003 0.121536 -0.027281 -0.013549 -0.037105 0.998847
1305031114.111263 -0.195338 0.006771 0.120377 -0.024172 -0.020283 -0.039950 0.998703
1305031114.143284 -0.206965 0.011353 0.118982 -0.022531 -0.025650 -0.042962 0.998493
1305031114.179337 -0.225277 0.004911 0.124694 -0.022243 -0.025796 -0.047159 0.998306
1305031114.211303 -0.230812 0.012011 0.121996 -0.019048 -0.028917 -0.047112 0.998289
1305031114.243337 -0.243805 0.018964 0.121513 -0.018515 -0.031716 -0.050096 0.998069
1305031114.279390 -0.266005 0.017225 0.129538 -0.019309 -0.035154 -0.053115 0.997783
1305031114.311429 -0.277861 0.020149 0.129794 -0.019946 -0.043482 -0.053074 0.997444
1305031114.343331 -0.285649 0.018737 0.131866 -0.021744 -0.050187 -0.055877 0.996938
1305031114.379320 -0.294410 0.014410 0.135500 -0.022985 -0.053126 -0.059913 0.996524
1305031114.411397 -0.307328 0.014598 0.139648 -0.022023 -0.054429 -0.064141 0.996212
1305031114.443345 -0.322142 0.016740 0.138296 -0.021787 -0.057375 -0.065940 0.995934
1305031114.479332 -0.336546 0.013062 0.140430 -0.023556 -0.063387 -0.067400 0.995432
1305031114.511266 -0.342103 0.016110 0.140001 -0.023458 -0.072671 -0.068705 0.994710
1305031114.543236 -0.345456 0.019015 0.138729 -0.024912 -0.077443 -0.068787 0.994309
1305031114.579237 -0.354887 0.012952 0.142200 -0.028560 -0.076206 -0.065946 0.994499
1305031114.611391 -0.357915 0.019535 0.141561 -0.028883 -0.077931 -0.062939 0.994551
1305031114.644136 -0.363323 0.018482 0.140678 -0.033956 -0.080561 -0.062133 0.994232
1305031114.679251 -0.372591 0.014435 0.145182 -0.037950 -0.085271 -0.063248 0.993624
1305031114.711306 -0.374813 0.010379 0.147880 -0.039809 -0.090023 -0.062129 0.993202
1305031114.743200 -0.376735 0.006129 0.149161 -0.040574 -0.092655 -0.065899 0.992686
1305031114.779289 -0.376027 0.004851 0.151248 -0.038907 -0.094896 -0.069397 0.992303
1305031114.811303 -0.374144 0.010296 0.146591 -0.037199 -0.095233 -0.070370 0.992268
1305031114.843208 -0.369667 0.010105 0.146861 -0.037128 -0.097247 -0.072018 0.991957
1305031114.879281 -0.366174 0.014515 0.144479 -0.036279 -0.097641 -0.072145 0.991940
1305031114.912879 -0.361850 0.016304 0.144299 -0.037061 -0.098288 -0.072374 0.991831
1305031114.943234 -0.351678 0.021012 0.141989 -0.038113 -0.099670 -0.074548 0.991492
1305031114.979280 -0.344122 0.022629 0.143301 -0.040107 -0.097880 -0.074905 0.991565
1305031115.011300 -0.331849 0.028927 0.139510 -0.042576 -0.098638 -0.075383 0.991350
1305031115.043508 -0.320156 0.024856 0.146448 -0.047623 -0.098008 -0.075488 0.991175
1305031115.079238 -0.309735 0.028187 0.149111 -0.048347 -0.094721 -0.075843 0.991433
1305031115.111230 -0.290310 0.027436 0.150146 -0.052013 -0.093257 -0.074905 0.991457
1305031115.143275 -0.277695 0.025397 0.156046 -0.053740 -0.085161 -0.071857 0.992319
1305031115.179440 -0.270807 0.028093 0.157593 -0.054370 -0.080339 -0.070810 0.992761
1305031115.211374 -0.252997 0.022952 0.163394 -0.055622 -0.079837 -0.067706 0.992949
1305031115.243297 -0.243869 0.017495 0.170253 -0.052781 -0.072628 -0.065987 0.993773
1305031115.279966 -0.223038 0.025452 0.168023 -0.048980 -0.073119 -0.059439 0.994345
1305031115.311704 -0.193186 0.022081 0.176977 -0.049148 -0.073638 -0.051849 0.994723
1305031115.343235 -0.181669 0.024953 0.177336 -0.044230 -0.062771 -0.050137 0.995786
1305031115.379166 -0.174655 0.027467 0.171153 -0.049246 -0.057832 -0.044360 0.996124
1305031115.411237 -0.156351 0.025366 0.181297 -0.056690 -0.066185 -0.039400 0.995416
1305031115.443159 -0.133193 0.024117 0.186969 -0.060290 -0.070148 -0.034625 0.995111
1305031115.479241 -0.117793 0.025317 0.186209 -0.064156 -0.069231 -0.028807 0.995119
1305031115.511253 -0.085618 0.017831 0.196183 -0.069063 -0.072977 -0.026705 0.994581
1305031115.543604 -0.063902 0.013149 0.198603 -0.070188 -0.060372 -0.020455 0.995495
1305031115.579315 -0.048975 0.016588 0.196744 -0.067805 -0.048419 -0.013631 0.996430
1305031115.611424 -0.036451 0.015157 0.196628 -0.066832 -0.040662 -0.009287 0.996892
1305031115.643254 -0.020952 0.012431 0.198084 -0.066130 -0.033329 -0.002096 0.997252
1305031115.679241 -0.013224 0.014254 0.194677 -0.063243 -0.027462 0.008693 0.997582
1305031115.711320 0.011980 0.016903 0.191207 -0.061866 -0.030666 0.017489 0.997460
1305031115.743250 0.031223 0.012808 0.190680 -0.062990 -0.024208 0.022177 0.997474
1305031115.779425 0.043909 0.011135 0.185552 -0.061442 -0.012994 0.028012 0.997633
1305031115.811277 0.061867 0.014971 0.179790 -0.059736 -0.004316 0.036839 0.997525
1305031115.843224 0.073056 0.014652 0.174277 -0.061657 0.007760 0.042118 0.997178
1305031115.879198 0.080913 0.012296 0.176765 -0.060358 0.015832 0.048933 0.996851
1305031115.911118 0.095673 0.017738 0.176388 -0.056714 0.019061 0.055488 0.996665
1305031115.943311 0.111711 0.016857 0.174860 -0.058937 0.024693 0.062345 0.996007
1305031115.980740 0.120125 0.019240 0.175429 -0.060201 0.032393 0.067925 0.995346
1305031116.011379 0.147295 0.021304 0.174877 -0.063248 0.035128 0.073312 0.994681
1305031116.043164 0.156192 0.027429 0.178991 -0.063759 0.049828 0.073891 0.993978
1305031116.080030 0.164606 0.029458 0.177278 -0.068284 0.061029 0.076712 0.992838
1305031116.111300 0.178714 0.031071 0.180007 -0.074766 0.069908 0.081495 0.991404
1305031116.143441 0.183878 0.029707 0.186365 -0.079598 0.080458 0.084291 0.989993
1305031116.179572 0.192371 0.032295 0.188556 -0.081266 0.086418 0.087126 0.989109
1305031116.211299 0.205447 0.033375 0.189166 -0.085278 0.090704 0.090962 0.988042
1305031116.243320 0.221415 0.036087 0.192027 -0.086325 0.094530 0.094780 0.987233
1305031116.279385 0.232135 0.034532 0.193088 -0.088866 0.102458 0.099110 0.985790
1305031116.311336 0.241107 0.035146 0.191276 -0.091208 0.111169 0.102473 0.984287
1305031116.343292 0.247814 0.026936 0.197922 -0.095353 0.117874 0.105559 0.982787
1305031116.379384 0.252079 0.031122 0.200634 -0.087891 0.121128 0.106620 0.982973
1305031116.411333 0.244350 0.040197 0.193233 -0.079486 0.126885 0.109121 0.982688
1305031116.443369 0.247076 0.040261 0.189414 -0.083121 0.127251 0.118612 0.981239
1305031116.479850 0.250251 0.038670 0.190166 -0.082490 0.127160 0.123098 0.980751
1305031116.511205 0.249739 0.035692 0.188056 -0.081970 0.125266 0.118694 0.981581
1305031116.543262 0.240440 0.040886 0.185528 -0.076800 0.126903 0.114286 0.982312
1305031116.579313 0.230254 0.036075 0.184766 -0.079399 0.126085 0.111855 0.982490
1305031116.611261 0.221147 0.032507 0.184468 -0.079675 0.120581 0.105898 0.983818
1305031116.643355 0.206554 0.033016 0.183926 -0.077986 0.114231 0.096880 0.985639
1305031116.679281 0.194739 0.031408 0.181305 -0.078388 0.106275 0.087993 0.987329
1305031116.711634 0.182713 0.031728 0.178976 -0.078077 0.100884 0.077565 0.988792
1305031116.743291 0.167455 0.031845 0.175016 -0.079287 0.096026 0.066146 0.990009
1305031116.779298 0.151968 0.032850 0.173318 -0.080768 0.092423 0.055289 0.990897
1305031116.811318 0.133166 0.028421 0.173231 -0.082046 0.089960 0.046725 0.991460
1305031116.846089 0.109940 0.033157 0.170272 -0.077594 0.083774 0.039402 0.992677
1305031116.880165 0.090453 0.030615 0.166998 -0.079764 0.074707 0.032703 0.993472
1305031116.912044 0.074771 0.031916 0.164798 -0.078382 0.062893 0.030100 0.994482
1305031116.943296 0.050532 0.031411 0.167244 -0.080795 0.052134 0.020460 0.995156
1305031116.979351 0.038886 0.031180 0.165456 -0.080020 0.037733 0.011050 0.996018
1305031117.011382 0.019500 0.037947 0.163544 -0.075973 0.026978 0.001851 0.996743
1305031117.043261 0.004369 0.043159 0.162621 -0.075398 0.016859 -0.004138 0.997002
1305031117.079520 -0.010302 0.043468 0.160800 -0.077903 0.007386 -0.009295 0.996890
1305031117.111238 -0.025472 0.044748 0.164122 -0.080430 -0.003583 -0.010348 0.996700
1305031117.143218 -0.028850 0.050567 0.162443 -0.080994 -0.017147 -0.010283 0.996514
1305031117.179264 -0.034719 0.052795 0.161739 -0.083908 -0.026986 -0.014535 0.996002
1305031117.211361 -0.037641 0.051942 0.166101 -0.086796 -0.035444 -0.017507 0.995441
1305031117.243277 -0.032793 0.055768 0.166761 -0.089696 -0.041631 -0.018397 0.994929
1305031117.279299 -0.033277 0.054046 0.169672 -0.094556 -0.041818 -0.023559 0.994362
1305031117.311200 -0.040115 0.051369 0.173009 -0.099300 -0.038534 -0.024445 0.994011
1305031117.343243 -0.045342 0.046783 0.174839 -0.101581 -0.037584 -0.026324 0.993769
1305031117.379454 -0.046347 0.042517 0.178894 -0.101885 -0.038225 -0.025751 0.993728
1305031117.411221 -0.051512 0.038080 0.179522 -0.100579 -0.038213 -0.025648 0.993864
1305031117.443274 -0.052723 0.036212 0.177509 -0.096644 -0.039205 -0.024448 0.994246
1305031117.479403 -0.053035 0.028058 0.178059 -0.096456 -0.040300 -0.023008 0.994255
1305031117.511325 -0.054775 0.020484 0.180442 -0.093779 -0.041402 -0.020998 0.994510
1305031117.544285 -0.054343 0.014829 0.180118 -0.089142 -0.042931 -0.020475 0.994883
1305031117.579155 -0.052910 0.010430 0.179422 -0.085503 -0.045391 -0.021521 0.995071
1305031117.611159 -0.054918 0.004499 0.179275 -0.084057 -0.046345 -0.021045 0.995160
1305031117.643252 -0.053946 -0.006625 0.184066 -0.084202 -0.049432 -0.019441 0.995032
1305031117.679262 -0.053550 -0.009435 0.185040 -0.082344 -0.052497 -0.018317 0.995052
1305031117.711184 -0.056745 -0.018602 0.188549 -0.083055 -0.053860 -0.016796 0.994947
1305031117.743184 -0.056714 -0.029512 0.193442 -0.083822 -0.056231 -0.013604 0.994800
1305031117.779467 -0.058546 -0.035919 0.194408 -0.082805 -0.057865 -0.012117 0.994811
1305031117.811320 -0.055684 -0.046844 0.201061 -0.084161 -0.061173 -0.009697 0.994525
1305031117.843291 -0.049468 -0.061214 0.209471 -0.084186 -0.063576 -0.008337 0.994385
1305031117.879451 -0.046708 -0.069383 0.210766 -0.082960 -0.061315 -0.007463 0.994637
1305031117.911407 -0.049846 -0.079685 0.215754 -0.082401 -0.058741 -0.008031 0.994834
1305031117.943253 -0.048931 -0.088152 0.219739 -0.081285 -0.057196 -0.007888 0.995017
1305031117.979228 -0.051007 -0.091877 0.221437 -0.080918 -0.054750 -0.008090 0.995183
1305031118.011228 -0.055298 -0.108076 0.228411 -0.084523 -0.053206 -0.009771 0.994952
1305031118.043521 -0.056456 -0.120542 0.235547 -0.085048 -0.051939 -0.009775 0.994974
1305031118.079334 -0.050611 -0.126800 0.241116 -0.084036 -0.052990 -0.010060 0.995002
1305031118.111217 -0.048210 -0.139705 0.246885 -0.084767 -0.049402 -0.011487 0.995109
1305031118.143256 -0.048723 -0.148000 0.251867 -0.083146 -0.045124 -0.012805 0.995433
1305031118.179323 -0.052022 -0.163031 0.255723 -0.084579 -0.041400 -0.015206 0.995440
1305031118.211202 -0.059503 -0.170759 0.264215 -0.080671 -0.036801 -0.014675 0.995953
1305031118.243173 -0.062184 -0.180262 0.266850 -0.077641 -0.037145 -0.015013 0.996176
1305031118.279194 -0.059515 -0.192682 0.272695 -0.074918 -0.038553 -0.015366 0.996326
1305031118.311299 -0.059957 -0.202647 0.277518 -0.068999 -0.039099 -0.015694 0.996727
1305031118.343324 -0.057832 -0.204932 0.275598 -0.062693 -0.038255 -0.016214 0.997168
1305031118.379208 -0.059600 -0.213309 0.280678 -0.058932 -0.036625 -0.017154 0.997442
1305031118.411296 -0.064923 -0.210637 0.276966 -0.053546 -0.036258 -0.017440 0.997755
1305031118.445692 -0.060160 -0.214566 0.279637 -0.053384 -0.038094 -0.014307 0.997745
1305031118.479285 -0.061041 -0.216862 0.282094 -0.053042 -0.038010 -0.011930 0.997797
1305031118.511255 -0.057658 -0.215778 0.282434 -0.050810 -0.039259 -0.010668 0.997879
1305031118.544414 -0.052203 -0.211717 0.280020 -0.051305 -0.040193 -0.011280 0.997810
1305031118.579285 -0.051765 -0.208799 0.279949 -0.053056 -0.039192 -0.011489 0.997756
1305031118.616142 -0.048867 -0.205475 0.281099 -0.053949 -0.037939 -0.013514 0.997731
1305031118.645325 -0.048828 -0.196121 0.278372 -0.053724 -0.035813 -0.016202 0.997782
1305031118.679295 -0.051149 -0.186294 0.274067 -0.055516 -0.033459 -0.018197 0.997731
1305031118.711421 -0.053642 -0.183652 0.275863 -0.057375 -0.033566 -0.021534 0.997556
1305031118.746770 -0.056939 -0.175385 0.273591 -0.055558 -0.035104 -0.020224 0.997633
1305031118.779277 -0.051391 -0.150078 0.263036 -0.052718 -0.040276 -0.019874 0.997599
1305031118.811221 -0.052172 -0.149130 0.261082 -0.058991 -0.041756 -0.021996 0.997142
1305031118.846753 -0.051273 -0.145304 0.265467 -0.057521 -0.042777 -0.021020 0.997206
1305031118.879208 -0.046386 -0.123704 0.247552 -0.053644 -0.040709 -0.022085 0.997485
1305031118.911177 -0.045161 -0.115505 0.243026 -0.056171 -0.040125 -0.025188 0.997297
1305031118.946974 -0.046867 -0.104095 0.238237 -0.055479 -0.038231 -0.026468 0.997377
1305031118.979374 -0.049920 -0.084773 0.226001 -0.053771 -0.035810 -0.030375 0.997449
1305031119.011363 -0.052605 -0.070598 0.217577 -0.055714 -0.034854 -0.032966 0.997294
1305031119.047172 -0.055567 -0.067625 0.214987 -0.061128 -0.035244 -0.033461 0.996946
1305031119.079223 -0.058487 -0.054746 0.210056 -0.060391 -0.036645 -0.033668 0.996934
1305031119.111328 -0.060121 -0.046948 0.203600 -0.061872 -0.040005 -0.033310 0.996726
1305031119.147616 -0.060732 -0.033020 0.196707 -0.060929 -0.043347 -0.031593 0.996700
1305031119.179226 -0.058241 -0.026841 0.194421 -0.062178 -0.048980 -0.031398 0.996368
1305031119.211364 -0.059058 -0.017387 0.187439 -0.059979 -0.050071 -0.029977 0.996492
1305031119.247399 -0.058151 -0.004748 0.180157 -0.058267 -0.051644 -0.029103 0.996539
1305031119.279212 -0.057950 0.006317 0.173548 -0.057397 -0.052438 -0.029553 0.996535
1305031119.311212 -0.059403 0.015927 0.168735 -0.057297 -0.052347 -0.027027 0.996617
1305031119.347741 -0.061389 0.022463 0.166313 -0.057582 -0.053646 -0.025306 0.996577
1305031119.379239 -0.059900 0.036979 0.159183 -0.055238 -0.056111 -0.024567 0.996593
1305031119.411484 -0.055758 0.044909 0.154860 -0.056734 -0.057047 -0.024160 0.996465
1305031119.447706 -0.054588 0.053814 0.151795 -0.057315 -0.054990 -0.024035 0.996551
1305031119.479267 -0.054900 0.062926 0.148098 -0.056711 -0.052906 -0.024394 0.996689
1305031119.511240 -0.057206 0.077851 0.141360 -0.055855 -0.050651 -0.024257 0.996858
1305031119.547382 -0.059193 0.088071 0.137774 -0.057388 -0.049938 -0.023196 0.996832
1305031119.579559 -0.056035 0.100869 0.132156 -0.058892 -0.049552 -0.023307 0.996761
1305031119.615017 -0.057970 0.111899 0.129962 -0.062153 -0.046993 -0.022283 0.996711
1305031119.647903 -0.060353 0.123316 0.125890 -0.064794 -0.045541 -0.022060 0.996615
1305031119.679208 -0.055010 0.132546 0.123920 -0.070115 -0.045369 -0.023201 0.996237
1305031119.715232 -0.060503 0.143516 0.121384 -0.074813 -0.038298 -0.021845 0.996222
1305031119.747193 -0.065265 0.151141 0.123393 -0.079297 -0.035861 -0.016992 0.996061
1305031119.779169 -0.065279 0.156543 0.122237 -0.083930 -0.037652 -0.015250 0.995643
1305031119.814537 -0.066761 0.167113 0.120771 -0.085457 -0.037715 -0.011550 0.995561
1305031119.847429 -0.063890 0.176990 0.119395 -0.087733 -0.037909 -0.007264 0.995396
1305031119.879214 -0.062786 0.181172 0.119877 -0.089406 -0.036748 -0.007581 0.995288
1305031119.911401 -0.061840 0.193207 0.116372 -0.088572 -0.035627 -0.006692 0.995410
1305031119.947392 -0.060948 0.202582 0.113185 -0.091800 -0.033954 -0.006708 0.995176
1305031119.979537 -0.060968 0.207411 0.112385 -0.094648 -0.030671 -0.007819 0.995007
1305031120.015264 -0.064114 0.217157 0.108036 -0.098207 -0.026026 -0.006593 0.994804
1305031120.047290 -0.070123 0.218547 0.110218 -0.106155 -0.023122 -0.005001 0.994068
1305031120.079418 -0.071800 0.219871 0.113321 -0.107593 -0.025136 -0.002419 0.993874
1305031120.115232 -0.071305 0.225370 0.111792 -0.107271 -0.027765 -0.000933 0.993842
1305031120.148157 -0.069537 0.221817 0.113060 -0.110308 -0.029128 0.000292 0.993471
1305031120.179246 -0.067792 0.216953 0.116062 -0.110210 -0.029457 0.003252 0.993466
1305031120.215249 -0.067204 0.213016 0.117883 -0.105215 -0.029992 0.002930 0.993993
1305031120.248003 -0.066002 0.208605 0.117361 -0.101417 -0.030347 0.000547 0.994381
1305031120.279430 -0.066108 0.203645 0.118298 -0.097634 -0.029473 -0.001012 0.994785
1305031120.315196 -0.065803 0.194192 0.120614 -0.095989 -0.029176 -0.003264 0.994949
1305031120.347787 -0.067130 0.185612 0.123681 -0.092648 -0.028254 -0.005012 0.995285
1305031120.379437 -0.067309 0.175703 0.126970 -0.091159 -0.028350 -0.005368 0.995418
1305031120.415445 -0.068895 0.160797 0.135266 -0.086533 -0.028381 -0.005276 0.995831
1305031120.447417 -0.066521 0.151706 0.137995 -0.080155 -0.030169 -0.005373 0.996311
1305031120.479432 -0.068117 0.142183 0.142467 -0.076369 -0.030132 -0.004926 0.996612
1305031120.514819 -0.070338 0.130002 0.149476 -0.070587 -0.031488 -0.002593 0.997005
1305031120.547736 -0.070341 0.122728 0.152821 -0.063210 -0.034600 -0.000507 0.997400
1305031120.579551 -0.069576 0.114733 0.155781 -0.060034 -0.038885 0.003802 0.997431
1305031120.615236 -0.068764 0.105613 0.162881 -0.056133 -0.043623 0.005509 0.997455
1305031120.647354 -0.066400 0.094246 0.166811 -0.052474 -0.047148 0.006138 0.997490
1305031120.679318 -0.062726 0.088820 0.169092 -0.048785 -0.049755 0.007305 0.997543
1305031120.714522 -0.062198 0.080155 0.174138 -0.046666 -0.050502 0.008241 0.997599
1305031120.747369 -0.061931 0.071234 0.180156 -0.045420 -0.053231 0.008959 0.997508
1305031120.779894 -0.060511 0.059126 0.184181 -0.043883 -0.055568 0.008356 0.997455
1305031120.814944 -0.055654 0.051331 0.188245 -0.041732 -0.057780 0.008925 0.997417
1305031120.847921 -0.056664 0.042538 0.191083 -0.041956 -0.058036 0.006756 0.997410
1305031120.883435 -0.055724 0.029472 0.195483 -0.040811 -0.057944 0.004708 0.997474
1305031120.915444 -0.051987 0.023338 0.196988 -0.038958 -0.058066 0.003919 0.997545
1305031120.947488 -0.052898 0.014047 0.200467 -0.038918 -0.057457 0.001671 0.997588
1305031120.983366 -0.055525 0.003226 0.204059 -0.039093 -0.056585 -0.000478 0.997632
1305031121.015019 -0.057647 -0.008512 0.207703 -0.038231 -0.056477 -0.002061 0.997670
1305031121.047498 -0.055234 -0.012669 0.208677 -0.036305 -0.057456 -0.002208 0.997685
1305031121.083099 -0.060640 -0.028158 0.212949 -0.037138 -0.056875 -0.004091 0.997682
1305031121.114696 -0.058962 -0.037131 0.215233 -0.034868 -0.059064 -0.003536 0.997639
1305031121.147331 -0.060566 -0.044781 0.215891 -0.032449 -0.059136 -0.004240 0.997713
1305031121.183271 -0.060820 -0.055927 0.219675 -0.031331 -0.060699 -0.004981 0.997652
1305031121.211420 -0.057581 -0.066772 0.223602 -0.029397 -0.061473 -0.005018 0.997663
1305031121.247194 -0.057758 -0.073068 0.223711 -0.026988 -0.060322 -0.004677 0.997803
1305031121.282876 -0.062447 -0.082926 0.226150 -0.026775 -0.060133 -0.004417 0.997821
1305031121.313568 -0.059675 -0.096966 0.233144 -0.025678 -0.061505 -0.003306 0.997771
1305031121.347517 -0.063619 -0.100905 0.233840 -0.022471 -0.061539 -0.001942 0.997850
1305031121.383226 -0.059940 -0.117950 0.238746 -0.023212 -0.064020 -0.001200 0.997678
1305031121.414318 -0.062614 -0.125386 0.240836 -0.018140 -0.062330 -0.002947 0.997886
1305031121.447319 -0.061621 -0.131979 0.240954 -0.016330 -0.062123 -0.002040 0.997933
1305031121.482964 -0.056968 -0.146864 0.246663 -0.016642 -0.061653 0.000259 0.997959
1305031121.514107 -0.061696 -0.150662 0.247436 -0.012058 -0.058765 0.000492 0.998199
1305031121.547270 -0.060983 -0.157358 0.245870 -0.013108 -0.058588 0.000931 0.998196
1305031121.583204 -0.059672 -0.169626 0.250933 -0.015532 -0.057742 0.000287 0.998211
1305031121.614700 -0.059951 -0.178040 0.254429 -0.014717 -0.055980 -0.000949 0.998323
1305031121.647183 -0.057001 -0.184095 0.254569 -0.013823 -0.052571 -0.003309 0.998516
1305031121.683200 -0.059953 -0.191098 0.256282 -0.015903 -0.048100 -0.004643 0.998705
1305031121.714520 -0.066410 -0.199482 0.258761 -0.016832 -0.045407 -0.004189 0.998818
1305031121.747145 -0.064602 -0.204948 0.259714 -0.018662 -0.045793 -0.003554 0.998770
1305031121.782835 -0.063489 -0.211846 0.264273 -0.020679 -0.045898 -0.001273 0.998731
1305031121.811540 -0.059964 -0.215811 0.266262 -0.021728 -0.045681 0.000690 0.998720
1305031121.847335 -0.060343 -0.219145 0.268594 -0.023666 -0.044049 0.003132 0.998744
1305031121.882060 -0.062311 -0.220909 0.270276 -0.025606 -0.043214 0.009394 0.998693
1305031121.914931 -0.062884 -0.222101 0.270949 -0.027756 -0.044827 0.012132 0.998535
1305031121.947288 -0.062066 -0.221203 0.272165 -0.027356 -0.047105 0.011586 0.998448
1305031121.982926 -0.058670 -0.219696 0.271421 -0.027976 -0.047708 0.011482 0.998403
1305031122.014256 -0.059492 -0.214899 0.270459 -0.027920 -0.047509 0.009627 0.998434
1305031122.047306 -0.059536 -0.208780 0.268985 -0.026545 -0.048904 0.006036 0.998432
1305031122.082959 -0.056790 -0.201966 0.265468 -0.025501 -0.050165 0.002297 0.998413
1305031122.114672 -0.056407 -0.190201 0.262851 -0.023026 -0.050495 -0.001380 0.998458
1305031122.150725 -0.054772 -0.182032 0.259636 -0.023828 -0.051246 -0.006395 0.998381
1305031122.183042 -0.052985 -0.171036 0.255466 -0.021632 -0.050613 -0.011479 0.998418
1305031122.214959 -0.053093 -0.147065 0.244014 -0.020212 -0.048637 -0.016501 0.998476
1305031122.251319 -0.054865 -0.142651 0.241820 -0.027607 -0.047499 -0.020169 0.998286
1305031122.283560 -0.057021 -0.129206 0.240708 -0.028234 -0.048240 -0.021298 0.998209
1305031122.314289 -0.057122 -0.107367 0.227749 -0.030535 -0.050005 -0.025734 0.997950
1305031122.351327 -0.061093 -0.098176 0.226304 -0.037320 -0.051249 -0.028918 0.997569
1305031122.382630 -0.062863 -0.085943 0.220484 -0.041923 -0.052848 -0.029251 0.997293
1305031122.414997 -0.067098 -0.080408 0.218897 -0.046996 -0.056029 -0.030488 0.996856
1305031122.451257 -0.070543 -0.069401 0.213176 -0.049154 -0.059614 -0.029483 0.996575
1305031122.483360 -0.067089 -0.057801 0.208815 -0.051722 -0.066131 -0.028678 0.996057
1305031122.515097 -0.069024 -0.048428 0.202130 -0.053379 -0.068927 -0.030948 0.995712
1305031122.551490 -0.066369 -0.037096 0.197309 -0.054550 -0.070614 -0.032813 0.995470
1305031122.583208 -0.066809 -0.027498 0.192930 -0.055936 -0.069070 -0.033986 0.995462
1305031122.614980 -0.073084 -0.020087 0.188801 -0.057436 -0.067269 -0.033708 0.995510
1305031122.648788 -0.070398 -0.010205 0.184246 -0.056537 -0.070344 -0.031976 0.995406
1305031122.683402 -0.073322 0.003848 0.178364 -0.054876 -0.070459 -0.031146 0.995517
1305031122.715208 -0.076210 0.014021 0.173895 -0.054670 -0.072168 -0.028337 0.995490
1305031122.751298 -0.073039 0.028069 0.168439 -0.053432 -0.075534 -0.028225 0.995311
1305031122.783423 -0.068699 0.043772 0.162640 -0.054973 -0.077440 -0.028500 0.995072
1305031122.812555 -0.069867 0.052330 0.159736 -0.059730 -0.075821 -0.029693 0.994888
1305031122.851418 -0.066417 0.058228 0.158902 -0.063077 -0.072974 -0.032100 0.994819
1305031122.883754 -0.066142 0.070285 0.155262 -0.065395 -0.066780 -0.030804 0.995146
1305031122.914571 -0.070246 0.075008 0.154198 -0.069995 -0.063164 -0.029941 0.995095
1305031122.951341 -0.072915 0.080687 0.152832 -0.071803 -0.061647 -0.029500 0.995075
1305031122.982815 -0.075767 0.092372 0.148543 -0.072130 -0.060566 -0.026335 0.995206
1305031123.015450 -0.075718 0.097738 0.145958 -0.075260 -0.061553 -0.023664 0.994981
1305031123.051827 -0.074274 0.103722 0.145864 -0.075186 -0.061858 -0.021942 0.995007
1305031123.082975 -0.074127 0.113821 0.141365 -0.074648 -0.060982 -0.019361 0.995155
1305031123.113873 -0.073215 0.127866 0.134859 -0.075309 -0.059687 -0.017101 0.995225
1305031123.150822 -0.073086 0.135333 0.133738 -0.078540 -0.059216 -0.016957 0.995006
1305031123.182155 -0.070264 0.144346 0.131830 -0.081346 -0.058149 -0.016654 0.994849
1305031123.214704 -0.065211 0.152692 0.130439 -0.086166 -0.055531 -0.017306 0.994581
1305031123.250618 -0.067447 0.167350 0.126446 -0.090277 -0.050468 -0.018047 0.994473
1305031123.282347 -0.066761 0.172455 0.127445 -0.100738 -0.047555 -0.015757 0.993651
1305031123.311327 -0.065681 0.181755 0.127565 -0.105947 -0.043686 -0.015639 0.993289
1305031123.350481 -0.065041 0.189216 0.126718 -0.111108 -0.039378 -0.015240 0.992911
1305031123.382255 -0.065451 0.198816 0.125999 -0.115387 -0.034159 -0.011562 0.992666
1305031123.411363 -0.064437 0.205468 0.126383 -0.118606 -0.029699 -0.010325 0.992443
1305031123.451255 -0.064735 0.214698 0.124705 -0.120418 -0.026947 -0.008712 0.992319
1305031123.483594 -0.066199 0.223995 0.122022 -0.124143 -0.023772 -0.004190 0.991971
1305031123.511360 -0.063390 0.230566 0.121838 -0.127137 -0.023267 -0.001752 0.991611
1305031123.551513 -0.063627 0.237806 0.120826 -0.128970 -0.023110 0.000681 0.991379
1305031123.579583 -0.062102 0.247099 0.118853 -0.130095 -0.022812 0.004072 0.991231
1305031123.611335 -0.059313 0.253888 0.117045 -0.131614 -0.022250 0.005097 0.991038
1305031123.652411 -0.056976 0.261027 0.115167 -0.135571 -0.020512 0.004473 0.990545
1305031123.683753 -0.056064 0.267123 0.114078 -0.139766 -0.016913 0.005800 0.990023
1305031123.711323 -0.054824 0.277341 0.112842 -0.142065 -0.013612 0.006766 0.989741
1305031123.751723 -0.057955 0.277150 0.114477 -0.147155 -0.009998 0.009058 0.989021
1305031123.783858 -0.059399 0.277942 0.114875 -0.149728 -0.009696 0.010536 0.988624
1305031123.811608 -0.057688 0.282319 0.113570 -0.149290 -0.010620 0.011598 0.988668
1305031123.851444 -0.058517 0.281927 0.113822 -0.150804 -0.010322 0.013945 0.988411
1305031123.883786 -0.062873 0.280645 0.114777 -0.149994 -0.009763 0.013077 0.988552
1305031123.911243 -0.060679 0.277872 0.115155 -0.147718 -0.012190 0.013518 0.988862
1305031123.951442 -0.057138 0.273454 0.114217 -0.149520 -0.014344 0.015338 0.988536
1305031123.983415 -0.060282 0.274367 0.117172 -0.148024 -0.015527 0.017434 0.988708
1305031124.011302 -0.062614 0.265434 0.121357 -0.144435 -0.018687 0.016978 0.989192
1305031124.051505 -0.063948 0.260903 0.121911 -0.140031 -0.021076 0.017595 0.989766
1305031124.083837 -0.062043 0.253729 0.124271 -0.139451 -0.024965 0.018572 0.989740
1305031124.111331 -0.061765 0.245867 0.129959 -0.132703 -0.028212 0.016903 0.990610
1305031124.147446 -0.060684 0.240859 0.130469 -0.126892 -0.030108 0.014970 0.991346
1305031124.182694 -0.059588 0.231047 0.134222 -0.126411 -0.031959 0.012881 0.991379
1305031124.211396 -0.060005 0.221404 0.139609 -0.120112 -0.033105 0.011084 0.992146
1305031124.249327 -0.063933 0.216588 0.139957 -0.113510 -0.032886 0.011172 0.992930
1305031124.282545 -0.062474 0.204900 0.143078 -0.115049 -0.038265 0.011615 0.992555
1305031124.311361 -0.063168 0.197005 0.148287 -0.109600 -0.042070 0.011701 0.993016
1305031124.350354 -0.061448 0.186628 0.150152 -0.105403 -0.046307 0.010279 0.993298
1305031124.382420 -0.059940 0.176796 0.152212 -0.101609 -0.049072 0.009243 0.993570
1305031124.411439 -0.059940 0.165327 0.155666 -0.096760 -0.050661 0.008721 0.993979
1305031124.450245 -0.058476 0.151787 0.158194 -0.091367 -0.052631 0.006788 0.994402
1305031124.480099 -0.060850 0.140371 0.160195 -0.084898 -0.052882 0.004411 0.994976
1305031124.511324 -0.060079 0.129039 0.162002 -0.079027 -0.055206 0.002477 0.995340
1305031124.550437 -0.061043 0.120824 0.163479 -0.073529 -0.056528 -0.000013 0.995690
1305031124.579404 -0.063513 0.110097 0.166393 -0.068993 -0.058186 -0.002773 0.995915
1305031124.611358 -0.064252 0.097595 0.169551 -0.064387 -0.060407 -0.004573 0.996085
1305031124.651271 -0.061062 0.086343 0.172629 -0.060621 -0.064177 -0.005598 0.996080
1305031124.679362 -0.060827 0.072031 0.177137 -0.057305 -0.065992 -0.007683 0.996144
1305031124.711251 -0.058395 0.061774 0.179590 -0.052600 -0.067003 -0.009248 0.996322
1305031124.749890 -0.058047 0.049998 0.184292 -0.050213 -0.067561 -0.010358 0.996397
1305031124.779365 -0.062194 0.036800 0.188548 -0.047211 -0.067192 -0.011752 0.996553
1305031124.811360 -0.055518 0.028334 0.192649 -0.044086 -0.071072 -0.010787 0.996438
1305031124.850535 -0.055880 0.014946 0.200243 -0.044307 -0.072503 -0.011201 0.996321
1305031124.879355 -0.052873 0.001931 0.206901 -0.041858 -0.073588 -0.012355 0.996333
1305031124.911448 -0.051547 -0.007095 0.209399 -0.040558 -0.071394 -0.011333 0.996559
1305031124.950730 -0.051482 -0.014600 0.213538 -0.041586 -0.069936 -0.011803 0.996614
1305031124.979438 -0.057009 -0.037868 0.224459 -0.044025 -0.067736 -0.011074 0.996670
1305031125.011454 -0.060918 -0.048485 0.229994 -0.039827 -0.069192 -0.009507 0.996763
1305031125.050763 -0.055638 -0.051781 0.233893 -0.035525 -0.073170 -0.008848 0.996647
1305031125.079364 -0.055920 -0.062285 0.238236 -0.036380 -0.072057 -0.005664 0.996721
1305031125.111364 -0.057672 -0.073224 0.244573 -0.035611 -0.072845 -0.004137 0.996699
1305031125.151013 -0.054410 -0.086942 0.250430 -0.033500 -0.074665 -0.005231 0.996632
1305031125.179353 -0.052110 -0.088231 0.249179 -0.032463 -0.072765 -0.003597 0.996814
1305031125.211320 -0.056803 -0.098083 0.252211 -0.034796 -0.069764 -0.004185 0.996948
1305031125.250632 -0.058645 -0.115397 0.260583 -0.035353 -0.069804 -0.006373 0.996914
1305031125.279467 -0.058123 -0.118157 0.261550 -0.031370 -0.070000 -0.006991 0.997029
1305031125.311493 -0.062440 -0.129403 0.262383 -0.031398 -0.066695 -0.008090 0.997246
1305031125.348880 -0.062748 -0.135258 0.264526 -0.027753 -0.065616 -0.009946 0.997409
1305031125.379401 -0.060340 -0.138051 0.265290 -0.026529 -0.064173 -0.014566 0.997480
1305031125.411335 -0.058377 -0.146282 0.269914 -0.027740 -0.058635 -0.015320 0.997776
1305031125.451195 -0.059830 -0.151256 0.269918 -0.030067 -0.052922 -0.017448 0.997993
1305031125.479424 -0.061503 -0.161549 0.276256 -0.030925 -0.048681 -0.018828 0.998158
1305031125.511316 -0.061131 -0.161794 0.276381 -0.029640 -0.045074 -0.019590 0.998352
1305031125.551020 -0.061471 -0.165258 0.277426 -0.030622 -0.041847 -0.021666 0.998420
1305031125.579308 -0.060491 -0.167946 0.277507 -0.032260 -0.038539 -0.024081 0.998446
1305031125.611533 -0.063485 -0.172007 0.279205 -0.031875 -0.034319 -0.024264 0.998608
1305031125.650575 -0.071210 -0.173037 0.277399 -0.027277 -0.031890 -0.021285 0.998892
1305031125.679328 -0.071043 -0.166961 0.271787 -0.022592 -0.036481 -0.019856 0.998882
1305031125.711443 -0.070700 -0.166612 0.270733 -0.021242 -0.042058 -0.018507 0.998718
1305031125.751260 -0.064969 -0.155820 0.265660 -0.015681 -0.046004 -0.016556 0.998681
1305031125.779348 -0.061860 -0.147849 0.259575 -0.015409 -0.047627 -0.018978 0.998566
1305031125.811573 -0.060338 -0.139396 0.254742 -0.014981 -0.047140 -0.020413 0.998567
1305031125.847412 -0.061877 -0.132538 0.250401 -0.017357 -0.044922 -0.022528 0.998586
1305031125.879318 -0.064986 -0.122914 0.246823 -0.017048 -0.044863 -0.023354 0.998575
1305031125.911305 -0.066849 -0.106287 0.239935 -0.018301 -0.047550 -0.021901 0.998461
1305031125.947343 -0.071864 -0.100965 0.239800 -0.022607 -0.053147 -0.019674 0.998137
1305031125.979324 -0.068363 -0.089911 0.236375 -0.023257 -0.061777 -0.015428 0.997700
1305031126.011333 -0.065630 -0.076280 0.230529 -0.024452 -0.067396 -0.016595 0.997289
1305031126.047324 -0.058065 -0.058778 0.227411 -0.025565 -0.070929 -0.015461 0.997034
1305031126.079356 -0.057122 -0.048155 0.223597 -0.030493 -0.069318 -0.014519 0.997023
1305031126.111370 -0.056839 -0.040133 0.222603 -0.035495 -0.068437 -0.015473 0.996904
1305031126.147432 -0.056204 -0.023326 0.218345 -0.036885 -0.067228 -0.013250 0.996968
1305031126.179384 -0.055637 -0.005023 0.214175 -0.041261 -0.067456 -0.012652 0.996788
1305031126.211319 -0.056059 0.001682 0.216248 -0.047488 -0.067791 -0.012969 0.996484
1305031126.247298 -0.052094 0.014925 0.213214 -0.050805 -0.067725 -0.012579 0.996330
1305031126.279363 -0.052052 0.028710 0.210442 -0.054172 -0.065719 -0.013957 0.996269
1305031126.311332 -0.049463 0.042664 0.207263 -0.058125 -0.063304 -0.015203 0.996184
1305031126.347363 -0.048505 0.050945 0.206075 -0.063739 -0.059981 -0.016752 0.996022
1305031126.379423 -0.051016 0.062600 0.202880 -0.067201 -0.056018 -0.018203 0.995999
1305031126.411465 -0.052819 0.074127 0.198900 -0.071468 -0.053550 -0.020206 0.995799
1305031126.447361 -0.053505 0.081721 0.197923 -0.076573 -0.052008 -0.019359 0.995518
1305031126.479533 -0.055264 0.090268 0.194819 -0.079559 -0.051608 -0.016695 0.995353
1305031126.511410 -0.054591 0.107720 0.188530 -0.079663 -0.053439 -0.015518 0.995267
1305031126.547374 -0.052442 0.115506 0.187609 -0.086645 -0.054249 -0.014611 0.994654
1305031126.579454 -0.049422 0.120665 0.186367 -0.092943 -0.052985 -0.012587 0.994181
1305031126.611528 -0.050415 0.129534 0.183984 -0.097768 -0.050482 -0.011724 0.993859
1305031126.647376 -0.048093 0.132004 0.185796 -0.103754 -0.049506 -0.009354 0.993326
1305031126.679479 -0.047310 0.136049 0.183942 -0.106944 -0.047457 -0.004973 0.993119
1305031126.711583 -0.047736 0.142887 0.179988 -0.109170 -0.045041 -0.002393 0.992999
1305031126.747316 -0.045738 0.144725 0.180601 -0.111189 -0.044113 0.000676 0.992820
1305031126.779379 -0.045323 0.149921 0.177465 -0.110875 -0.042904 0.003840 0.992900
1305031126.811602 -0.040566 0.153347 0.175422 -0.111368 -0.042309 0.004230 0.992869
1305031126.847343 -0.040686 0.157394 0.172314 -0.111289 -0.037963 0.004620 0.993052
1305031126.879357 -0.039543 0.159415 0.171140 -0.112315 -0.036360 0.005445 0.992992
1305031126.911364 -0.037166 0.160191 0.169905 -0.112908 -0.035085 0.004769 0.992974
1305031126.947437 -0.040079 0.164853 0.167188 -0.111776 -0.032462 0.006492 0.993182
1305031126.979337 -0.038796 0.162248 0.167665 -0.113500 -0.033946 0.007686 0.992928
1305031127.011371 -0.038626 0.160772 0.167636 -0.112687 -0.034872 0.008014 0.992986
1305031127.047297 -0.038912 0.162107 0.166578 -0.111297 -0.034950 0.008922 0.993132
1305031127.079299 -0.038416 0.161513 0.167274 -0.111708 -0.035732 0.009356 0.993054
1305031127.111435 -0.040488 0.160723 0.167577 -0.111082 -0.037227 0.010309 0.993060
1305031127.147307 -0.041373 0.156731 0.168717 -0.110653 -0.040351 0.010850 0.992980
1305031127.179349 -0.040861 0.156670 0.168866 -0.107990 -0.043537 0.010172 0.993146
1305031127.211700 -0.039425 0.153673 0.169927 -0.107913 -0.045452 0.009809 0.993072
1305031127.247374 -0.039355 0.150875 0.171525 -0.105752 -0.045701 0.008962 0.993301
1305031127.279465 -0.039043 0.151058 0.172094 -0.102596 -0.046319 0.008375 0.993609
1305031127.311362 -0.040841 0.149518 0.172896 -0.102515 -0.046569 0.007542 0.993612
1305031127.347356 -0.041744 0.143511 0.176598 -0.101601 -0.048017 0.006937 0.993642
1305031127.379262 -0.042380 0.143438 0.177211 -0.098309 -0.048958 0.006537 0.993929
1305031127.411371 -0.042018 0.141147 0.178596 -0.098444 -0.050480 0.006099 0.993843
1305031127.447333 -0.042923 0.135883 0.181961 -0.098540 -0.051647 0.005728 0.993775
1305031127.479362 -0.042163 0.135953 0.182744 -0.096302 -0.053257 0.005310 0.993912
1305031127.511356 -0.042523 0.136780 0.183791 -0.096324 -0.054526 0.004411 0.993846
1305031127.547348 -0.043945 0.132547 0.186534 -0.096866 -0.054968 0.004115 0.993770
1305031127.579345 -0.043779 0.132578 0.187433 -0.094835 -0.055691 0.004076 0.993926
1305031127.611271 -0.044120 0.134183 0.187725 -0.094396 -0.056119 0.004005 0.993944
1305031127.647358 -0.043846 0.129937 0.190411 -0.096365 -0.056635 0.005087 0.993720
1305031127.679298 -0.043369 0.128071 0.191295 -0.095208 -0.057474 0.006071 0.993778
1305031127.711375 -0.043000 0.130922 0.190287 -0.093465 -0.058509 0.005729 0.993885
1305031127.747304 -0.043154 0.128741 0.191744 -0.095023 -0.058896 0.005783 0.993714
1305031127.779346 -0.044220 0.126032 0.192857 -0.094477 -0.058689 0.005769 0.993779
1305031127.811829 -0.044567 0.125936 0.191503 -0.093108 -0.058921 0.004582 0.993901
1305031127.847366 -0.045780 0.125594 0.191314 -0.093159 -0.058464 0.003664 0.993927
1305031127.879380 -0.047372 0.123814 0.191783 -0.093688 -0.058296 0.003291 0.993888
1305031127.911476 -0.048256 0.124842 0.191690 -0.092622 -0.058910 0.002628 0.993954
1305031127.947366 -0.047606 0.125746 0.191782 -0.093050 -0.060089 0.002976 0.993842
1305031127.979371 -0.050376 0.126772 0.192176 -0.093681 -0.059531 0.002678 0.993817
1305031128.011427 -0.047953 0.125335 0.194922 -0.095508 -0.060800 0.002396 0.993567
1305031128.047369 -0.048641 0.123649 0.197328 -0.098142 -0.059295 0.002988 0.993400
1305031128.079334 -0.048102 0.119963 0.199967 -0.099117 -0.059405 0.004388 0.993291
1305031128.111391 -0.046508 0.118719 0.202285 -0.099034 -0.060445 0.005635 0.993231
1305031128.147418 -0.046054 0.117820 0.203135 -0.099918 -0.060665 0.007049 0.993120
1305031128.179350 -0.046497 0.115284 0.205206 -0.099391 -0.060318 0.007870 0.993187
1305031128.211447 -0.044668 0.115811 0.206109 -0.097474 -0.061381 0.008585 0.993306
1305031128.247480 -0.043532 0.116528 0.205628 -0.097518 -0.062367 0.009298 0.993234
1305031128.279336 -0.044924 0.112632 0.207900 -0.099032 -0.062189 0.009219 0.993096
1305031128.311483 -0.044948 0.113921 0.206625 -0.097127 -0.062136 0.008478 0.993294
1305031128.347423 -0.044817 0.114298 0.206404 -0.096968 -0.062438 0.007808 0.993296
1305031128.379404 -0.045816 0.112820 0.207076 -0.097552 -0.062507 0.006185 0.993246
1305031128.411337 -0.046617 0.111562 0.206446 -0.097132 -0.062219 0.004916 0.993313
1305031128.447296 -0.047270 0.112585 0.205852 -0.096098 -0.062087 0.003554 0.993427
1305031128.479296 -0.047669 0.111082 0.206336 -0.096821 -0.062171 0.002628 0.993355
1305031128.511433 -0.047098 0.109986 0.206205 -0.096713 -0.062319 0.002075 0.993357
1305031128.547399 -0.047260 0.110966 0.206030 -0.096048 -0.061755 0.001443 0.993458
1305031128.579455 -0.047841 0.107990 0.206423 -0.096434 -0.060829 0.001099 0.993478
1305031128.611395 -0.048040 0.106608 0.206171 -0.095770 -0.061046 0.001602 0.993528
1305031128.647352 -0.050511 0.107854 0.204708 -0.094583 -0.061167 0.001726 0.993635
