# TF Coordinate Frame ID: openni_rgb_optical_frame(data: openni_rgb_optical_frame)
1305031102.175304 -0.001122 -0.003739 -0.000263 -0.000713 0.000772 -0.002732 0.999996
1305031102.211214 0.001959 0.003947 0.008062 -0.002866 -0.003617 -0.003050 0.999985
1305031102.243211 -0.002783 0.007539 0.016708 -0.007565 -0.005152 -0.003397 0.999952
1305031102.275326 -0.003362 0.007104 0.033503 -0.012675 -0.008292 -0.003079 0.999881
1305031102.311267 -0.002907 0.003380 0.047096 -0.018692 -0.010611 -0.002542 0.999766
1305031102.343233 -0.008677 0.003439 0.061214 -0.021037 -0.010947 -0.001691 0.999717
1305031102.375329 -0.003235 0.005014 0.074353 -0.023283 -0.014747 -0.000257 0.999620
1305031102.411258 -0.008838 0.005868 0.085168 -0.025351 -0.015919 -0.001958 0.999550
1305031102.443271 -0.006740 0.017179 0.091812 -0.026808 -0.019441 -0.001745 0.999450
1305031102.475318 -0.003631 0.014966 0.103615 -0.036069 -0.022457 -0.001294 0.999096
1305031102.511219 -0.003534 0.019806 0.139826 -0.039609 -0.024599 -0.002553 0.998909
1305031102.575286 -0.001443 0.008633 0.150385 -0.049163 -0.020929 -0.006603 0.998550
1305031102.611233 -0.004391 0.005856 0.171947 -0.047805 -0.018207 -0.005395 0.998676
1305031102.643265 -0.009978 0.012518 0.178036 -0.044348 -0.015802 -0.005085 0.998878
1305031102.675285 -0.012746 0.015940 0.182273 -0.045100 -0.015212 -0.004381 0.998857
1305031102.711263 -0.013453 0.016187 0.196500 -0.046298 -0.015648 -0.003566 0.998799
1305031102.743234 -0.010812 0.024309 0.206830 -0.045140 -0.016768 -0.001403 0.998839
1305031102.775472 -0.007668 0.022154 0.216048 -0.048781 -0.015337 -0.003154 0.998687
1305031102.811232 -0.008507 0.024743 0.232396 -0.050223 -0.012426 -0.004446 0.998651
1305031102.843290 -0.010373 0.027326 0.243358 -0.051165 -0.007941 -0.005587 0.998643
1305031102.875363 -0.014470 0.030258 0.257877 -0.050362 -0.003943 -0.008547 0.998687
1305031102.911185 -0.014979 0.033148 0.269863 -0.050178 -0.002729 -0.009043 0.998696
1305031102.943229 -0.022517 0.036217 0.279897 -0.049774 -0.000277 -0.011214 0.998698
1305031102.975203 -0.030650 0.041611 0.292350 -0.048621 -0.004204 -0.011703 0.998740
1305031103.011215 -0.032355 0.045903 0.304010 -0.049405 -0.009851 -0.009187 0.998688
1305031103.043227 -0.032827 0.049400 0.314119 -0.050837 -0.016060 -0.006773 0.998555
1305031103.075319 -0.027103 0.050110 0.329866 -0.051149 -0.021864 -0.004172 0.998443
1305031103.111240 -0.028990 0.055672 0.338245 -0.049246 -0.020465 -0.003377 0.998571
1305031103.143318 -0.028042 0.058696 0.344199 -0.050878 -0.021262 -0.000896 0.998478
1305031103.175452 -0.026267 0.064946 0.352735 -0.050036 -0.020528 -0.000084 0.998536
1305031103.211220 -0.026931 0.073883 0.375163 -0.053785 -0.022361 0.002143 0.998300
1305031103.275370 -0.041378 0.070907 0.370590 -0.073157 -0.015178 0.006473 0.997184
1305031103.311210 -0.042225 0.069697 0.384979 -0.079476 -0.025649 0.007146 0.996481
1305031103.343223 -0.027668 0.073035 0.393139 -0.079408 -0.037909 0.009118 0.996079
1305031103.375327 -0.027956 0.071660 0.395142 -0.083941 -0.035250 0.010789 0.995789
1305031103.411260 -0.028902 0.070867 0.397131 -0.084553 -0.035168 0.012397 0.995721
1305031103.443280 -0.027442 0.069649 0.396855 -0.084235 -0.039932 0.011973 0.995573
1305031103.475274 -0.025906 0.067029 0.396126 -0.084290 -0.043712 0.010838 0.995423
1305031103.511333 -0.022962 0.063189 0.393909 -0.082349 -0.047637 0.009109 0.995423
1305031103.543444 -0.023330 0.058916 0.388611 -0.078632 -0.048744 0.007204 0.995685
1305031103.575474 -0.026822 0.056901 0.379779 -0.073397 -0.048479 0.006954 0.996100
1305031103.611223 -0.028692 0.053180 0.368212 -0.070739 -0.051126 0.007975 0.996152
1305031103.643445 -0.028271 0.048306 0.359685 -0.068685 -0.055080 0.008835 0.996078
1305031103.675523 -0.023643 0.044508 0.350140 -0.066239 -0.059498 0.009612 0.995982
1305031103.711610 -0.018000 0.041833 0.340740 -0.063608 -0.062886 0.010739 0.995934
1305031103.743326 -0.015903 0.036225 0.329005 -0.061362 -0.062852 0.009558 0.996089
1305031103.775342 -0.015345 0.032044 0.315133 -0.059044 -0.062353 0.006052 0.996288
1305031103.811242 -0.015461 0.031007 0.295983 -0.058372 -0.059566 0.003142 0.996511
1305031103.843251 -0.020409 0.031517 0.274491 -0.060168 -0.056980 -0.000301 0.996561
1305031103.875361 -0.020139 0.023519 0.265654 -0.067216 -0.060639 -0.002466 0.995891
1305031103.911221 -0.021545 0.017292 0.260191 -0.066715 -0.064639 -0.004850 0.995664
1305031103.943211 -0.015985 0.015505 0.248797 -0.063824 -0.069282 -0.005070 0.995540
1305031103.975373 -0.013250 0.010377 0.235193 -0.062157 -0.072094 -0.005509 0.995444
1305031104.011232 -0.008332 0.000435 0.223894 -0.060307 -0.073445 -0.007182 0.995448
1305031104.043249 -0.001625 -0.006632 0.213470 -0.055153 -0.072379 -0.008466 0.995815
1305031104.075425 0.003344 -0.007443 0.192425 -0.049986 -0.068141 -0.011154 0.996360
1305031104.111235 0.007512 -0.011787 0.178087 -0.047061 -0.062690 -0.012076 0.996850
1305031104.143230 0.005876 -0.018775 0.165052 -0.043927 -0.056334 -0.012658 0.997365
1305031104.175424 0.005691 -0.022140 0.151796 -0.039884 -0.052980 -0.013674 0.997705
1305031104.211283 0.005450 -0.024475 0.138555 -0.035590 -0.049861 -0.013912 0.998025
1305031104.243196 0.009113 -0.028972 0.126293 -0.031908 -0.048744 -0.013333 0.998212
1305031104.275546 0.012012 -0.031390 0.114176 -0.027356 -0.046679 -0.013489 0.998444
1305031104.311219 0.015575 -0.032307 0.100291 -0.022707 -0.043628 -0.013899 0.998693
1305031104.343342 0.014349 -0.031772 0.084907 -0.018794 -0.038629 -0.014683 0.998969
1305031104.375837 0.010296 -0.031928 0.067252 -0.016040 -0.031770 -0.015652 0.999244
1305031104.411509 0.011042 -0.031281 0.055948 -0.014415 -0.027874 -0.013788 0.999412
1305031104.443288 0.000774 -0.030186 0.042740 -0.012947 -0.023240 -0.014917 0.999535
1305031104.475456 -0.003471 -0.030306 0.032363 -0.013335 -0.023665 -0.014674 0.999523
1305031104.511329 -0.004227 -0.037112 0.028002 -0.014357 -0.025946 -0.012983 0.999476
1305031104.543368 -0.000751 -0.040111 0.023964 -0.012143 -0.030284 -0.010841 0.999409
1305031104.575343 0.008773 -0.044349 0.021150 -0.007433 -0.031914 -0.009369 0.999419
1305031104.611336 0.011897 -0.059559 0.022034 -0.001391 -0.027429 -0.007997 0.999591
1305031104.643243 0.016807 -0.056961 0.010767 0.011585 -0.021153 -0.008239 0.999675
1305031104.675525 0.017607 -0.057875 -0.000075 0.023947 -0.012301 -0.007271 0.999611
1305031104.711277 0.016658 -0.060681 -0.008274 0.037791 -0.003829 -0.005373 0.999264
1305031104.743280 0.016054 -0.058721 -0.022366 0.051588 0.003797 -0.003335 0.998656
1305031104.775327 0.016974 -0.057446 -0.034344 0.063744 0.011307 -0.001494 0.997901
1305031104.811465 0.018764 -0.053884 -0.046049 0.075731 0.018207 0.001538 0.996961
1305031104.843258 0.020241 -0.048723 -0.059709 0.084402 0.025224 0.003316 0.996107
1305031104.875350 0.015639 -0.044080 -0.071535 0.090961 0.030452 0.005450 0.995374
1305031104.911534 0.020292 -0.040504 -0.083749 0.093075 0.029639 0.007971 0.995186
1305031104.943262 0.023158 -0.039182 -0.091158 0.093415 0.030505 0.008052 0.995127
1305031104.975202 0.020274 -0.030658 -0.096284 0.094604 0.030683 0.008396 0.995007
1305031105.011290 0.024471 -0.025108 -0.099401 0.090007 0.028614 0.008806 0.995491
1305031105.043373 0.024645 -0.023876 -0.094187 0.084078 0.028008 0.007345 0.996038
1305031105.075320 0.019966 -0.020558 -0.090173 0.077632 0.028149 0.005029 0.996572
1305031105.111299 0.016458 -0.021724 -0.078159 0.071320 0.028213 0.003377 0.997049
1305031105.143106 0.012025 -0.011779 -0.067517 0.067322 0.025907 0.000756 0.997395
1305031105.175159 0.013945 -0.005193 -0.061623 0.055204 0.021927 -0.001752 0.998233
1305031105.211268 0.003566 -0.012011 -0.043576 0.041687 0.020333 -0.004804 0.998912
1305031105.243270 -0.003076 -0.011448 -0.023859 0.032959 0.015806 -0.006870 0.999308
1305031105.275288 -0.007314 -0.007432 -0.010600 0.023557 0.009913 -0.008408 0.999638
1305031105.311290 -0.012888 -0.008266 0.007119 0.013194 0.003721 -0.008888 0.999867
1305031105.343302 -0.012674 -0.015483 0.025994 0.002748 -0.003313 -0.009542 0.999945
1305031105.375338 -0.013419 -0.019465 0.046371 -0.002770 -0.009058 -0.008631 0.999918
1305031105.411286 -0.012785 -0.012332 0.055811 -0.006602 -0.014517 -0.009350 0.999829
1305031105.443316 -0.014572 -0.013506 0.071614 -0.013654 -0.018285 -0.009424 0.999695
1305031105.475280 -0.017304 -0.015446 0.088562 -0.018188 -0.021438 -0.010580 0.999549
1305031105.511332 -0.016700 -0.013347 0.099491 -0.022336 -0.024136 -0.010840 0.999400
1305031105.543282 -0.017753 -0.014598 0.116098 -0.027119 -0.024854 -0.009811 0.999275
1305031105.575449 -0.019677 -0.014514 0.129679 -0.030656 -0.025665 -0.010599 0.999144
1305031105.611378 -0.017910 -0.014916 0.147682 -0.033616 -0.027790 -0.009725 0.999001
1305031105.643273 -0.020626 -0.015741 0.165143 -0.035635 -0.027841 -0.006804 0.998954
1305031105.675166 -0.019538 -0.012946 0.174749 -0.036534 -0.028747 -0.007030 0.998894
1305031105.711309 -0.014089 -0.016275 0.195350 -0.037535 -0.028531 -0.006493 0.998867
1305031105.743312 -0.012271 -0.012685 0.209709 -0.036064 -0.025296 -0.005626 0.999013
1305031105.775339 -0.007667 -0.008822 0.222520 -0.035135 -0.021794 -0.005541 0.999130
1305031105.811283 -0.010411 -0.007970 0.237997 -0.034330 -0.015851 -0.004764 0.999274
1305031105.843271 -0.008878 -0.004748 0.253887 -0.032012 -0.012428 -0.004627 0.999400
1305031105.875337 -0.011159 0.001479 0.261645 -0.030521 -0.005549 -0.003055 0.999514
1305031105.911262 -0.011862 0.003207 0.272623 -0.034095 -0.000835 0.001393 0.999417
1305031105.943272 -0.011928 0.007786 0.285694 -0.036444 0.002791 0.004382 0.999322
1305031105.975329 -0.011640 0.012031 0.295959 -0.040946 0.005338 0.005720 0.999131
1305031106.011285 -0.011061 0.015674 0.307551 -0.045502 0.007708 0.007589 0.998906
1305031106.043355 -0.012626 0.020246 0.320330 -0.049526 0.010599 0.008542 0.998680
1305031106.075330 -0.014349 0.024223 0.332720 -0.053829 0.011691 0.010565 0.998426
1305031106.111327 -0.018305 0.031685 0.345119 -0.057884 0.013333 0.011220 0.998171
1305031106.143355 -0.020618 0.036353 0.356476 -0.063385 0.012169 0.012384 0.997838
1305031106.175534 -0.020944 0.036275 0.368028 -0.068753 0.010280 0.013284 0.997492
1305031106.211275 -0.020154 0.038788 0.379304 -0.071958 0.007425 0.015316 0.997262
1305031106.243267 -0.021970 0.040293 0.391178 -0.072568 0.005986 0.017737 0.997188
1305031106.276385 -0.023294 0.046960 0.395422 -0.072396 0.005015 0.019351 0.997176
1305031106.311238 -0.024984 0.050591 0.400508 -0.075998 0.004475 0.022250 0.996850
1305031106.343258 -0.028942 0.056829 0.407320 -0.080474 0.004914 0.021533 0.996512
1305031106.375388 -0.024624 0.057694 0.413037 -0.090278 0.002755 0.015222 0.995796
1305031106.411320 -0.019107 0.053758 0.419082 -0.097456 0.004858 0.010302 0.995175
1305031106.443278 -0.020895 0.052880 0.423179 -0.098299 0.007316 0.006715 0.995107
1305031106.475345 -0.022636 0.050498 0.420059 -0.098642 0.006866 0.006483 0.995078
1305031106.511129 -0.023528 0.050413 0.416614 -0.094844 0.002765 0.006318 0.995468
1305031106.543302 -0.023705 0.050407 0.409304 -0.090019 -0.001368 0.004788 0.995928
1305031106.575282 -0.021373 0.046949 0.401102 -0.087575 -0.004920 0.003877 0.996138
1305031106.611151 -0.025207 0.045757 0.388241 -0.086927 -0.006221 0.001008 0.996195
1305031106.643207 -0.022841 0.040643 0.381087 -0.087530 -0.010749 -0.000663 0.996104
1305031106.675279 -0.027454 0.040648 0.367304 -0.083729 -0.012108 -0.001315 0.996414
1305031106.711508 -0.029991 0.036763 0.352918 -0.085556 -0.016845 -0.001948 0.996189
1305031106.743341 -0.029888 0.032188 0.342306 -0.085045 -0.024201 -0.001467 0.996082
1305031106.775390 -0.026097 0.029287 0.329047 -0.083831 -0.032549 -0.002182 0.995946
1305031106.811289 -0.026678 0.029623 0.311037 -0.082873 -0.035510 -0.001956 0.995925
1305031106.843416 -0.025870 0.021257 0.299026 -0.085033 -0.039825 -0.002941 0.995578
1305031106.875905 -0.020344 0.014640 0.288588 -0.080951 -0.045208 -0.005774 0.995676
1305031106.911243 -0.014323 0.014808 0.270924 -0.076617 -0.047540 -0.009317 0.995883
1305031106.943439 -0.012773 0.005223 0.253257 -0.077152 -0.046219 -0.012908 0.995864
1305031106.975547 -0.013693 0.000059 0.240551 -0.070608 -0.043719 -0.016546 0.996408
1305031107.011576 -0.007802 -0.003196 0.222044 -0.065700 -0.043495 -0.019104 0.996708
1305031107.043281 -0.014010 -0.000181 0.197206 -0.061284 -0.037016 -0.022137 0.997188
1305031107.075432 -0.018263 -0.011557 0.190654 -0.060360 -0.035816 -0.023251 0.997263
1305031107.111229 -0.016972 -0.012343 0.171368 -0.054666 -0.036217 -0.024625 0.997544
1305031107.143260 -0.011937 -0.012258 0.151805 -0.051831 -0.036399 -0.023940 0.997705
1305031107.175399 -0.012849 -0.017915 0.140202 -0.050339 -0.034266 -0.024951 0.997832
1305031107.211358 -0.013009 -0.025768 0.131568 -0.045316 -0.031744 -0.027596 0.998087
1305031107.243378 -0.007202 -0.024454 0.120280 -0.038050 -0.030301 -0.027134 0.998448
1305031107.275398 -0.005745 -0.029841 0.106563 -0.032981 -0.027120 -0.027492 0.998710
1305031107.311226 -0.002475 -0.036866 0.095200 -0.027123 -0.023994 -0.027186 0.998974
1305031107.343509 -0.001588 -0.039911 0.085956 -0.015399 -0.020050 -0.028847 0.999264
1305031107.375413 -0.000922 -0.038527 0.070441 -0.005894 -0.014029 -0.028346 0.999482
1305031107.411271 0.002229 -0.039635 0.056738 0.000863 -0.009192 -0.028976 0.999537
1305031107.443419 0.004363 -0.040673 0.044313 0.005693 -0.004030 -0.028891 0.999558
1305031107.475377 0.006922 -0.039277 0.037941 0.010357 0.000806 -0.027733 0.999561
1305031107.511352 0.007752 -0.031937 0.029509 0.013900 0.005258 -0.027539 0.999510
1305031107.543605 0.010956 -0.033188 0.018875 0.011196 0.008477 -0.026012 0.999563
1305031107.575454 0.011579 -0.039084 0.026299 0.009277 0.010308 -0.022882 0.999642
1305031107.611271 0.013879 -0.033870 0.022021 0.010834 0.011901 -0.021421 0.999641
1305031107.643323 0.016514 -0.030868 0.018040 0.008398 0.013419 -0.020657 0.999661
1305031107.675568 0.013798 -0.032128 0.023320 0.006443 0.014673 -0.020169 0.999668
1305031107.711307 0.011597 -0.027115 0.023503 0.006534 0.015357 -0.019824 0.999664
1305031107.743538 0.010620 -0.021263 0.021295 0.004104 0.014382 -0.018989 0.999708
1305031107.775802 0.010172 -0.023765 0.025525 0.000342 0.011470 -0.020322 0.999728
1305031107.811596 0.013197 -0.022758 0.028059 -0.001794 0.008783 -0.020325 0.999753
1305031107.843332 0.013939 -0.017127 0.028672 -0.002500 0.008714 -0.021057 0.999737
1305031107.875358 0.020210 -0.022932 0.035528 -0.005252 0.008348 -0.024643 0.999648
1305031107.911541 0.023862 -0.023297 0.040699 -0.004817 0.010716 -0.026725 0.999574
1305031107.943122 0.027061 -0.024726 0.047829 -0.003036 0.014694 -0.028193 0.999490
1305031107.975807 0.030854 -0.027081 0.049643 -0.001408 0.019437 -0.027950 0.999419
1305031108.011320 0.038297 -0.028469 0.050091 0.001753 0.024583 -0.030091 0.999243
1305031108.043418 0.052136 -0.026082 0.049065 0.005161 0.030305 -0.028778 0.999113
1305031108.075352 0.064243 -0.025892 0.048653 0.006948 0.038577 -0.023031 0.998966
1305031108.111378 0.067341 -0.028250 0.052180 0.008856 0.047183 -0.023022 0.998582
1305031108.143334 0.079903 -0.025193 0.053347 0.012053 0.050347 -0.022937 0.998396
1305031108.176058 0.092958 -0.020255 0.050490 0.011129 0.053443 -0.018825 0.998331
1305031108.211475 0.106687 -0.020955 0.051233 0.006015 0.054145 -0.017739 0.998357
1305031108.243347 0.122561 -0.026075 0.060131 0.004116 0.056159 -0.020415 0.998205
1305031108.275358 0.133546 -0.022532 0.061578 0.005374 0.060507 -0.020416 0.997945
1305031108.311332 0.138415 -0.018597 0.059497 0.001975 0.063865 -0.019181 0.997772
1305031108.343278 0.147270 -0.017273 0.061730 -0.003713 0.062992 -0.016942 0.997863
1305031108.375410 0.151419 -0.014770 0.067263 -0.008513 0.062175 -0.012157 0.997955
1305031108.411361 0.165429 -0.016678 0.070340 -0.014854 0.057361 -0.006062 0.998225
1305031108.443610 0.181275 -0.015809 0.073620 -0.019094 0.055162 0.000829 0.998294
1305031108.475471 0.192956 -0.017648 0.079797 -0.022390 0.054997 0.008597 0.998198
1305031108.511378 0.219236 -0.017907 0.082488 -0.021025 0.053603 0.014002 0.998243
1305031108.543737 0.235745 -0.016319 0.086233 -0.015783 0.059524 0.014233 0.998001
1305031108.575414 0.242589 -0.010862 0.083707 -0.011068 0.065874 0.011389 0.997702
1305031108.611407 0.254623 -0.011112 0.082693 -0.011726 0.072332 0.012294 0.997236
1305031108.643303 0.261639 -0.011685 0.085414 -0.012396 0.079149 0.013765 0.996691
1305031108.675375 0.276932 -0.009715 0.081281 -0.015407 0.082990 0.017832 0.996272
1305031108.711411 0.286693 -0.011028 0.085146 -0.019709 0.090973 0.021443 0.995427
1305031108.743502 0.294781 -0.010055 0.087297 -0.020597 0.095778 0.022303 0.994940
1305031108.775493 0.302007 -0.008675 0.086376 -0.021242 0.099632 0.024513 0.994496
1305031108.811244 0.304237 -0.009230 0.087747 -0.022775 0.103947 0.029754 0.993877
1305031108.843264 0.306171 -0.010727 0.090315 -0.022158 0.104255 0.035226 0.993680
1305031108.876515 0.309781 -0.008901 0.089919 -0.019243 0.100555 0.041942 0.993861
1305031108.911364 0.308522 -0.016228 0.091064 -0.018649 0.098397 0.045991 0.993909
1305031108.943243 0.304886 -0.011932 0.088043 -0.011174 0.095096 0.047598 0.994267
1305031108.975268 0.303029 -0.007283 0.083638 -0.006231 0.088427 0.045742 0.995012
1305031109.011269 0.305976 -0.013365 0.079908 -0.009500 0.082742 0.044696 0.995523
1305031109.043277 0.298420 -0.012834 0.080688 -0.007905 0.082773 0.042056 0.995649
1305031109.075410 0.291066 -0.007930 0.075256 -0.008159 0.079568 0.037110 0.996105
1305031109.111282 0.283046 -0.011686 0.071683 -0.013677 0.077932 0.034180 0.996279
1305031109.143334 0.267654 -0.011741 0.075037 -0.013945 0.076636 0.030637 0.996491
1305031109.175464 0.254245 -0.009282 0.072784 -0.013625 0.070731 0.026611 0.997047
1305031109.211379 0.243440 -0.003940 0.069337 -0.018069 0.066319 0.029772 0.997190
1305031109.243290 0.231665 -0.007816 0.069531 -0.028415 0.063734 0.034606 0.996962
1305031109.275308 0.218416 -0.011308 0.074587 -0.030751 0.059256 0.039148 0.997001
1305031109.311329 0.204115 -0.005591 0.073170 -0.026557 0.049809 0.040063 0.997601
1305031109.343248 0.189191 -0.007170 0.070772 -0.031061 0.040350 0.039384 0.997926
1305031109.375397 0.177610 -0.005214 0.073080 -0.032536 0.031679 0.038485 0.998227
1305031109.411329 0.164125 -0.001002 0.072075 -0.031801 0.024405 0.034131 0.998613
1305031109.443302 0.151235 0.000773 0.070188 -0.035297 0.019485 0.028663 0.998776
1305031109.475363 0.141174 -0.001031 0.070212 -0.038461 0.016036 0.025818 0.998798
1305031109.511273 0.131074 -0.002727 0.072923 -0.038668 0.012163 0.022619 0.998922
1305031109.543294 0.117052 -0.001336 0.071771 -0.035538 0.010714 0.019758 0.999116
1305031109.575362 0.100795 0.000915 0.067282 -0.034636 0.011620 0.019060 0.999151
1305031109.611310 0.089923 0.001108 0.065230 -0.035099 0.009262 0.017728 0.999184
1305031109.643229 0.076591 0.001867 0.063322 -0.035748 0.008355 0.016156 0.999195
1305031109.675263 0.058871 0.002743 0.058626 -0.038366 0.009617 0.018414 0.999048
1305031109.711312 0.046487 0.009059 0.057474 -0.039111 0.005972 0.017435 0.999065
1305031109.743274 0.034658 0.009953 0.057785 -0.043615 0.002446 0.016720 0.998905
1305031109.775277 0.023706 0.007778 0.060959 -0.047529 0.000290 0.017042 0.998724
1305031109.811371 0.009669 0.010423 0.062617 -0.049274 -0.000883 0.016108 0.998655
1305031109.843296 -0.004384 0.011044 0.063411 -0.052660 -0.003386 0.015161 0.998492
1305031109.875306 -0.022818 0.011395 0.060818 -0.056299 -0.004930 0.013442 0.998311
1305031109.911265 -0.036491 0.009894 0.072013 -0.058110 -0.011396 0.008874 0.998206
1305031109.943299 -0.042741 0.014191 0.073872 -0.059795 -0.017144 0.005794 0.998047
1305031109.975258 -0.057769 0.018365 0.073515 -0.062138 -0.018416 0.000502 0.997898
1305031110.011256 -0.070885 0.018313 0.079393 -0.065098 -0.021012 -0.005942 0.997640
1305031110.043299 -0.081715 0.017838 0.082959 -0.068021 -0.022870 -0.012806 0.997340
1305031110.075319 -0.097678 0.021683 0.084575 -0.069203 -0.022148 -0.017945 0.997195
1305031110.111325 -0.113489 0.026244 0.086465 -0.072198 -0.022997 -0.022927 0.996862
1305031110.143432 -0.131058 0.024335 0.095224 -0.073799 -0.024970 -0.026857 0.996599
1305031110.175641 -0.137121 0.024126 0.097541 -0.077264 -0.030931 -0.026680 0.996174
1305031110.211637 -0.149359 0.025747 0.099820 -0.079942 -0.033656 -0.029477 0.995795
1305031110.243323 -0.171176 0.026527 0.105488 -0.079828 -0.034031 -0.029815 0.995781
1305031110.279321 -0.179024 0.022598 0.108982 -0.079924 -0.038785 -0.030613 0.995576
1305031110.311404 -0.191126 0.026174 0.108850 -0.075983 -0.041880 -0.031958 0.995716
1305031110.343355 -0.201082 0.026445 0.108614 -0.075505 -0.047036 -0.032780 0.995496
1305031110.379281 -0.214387 0.028369 0.108699 -0.073991 -0.052040 -0.036203 0.995242
1305031110.411469 -0.225040 0.031604 0.106287 -0.073674 -0.058600 -0.037883 0.994838
1305031110.443260 -0.229674 0.039398 0.103004 -0.075243 -0.067139 -0.040183 0.994091
1305031110.479331 -0.244509 0.035269 0.108042 -0.079717 -0.073378 -0.046360 0.993032
1305031110.511429 -0.263993 0.035098 0.108852 -0.080615 -0.077608 -0.051605 0.992379
1305031110.543408 -0.272229 0.038356 0.107531 -0.082110 -0.084829 -0.054326 0.991519
1305031110.579426 -0.276102 0.041930 0.104357 -0.085773 -0.093199 -0.057802 0.990261
1305031110.611307 -0.286284 0.042147 0.108607 -0.089463 -0.096494 -0.062758 0.989316
1305031110.643418 -0.304166 0.039299 0.113889 -0.089125 -0.095122 -0.067332 0.989179
1305031110.679606 -0.306804 0.042259 0.110349 -0.089240 -0.099371 -0.068629 0.988662
1305031110.711412 -0.312981 0.044042 0.110397 -0.091858 -0.101269 -0.069903 0.988140
1305031110.743249 -0.319517 0.040449 0.112803 -0.093545 -0.102839 -0.071410 0.987712
1305031110.779193 -0.323394 0.040853 0.112933 -0.093921 -0.104362 -0.072205 0.987458
1305031110.811386 -0.324249 0.041042 0.112203 -0.094633 -0.105621 -0.073407 0.987168
1305031110.843218 -0.326867 0.041614 0.111350 -0.095789 -0.107706 -0.075447 0.986677
1305031110.879313 -0.325761 0.038311 0.114028 -0.097388 -0.110324 -0.074803 0.986280
1305031110.911333 -0.324144 0.040442 0.112734 -0.097289 -0.111822 -0.075536 0.986065
1305031110.943862 -0.321449 0.040031 0.115527 -0.097513 -0.114090 -0.076823 0.985684
1305031110.979345 -0.308816 0.044022 0.115841 -0.096336 -0.116393 -0.076513 0.985555
1305031111.011431 -0.302771 0.045349 0.114670 -0.096994 -0.110654 -0.077094 0.986106
1305031111.043327 -0.296741 0.043164 0.117547 -0.097082 -0.105076 -0.074041 0.986941
1305031111.079283 -0.288094 0.049384 0.114142 -0.096558 -0.102861 -0.072067 0.987371
1305031111.111508 -0.280942 0.045386 0.117883 -0.099206 -0.100111 -0.069339 0.987587
1305031111.143257 -0.271785 0.041737 0.122398 -0.098541 -0.097665 -0.068484 0.987958
1305031111.179326 -0.256013 0.039236 0.122135 -0.097212 -0.095357 -0.067074 0.988412
1305031111.211433 -0.246036 0.040881 0.120795 -0.094476 -0.086759 -0.064191 0.989660
1305031111.243236 -0.240839 0.039643 0.121267 -0.093727 -0.082798 -0.063873 0.990091
1305031111.279308 -0.228542 0.034929 0.127805 -0.090731 -0.081425 -0.062914 0.990545
1305031111.311547 -0.218691 0.041688 0.119345 -0.084682 -0.076035 -0.058503 0.991779
1305031111.343397 -0.213646 0.044635 0.113742 -0.087414 -0.076714 -0.058154 0.991510
1305031111.379134 -0.194380 0.033351 0.125001 -0.090399 -0.082606 -0.054266 0.990989
1305031111.411296 -0.186889 0.037045 0.128292 -0.084326 -0.082609 -0.053938 0.991542
1305031111.443386 -0.162295 0.032494 0.124480 -0.085736 -0.092303 -0.058239 0.990322
1305031111.479259 -0.129477 0.028516 0.132235 -0.082892 -0.092553 -0.056899 0.990619
1305031111.511264 -0.123310 0.025080 0.128695 -0.079809 -0.078989 -0.057159 0.992030
1305031111.543250 -0.103157 0.021029 0.133508 -0.076757 -0.075533 -0.054502 0.992690
1305031111.579237 -0.094966 0.024518 0.126841 -0.071482 -0.063318 -0.049974 0.994175
1305031111.611271 -0.092072 0.025305 0.116819 -0.071548 -0.054758 -0.042923 0.995008
1305031111.643395 -0.070234 0.013251 0.131435 -0.072034 -0.058970 -0.036206 0.994999
1305031111.679320 -0.047751 0.018473 0.124262 -0.064334 -0.053711 -0.028230 0.996082
1305031111.711760 -0.028839 0.011030 0.120178 -0.067311 -0.047089 -0.026847 0.996259
1305031111.743386 0.007288 0.005996 0.132101 -0.065378 -0.044543 -0.019726 0.996671
1305031111.779423 0.015154 0.008055 0.125356 -0.060243 -0.022780 -0.019752 0.997728
1305031111.811406 0.020642 0.005019 0.124595 -0.058563 -0.006211 -0.018017 0.998102
1305031111.843299 0.028007 0.007052 0.124002 -0.054131 0.005712 -0.017882 0.998357
1305031111.879442 0.033345 0.013185 0.109860 -0.051545 0.015873 -0.013489 0.998453
1305031111.911354 0.035069 0.006521 0.115854 -0.052589 0.018754 -0.009373 0.998396
1305031111.943300 0.048997 0.009091 0.118550 -0.050812 0.014021 0.001016 0.998609
1305031111.979449 0.075209 0.010602 0.115233 -0.048264 0.011993 0.007783 0.998732
1305031112.011433 0.099823 0.009126 0.109400 -0.046707 0.015726 0.008474 0.998749
1305031112.043270 0.108708 0.012249 0.109354 -0.041060 0.026100 0.005254 0.998802
1305031112.079339 0.128068 0.008890 0.105428 -0.040574 0.035955 0.006480 0.998508
1305031112.111423 0.129366 0.012770 0.102816 -0.036050 0.047951 0.001344 0.998198
1305031112.144342 0.149728 0.014465 0.100308 -0.034950 0.050863 -0.004617 0.998083
1305031112.179390 0.165570 0.009312 0.098795 -0.039170 0.062603 -0.007488 0.997241
1305031112.211254 0.176235 0.005565 0.103003 -0.039284 0.073173 -0.012618 0.996465
1305031112.243369 0.187614 0.000195 0.104437 -0.034662 0.083526 -0.017053 0.995757
1305031112.279353 0.188305 0.002978 0.107971 -0.028012 0.093786 -0.020174 0.994994
1305031112.311312 0.196934 -0.002274 0.109575 -0.023395 0.096611 -0.022227 0.994799
1305031112.343323 0.203848 -0.004505 0.107834 -0.017305 0.098348 -0.021252 0.994775
1305031112.379360 0.211162 -0.006421 0.106574 -0.014038 0.097963 -0.017848 0.994931
1305031112.411442 0.227829 -0.005472 0.102557 -0.011007 0.093269 -0.013070 0.995494
1305031112.443391 0.241425 -0.008245 0.101428 -0.009236 0.091105 -0.006759 0.995776
1305031112.479418 0.247469 -0.007552 0.100840 -0.005533 0.091076 0.002529 0.995825
1305031112.511504 0.258580 -0.008799 0.100653 -0.003746 0.086888 0.010228 0.996159
1305031112.543212 0.268875 -0.008727 0.098555 -0.000831 0.083037 0.014519 0.996440
1305031112.579252 0.278765 -0.007148 0.097332 0.001647 0.079645 0.019774 0.996626
1305031112.611261 0.299130 -0.002775 0.092548 0.003025 0.075508 0.026138 0.996798
1305031112.643246 0.312863 -0.003870 0.089634 -0.000337 0.079358 0.034041 0.996265
1305031112.679952 0.313622 -0.003572 0.093050 -0.001909 0.087013 0.037405 0.995503
1305031112.711251 0.317158 -0.002567 0.092402 -0.003746 0.091178 0.039157 0.995057
1305031112.743245 0.321686 0.005456 0.086815 -0.005993 0.093366 0.043181 0.994677
1305031112.779310 0.319726 0.001598 0.092075 -0.015173 0.098103 0.045711 0.994010
1305031112.811310 0.309806 0.000088 0.101677 -0.017138 0.100836 0.045092 0.993733
1305031112.843286 0.306336 0.006197 0.101190 -0.017695 0.095585 0.042758 0.994345
1305031112.879421 0.306798 0.004919 0.099622 -0.022303 0.091158 0.045467 0.994548
1305031112.911411 0.298022 0.005510 0.103611 -0.024626 0.089405 0.047530 0.994556
1305031112.943321 0.291218 0.005806 0.105957 -0.026242 0.084235 0.046296 0.995024
1305031112.979278 0.285558 0.006621 0.106673 -0.026576 0.078479 0.043733 0.995601
1305031113.011353 0.280306 0.008549 0.103200 -0.027795 0.075035 0.044042 0.995820
1305031113.043231 0.272416 0.007963 0.102644 -0.032292 0.072948 0.041977 0.995929
1305031113.079251 0.262426 0.004671 0.106198 -0.032994 0.070539 0.036780 0.996284
1305031113.111316 0.243823 0.011990 0.102975 -0.027639 0.068130 0.030556 0.996825
1305031113.143306 0.234701 0.005370 0.098117 -0.034040 0.064859 0.028649 0.996902
1305031113.179343 0.224985 0.000200 0.097076 -0.037780 0.062514 0.031092 0.996844
1305031113.211259 0.208110 0.001477 0.098768 -0.035505 0.058477 0.032358 0.997132
1305031113.243227 0.188744 -0.001010 0.094590 -0.039011 0.053485 0.032031 0.997292
1305031113.279312 0.180318 -0.000074 0.096139 -0.039663 0.046188 0.034778 0.997539
1305031113.311452 0.170241 0.005935 0.096169 -0.030540 0.036543 0.038358 0.998129
1305031113.343252 0.147533 0.004238 0.094074 -0.027544 0.028883 0.036302 0.998544
1305031113.379312 0.124625 -0.003759 0.094714 -0.034735 0.023559 0.033249 0.998565
1305031113.411625 0.109294 -0.004189 0.098058 -0.033343 0.016049 0.034161 0.998731
1305031113.443266 0.091439 -0.000803 0.096339 -0.030639 0.009580 0.028177 0.999087
1305031113.479311 0.072336 -0.000438 0.096286 -0.034342 0.003524 0.021687 0.999169
1305031113.511523 0.059370 0.000121 0.097788 -0.037258 -0.004031 0.019883 0.999100
1305031113.543242 0.042898 -0.002439 0.101744 -0.039658 -0.009759 0.016366 0.999032
1305031113.579301 0.032757 -0.003421 0.101998 -0.040633 -0.017410 0.012790 0.998941
1305031113.611268 0.023608 -0.001260 0.101738 -0.042873 -0.022057 0.009047 0.998796
1305031113.643222 0.008061 -0.002568 0.097842 -0.045667 -0.021454 0.005287 0.998712
1305031113.679288 -0.003936 -0.001557 0.105572 -0.046727 -0.022267 0.002861 0.998655
1305031113.711931 -0.016168 -0.005309 0.106260 -0.048303 -0.022272 -0.001921 0.998583
1305031113.743590 -0.028787 -0.004162 0.106658 -0.047248 -0.020072 -0.007423 0.998654
1305031113.779320 -0.046705 -0.004698 0.107301 -0.046053 -0.016081 -0.011734 0.998741
1305031113.811237 -0.063812 -0.002662 0.109064 -0.044665 -0.013807 -0.014364 0.998803
1305031113.843295 -0.073567 0.002815 0.105856 -0.043562 -0.012769 -0.016806 0.998828
1305031113.879281 -0.093323 -0.006049 0.115500 -0.045162 -0.010943 -0.021892 0.998680
1305031113.911290 -0.110360 -0.001409 0.113995 -0.040617 -0.010462 -0.023593 0.998841
1305031113.943291 -0.118065 -0.002175 0.113965 -0.038573 -0.010366 -0.024953 0.998890
1305031113.979293 -0.129849 -0.003691 0.116643 -0.036294 -0.009770 -0.029187 0.998867
1305031114.011257 -0.146044 0.001105 0.116325 -0.031650 -0.008249 -0.033777 0.998894
1305031114.043301 -0.168517 0.005427 0.117892 -0.028530 -0.008725 -0.036620 0.998884
1305031114.079285 -0.185443 0.003402 0.120518 -0.026960 -0.013305 -0.037216 0.998855
1305031114.111263 -0.196233 0.007179 0.119346 -0.023853 -0.020018 -0.040069 0.998712
1305031114.143284 -0.206440 0.011343 0.118185 -0.022431 -0.025980 -0.042566 0.998504
1305031114.179337 -0.224802 0.005970 0.123670 -0.021605 -0.026006 -0.046779 0.998333
1305031114.211303 -0.231577 0.012576 0.121040 -0.018696 -0.028673 -0.047158 0.998301
1305031114.243337 -0.244425 0.019560 0.120636 -0.018140 -0.031566 -0.050089 0.998081
1305031114.279390 -0.266931 0.017968 0.128650 -0.018873 -0.034887 -0.053197 0.997796
1305031114.311429 -0.279017 0.021024 0.128920 -0.019447 -0.043118 -0.053220 0.997462
1305031114.343331 -0.286975 0.019647 0.131010 -0.021236 -0.049761 -0.056083 0.996959
1305031114.379320 -0.295766 0.015402 0.134656 -0.022436 -0.052683 -0.060068 0.996551
1305031114.411397 -0.308799 0.015568 0.138781 -0.021490 -0.053922 -0.064354 0.996238
1305031114.443345 -0.323769 0.017929 0.137492 -0.021148 -0.056864 -0.066120 0.995966
1305031114.479332 -0.338560 0.015008 0.139561 -0.022529 -0.062635 -0.067230 0.995515
1305031114.511266 -0.343820 0.017397 0.139244 -0.022791 -0.072158 -0.068900 0.994750
1305031114.543236 -0.347184 0.020350 0.138063 -0.024218 -0.076956 -0.068949 0.994353
1305031114.579237 -0.356463 0.015212 0.142232 -0.027414 -0.076332 -0.065414 0.994557
1305031114.611391 -0.359594 0.020895 0.140899 -0.028202 -0.077452 -0.063165 0.994593
1305031114.644136 -0.364951 0.019950 0.140082 -0.033207 -0.080137 -0.062277 0.994282
1305031114.679251 -0.374193 0.015875 0.144549 -0.037223 -0.084794 -0.063436 0.993680
1305031114.711306 -0.376461 0.011858 0.147220 -0.039063 -0.089510 -0.062340 0.993265
1305031114.743200 -0.378399 0.007449 0.148370 -0.039968 -0.092020 -0.066298 0.992743
1305031114.779289 -0.376972 0.007023 0.150575 -0.037737 -0.094628 -0.069309 0.992380
1305031114.811303 -0.375850 0.011466 0.145743 -0.036628 -0.094493 -0.070943 0.992319
1305031114.843208 -0.371884 0.011189 0.145937 -0.036635 -0.096193 -0.072560 0.992038
1305031114.879281 -0.367094 0.015641 0.143787 -0.035706 -0.097118 -0.072852 0.991961
1305031114.912879 -0.363695 0.017494 0.143355 -0.036471 -0.097425 -0.073005 0.991891
1305031114.943234 -0.353977 0.022137 0.140931 -0.037558 -0.098629 -0.075307 0.991560
1305031114.979280 -0.346577 0.023758 0.142159 -0.039536 -0.096767 -0.075719 0.991635
1305031115.011300 -0.334576 0.030114 0.138253 -0.041961 -0.097421 -0.076256 0.991430
1305031115.043508 -0.324340 0.026116 0.144639 -0.046904 -0.096006 -0.076765 0.991307
1305031115.079238 -0.313205 0.029581 0.147805 -0.047604 -0.093292 -0.076693 0.991539
1305031115.111230 -0.294301 0.029183 0.148116 -0.051022 -0.091477 -0.076158 0.991579
1305031115.143275 -0.281634 0.026804 0.154233 -0.052922 -0.083410 -0.073144 0.992417
1305031115.179440 -0.273989 0.029009 0.156087 -0.053822 -0.078956 -0.071820 0.992830
1305031115.211374 -0.256425 0.023650 0.161870 -0.055182 -0.078373 -0.068771 0.993017
1305031115.243297 -0.246888 0.018170 0.168751 -0.052337 -0.071351 -0.066967 0.993824
1305031115.279966 -0.225895 0.026038 0.166522 -0.048567 -0.071895 -0.060338 0.994400
1305031115.311704 -0.198721 0.021215 0.175064 -0.049460 -0.071398 -0.053600 0.994778
1305031115.343235 -0.184491 0.025175 0.175845 -0.043942 -0.061545 -0.051060 0.995828
1305031115.379166 -0.175250 0.028754 0.169943 -0.048475 -0.057534 -0.044483 0.996173
1305031115.411237 -0.158283 0.025713 0.179978 -0.056357 -0.065304 -0.040009 0.995469
1305031115.443159 -0.136335 0.023302 0.185457 -0.060436 -0.068745 -0.035755 0.995160
1305031115.479241 -0.119890 0.025326 0.184823 -0.063942 -0.068249 -0.029479 0.995181
1305031115.511253 -0.087227 0.017861 0.194898 -0.068854 -0.072172 -0.027192 0.994641
1305031115.543604 -0.065437 0.013099 0.197284 -0.070000 -0.059518 -0.020914 0.995550
1305031115.579315 -0.050352 0.016450 0.195391 -0.067619 -0.047549 -0.014061 0.996478
1305031115.611424 -0.037593 0.015089 0.195282 -0.066605 -0.039862 -0.009648 0.996936
1305031115.643254 -0.022159 0.012305 0.196612 -0.065925 -0.032471 -0.002438 0.997293
1305031115.679241 -0.014491 0.014273 0.193177 -0.062983 -0.026605 0.008326 0.997625
1305031115.711320 0.010465 0.016893 0.189199 -0.061375 -0.029480 0.016941 0.997535
1305031115.743250 0.032253 0.012007 0.189362 -0.063040 -0.023717 0.022502 0.997475
1305031115.779425 0.044197 0.010563 0.184034 -0.061300 -0.011978 0.027979 0.997655
1305031115.811277 0.062645 0.014299 0.178278 -0.059596 -0.003206 0.036870 0.997536
1305031115.843224 0.073843 0.014128 0.172425 -0.061232 0.009116 0.042004 0.997198
1305031115.879198 0.082291 0.011595 0.175019 -0.060011 0.017323 0.048962 0.996846
1305031115.911118 0.097192 0.017013 0.174187 -0.056153 0.020848 0.055373 0.996667
1305031115.943311 0.113490 0.016161 0.172043 -0.058071 0.026887 0.062115 0.996015
1305031115.980740 0.122097 0.018525 0.171965 -0.058937 0.035157 0.067545 0.995353
1305031116.011379 0.149716 0.022823 0.170170 -0.060318 0.038368 0.072121 0.994831
1305031116.043164 0.159249 0.025606 0.173891 -0.062415 0.052892 0.073184 0.993957
1305031116.080030 0.167370 0.028387 0.172117 -0.066480 0.064481 0.076282 0.992776
1305031116.111300 0.181589 0.029953 0.174255 -0.072715 0.073579 0.081027 0.991329
1305031116.143441 0.186981 0.028251 0.179933 -0.077401 0.084541 0.083999 0.989852
1305031116.179572 0.195633 0.030507 0.181651 -0.079035 0.090596 0.086899 0.988936
1305031116.211299 0.208698 0.031493 0.182014 -0.082937 0.095034 0.090743 0.987854
1305031116.243320 0.224854 0.034108 0.184229 -0.083835 0.098914 0.094559 0.987039
1305031116.279385 0.237139 0.032708 0.183472 -0.085268 0.107301 0.098694 0.985634
1305031116.311336 0.245102 0.032126 0.181550 -0.088424 0.115821 0.102317 0.984021
1305031116.343292 0.251508 0.024071 0.187716 -0.092480 0.122973 0.105496 0.982444
1305031116.379384 0.255724 0.027549 0.188937 -0.084992 0.126379 0.106476 0.982582
1305031116.411333 0.248139 0.036548 0.181128 -0.076460 0.132212 0.109053 0.982233
1305031116.443369 0.250591 0.035917 0.176609 -0.079596 0.133004 0.118335 0.980801
1305031116.479850 0.254665 0.035090 0.177402 -0.079331 0.132406 0.122731 0.980363
1305031116.511205 0.253676 0.032679 0.175184 -0.078721 0.130797 0.118843 0.981107
1305031116.543262 0.244023 0.037699 0.172656 -0.073610 0.132482 0.114145 0.981836
1305031116.579313 0.233299 0.033843 0.172006 -0.076152 0.131644 0.111414 0.982068
1305031116.611261 0.223134 0.030749 0.172910 -0.076680 0.126249 0.105631 0.983373
1305031116.643355 0.208530 0.030808 0.173103 -0.075131 0.119781 0.096504 0.985238
1305031116.679281 0.196558 0.029479 0.170959 -0.075644 0.111787 0.087467 0.986981
1305031116.711634 0.183789 0.030203 0.169011 -0.075195 0.106408 0.076917 0.988487
1305031116.743291 0.168247 0.031028 0.166989 -0.076558 0.101622 0.065543 0.989705
1305031116.779298 0.152964 0.031784 0.165459 -0.078461 0.097340 0.054823 0.990638
1305031116.811318 0.134191 0.027514 0.166139 -0.080049 0.094310 0.046318 0.991238
1305031116.846089 0.110881 0.032404 0.163931 -0.075960 0.087511 0.039118 0.992493
1305031116.880165 0.091482 0.029827 0.161379 -0.078476 0.078000 0.032551 0.993327
1305031116.912044 0.075563 0.031277 0.159358 -0.077109 0.065973 0.029895 0.994388
1305031116.943296 0.051534 0.031177 0.161255 -0.079464 0.055058 0.020380 0.995107
1305031116.979351 0.039471 0.030605 0.160604 -0.079022 0.040420 0.010874 0.995994
1305031117.011382 0.019879 0.037120 0.158955 -0.075247 0.029392 0.001689 0.996730
1305031117.043261 0.004351 0.041538 0.157835 -0.075124 0.019078 -0.004134 0.996983
1305031117.079520 -0.010288 0.042501 0.157061 -0.077588 0.009056 -0.009482 0.996899
1305031117.111238 -0.025392 0.043668 0.160562 -0.080214 -0.001989 -0.010504 0.996720
1305031117.143218 -0.028434 0.049454 0.158760 -0.080913 -0.016071 -0.010508 0.996536
1305031117.179264 -0.035387 0.051910 0.159178 -0.083857 -0.025837 -0.014810 0.996033
1305031117.211361 -0.038528 0.051241 0.163809 -0.086915 -0.034738 -0.017939 0.995448
1305031117.243277 -0.034022 0.054820 0.164806 -0.089882 -0.040770 -0.018777 0.994940
1305031117.279299 -0.034908 0.050992 0.168065 -0.096055 -0.040911 -0.023873 0.994248
1305031117.311200 -0.041952 0.049895 0.171038 -0.099709 -0.037565 -0.024979 0.993993
1305031117.343243 -0.046747 0.046072 0.173205 -0.101708 -0.036819 -0.026746 0.993773
1305031117.379454 -0.047776 0.042062 0.177294 -0.101867 -0.037520 -0.026182 0.993745
1305031117.411221 -0.053032 0.038051 0.177915 -0.100348 -0.037494 -0.026099 0.993903
1305031117.443274 -0.054077 0.036166 0.175962 -0.096421 -0.038557 -0.024909 0.994282
1305031117.479403 -0.054432 0.028052 0.176583 -0.096223 -0.039659 -0.023456 0.994293
1305031117.511325 -0.055719 0.020662 0.179035 -0.093412 -0.041010 -0.021553 0.994549
1305031117.544285 -0.055953 0.014802 0.178588 -0.088890 -0.042184 -0.020986 0.994926
1305031117.579155 -0.054432 0.010576 0.177814 -0.085189 -0.044709 -0.021981 0.995118
1305031117.611159 -0.056622 0.004515 0.177732 -0.083798 -0.045572 -0.021564 0.995207
1305031117.643252 -0.056227 -0.006782 0.182355 -0.083948 -0.048382 -0.020144 0.995091
1305031117.679262 -0.055309 -0.009355 0.183552 -0.082055 -0.051705 -0.018823 0.995108
1305031117.711184 -0.058489 -0.018504 0.187061 -0.082755 -0.053080 -0.017310 0.995005
1305031117.743184 -0.058555 -0.029441 0.191938 -0.083535 -0.055393 -0.014119 0.994864
1305031117.779467 -0.060358 -0.035846 0.192937 -0.082526 -0.057056 -0.012599 0.994874
1305031117.811320 -0.057382 -0.046767 0.199660 -0.083891 -0.060423 -0.010151 0.994590
1305031117.843291 -0.051174 -0.061133 0.208071 -0.083916 -0.062791 -0.008744 0.994454
1305031117.879451 -0.048580 -0.069257 0.209298 -0.082660 -0.060471 -0.007894 0.994710
1305031117.911407 -0.051791 -0.079531 0.214275 -0.082082 -0.057866 -0.008448 0.994908
1305031117.943253 -0.050854 -0.088017 0.218262 -0.080978 -0.056334 -0.008286 0.995088
1305031117.979228 -0.052920 -0.091724 0.219926 -0.080597 -0.053895 -0.008502 0.995252
1305031118.011228 -0.057294 -0.107936 0.226858 -0.084207 -0.052291 -0.010157 0.995023
1305031118.043521 -0.059003 -0.120564 0.233905 -0.084811 -0.050745 -0.010063 0.995053
1305031118.079334 -0.052687 -0.126562 0.239534 -0.083631 -0.052048 -0.010427 0.995082
1305031118.111217 -0.050329 -0.139445 0.245247 -0.084336 -0.048437 -0.011855 0.995189
1305031118.143256 -0.050800 -0.147776 0.250139 -0.082734 -0.044172 -0.013208 0.995505
1305031118.179323 -0.054599 -0.162201 0.253972 -0.083730 -0.040149 -0.015366 0.995561
1305031118.211202 -0.061546 -0.170582 0.262351 -0.080247 -0.035895 -0.015154 0.996013
1305031118.243173 -0.064379 -0.179893 0.264933 -0.077115 -0.036140 -0.015427 0.996248
1305031118.279194 -0.061672 -0.192330 0.270747 -0.074402 -0.037576 -0.015797 0.996395
1305031118.311299 -0.062640 -0.201853 0.275055 -0.068253 -0.037826 -0.016110 0.996821
1305031118.343324 -0.059930 -0.204654 0.273646 -0.062215 -0.037321 -0.016676 0.997225
1305031118.379208 -0.061587 -0.213249 0.278786 -0.058558 -0.035763 -0.017665 0.997487
1305031118.411296 -0.067004 -0.210496 0.275045 -0.053131 -0.035348 -0.017945 0.997800
1305031118.445692 -0.062222 -0.214470 0.277736 -0.052984 -0.037202 -0.014823 0.997792
1305031118.479285 -0.063067 -0.216798 0.280220 -0.052657 -0.037139 -0.012451 0.997844
1305031118.511255 -0.059681 -0.215747 0.280570 -0.050436 -0.038394 -0.011201 0.997926
1305031118.544414 -0.054216 -0.211731 0.278173 -0.050950 -0.039336 -0.011823 0.997856
1305031118.579285 -0.053771 -0.208841 0.278133 -0.052714 -0.038342 -0.012034 0.997801
1305031118.616142 -0.050854 -0.205540 0.279301 -0.053614 -0.037093 -0.014067 0.997773
1305031118.645325 -0.050750 -0.196227 0.276565 -0.053411 -0.034995 -0.016756 0.997819
1305031118.679295 -0.053206 -0.186461 0.272284 -0.055219 -0.032586 -0.018789 0.997765
1305031118.711421 -0.055642 -0.183798 0.274131 -0.057085 -0.032714 -0.022111 0.997588
1305031118.746770 -0.058980 -0.175578 0.271901 -0.055299 -0.034248 -0.020823 0.997665
1305031118.779277 -0.054359 -0.151113 0.261053 -0.052663 -0.039022 -0.020926 0.997630
1305031118.811221 -0.054163 -0.149300 0.259412 -0.058726 -0.040915 -0.022590 0.997179
1305031118.846753 -0.053203 -0.145500 0.263795 -0.057279 -0.041955 -0.021592 0.997243
1305031118.879208 -0.048417 -0.123937 0.245890 -0.053403 -0.039868 -0.022721 0.997518
1305031118.911177 -0.047118 -0.115743 0.241399 -0.055947 -0.039301 -0.025796 0.997326
1305031118.946974 -0.049040 -0.104554 0.236511 -0.055337 -0.037316 -0.027149 0.997401
1305031118.979374 -0.051783 -0.084870 0.224436 -0.053527 -0.035031 -0.030932 0.997472
1305031119.011363 -0.054393 -0.070669 0.216012 -0.055462 -0.034098 -0.033508 0.997316
1305031119.047172 -0.057331 -0.067728 0.213421 -0.060902 -0.034492 -0.033972 0.996969
1305031119.079223 -0.060167 -0.054835 0.208550 -0.060170 -0.035930 -0.034170 0.996956
1305031119.111328 -0.061901 -0.047142 0.201930 -0.061690 -0.039216 -0.033808 0.996751
1305031119.147616 -0.062403 -0.033079 0.195175 -0.060703 -0.042626 -0.032073 0.996729
1305031119.179226 -0.059795 -0.026923 0.192940 -0.061966 -0.048296 -0.031856 0.996400
1305031119.211364 -0.060569 -0.017400 0.185991 -0.059749 -0.049428 -0.030408 0.996525
1305031119.247399 -0.059691 -0.004761 0.178680 -0.058043 -0.051010 -0.029548 0.996572
1305031119.279212 -0.059455 0.006258 0.172105 -0.057192 -0.051805 -0.029991 0.996567
1305031119.311212 -0.060903 0.015876 0.167284 -0.057082 -0.051698 -0.027467 0.996652
1305031119.347741 -0.062927 0.022323 0.164716 -0.057353 -0.053006 -0.025753 0.996613
1305031119.379239 -0.061323 0.036917 0.157755 -0.055052 -0.055523 -0.024989 0.996625
1305031119.411484 -0.057095 0.044838 0.153522 -0.056555 -0.056500 -0.024565 0.996497
1305031119.447706 -0.055962 0.053785 0.150394 -0.057114 -0.054413 -0.024425 0.996585
1305031119.479267 -0.056147 0.062875 0.146814 -0.056531 -0.052397 -0.024774 0.996717
1305031119.511240 -0.058389 0.077803 0.140106 -0.055696 -0.050166 -0.024590 0.996883
1305031119.547382 -0.060228 0.087752 0.136553 -0.057364 -0.049525 -0.023490 0.996847
1305031119.579559 -0.057158 0.100894 0.130925 -0.058709 -0.049102 -0.023614 0.996787
1305031119.615017 -0.059157 0.111957 0.128646 -0.061957 -0.046487 -0.022600 0.996739
1305031119.647903 -0.061440 0.123427 0.124661 -0.064575 -0.045094 -0.022352 0.996643
1305031119.679208 -0.055905 0.132698 0.122748 -0.069886 -0.044996 -0.023440 0.996264
1305031119.715232 -0.060414 0.143666 0.120596 -0.074717 -0.038410 -0.021664 0.996229
1305031119.747193 -0.066409 0.151515 0.121922 -0.078906 -0.035365 -0.017308 0.996104
1305031119.779169 -0.066121 0.157019 0.120991 -0.083538 -0.037278 -0.015439 0.995687
1305031119.814537 -0.067555 0.167577 0.119556 -0.085078 -0.037369 -0.011712 0.995604
1305031119.847429 -0.064692 0.177491 0.118145 -0.087329 -0.037561 -0.007432 0.995443
1305031119.879214 -0.063764 0.181705 0.118546 -0.088966 -0.036315 -0.007796 0.995342
1305031119.911401 -0.062503 0.194266 0.114891 -0.087877 -0.035299 -0.006746 0.995483
1305031119.947392 -0.061955 0.203075 0.111802 -0.091371 -0.033506 -0.006928 0.995229
1305031119.979537 -0.061978 0.207879 0.110990 -0.094232 -0.030221 -0.008042 0.995059
1305031120.015264 -0.065243 0.217677 0.106603 -0.097760 -0.025515 -0.006838 0.994859
1305031120.047290 -0.071309 0.218954 0.108737 -0.105752 -0.022588 -0.005265 0.994122
1305031120.079418 -0.073189 0.220197 0.111814 -0.107219 -0.024496 -0.002747 0.993930
1305031120.115232 -0.072654 0.225616 0.110045 -0.106909 -0.027213 -0.001227 0.993896
1305031120.148157 -0.070983 0.222102 0.111574 -0.109952 -0.028483 -0.000046 0.993529
1305031120.179246 -0.069398 0.217166 0.114511 -0.109893 -0.028701 0.002897 0.993525
1305031120.215249 -0.069060 0.213139 0.116285 -0.104934 -0.029103 0.002555 0.994050
1305031120.248003 -0.067573 0.208828 0.115839 -0.101100 -0.029618 0.000193 0.994435
1305031120.279430 -0.067688 0.203768 0.116788 -0.097367 -0.028731 -0.001373 0.994833
1305031120.315196 -0.067418 0.194394 0.119105 -0.095680 -0.028415 -0.003634 0.995000
1305031120.347787 -0.068721 0.185793 0.122181 -0.092348 -0.027504 -0.005386 0.995332
1305031120.379437 -0.068883 0.175935 0.125479 -0.090830 -0.027608 -0.005742 0.995467
1305031120.415445 -0.070470 0.161039 0.133754 -0.086159 -0.027634 -0.005661 0.995882
1305031120.447417 -0.068073 0.151976 0.136513 -0.079805 -0.029433 -0.005761 0.996359
1305031120.479432 -0.069635 0.142402 0.141008 -0.076041 -0.029421 -0.005316 0.996656
1305031120.514819 -0.071779 0.130258 0.148042 -0.070246 -0.030811 -0.002965 0.997049
1305031120.547736 -0.071740 0.123017 0.151331 -0.062857 -0.033953 -0.000878 0.997444
1305031120.579551 -0.070960 0.115001 0.154451 -0.059707 -0.038256 0.003441 0.997477
1305031120.615236 -0.070193 0.105805 0.161484 -0.055826 -0.042965 0.005118 0.997503
1305031120.647354 -0.067758 0.094448 0.165450 -0.052178 -0.046520 0.005778 0.997537
1305031120.679318 -0.064009 0.089001 0.167806 -0.048509 -0.049170 0.006961 0.997587
1305031120.714522 -0.063537 0.080327 0.172819 -0.046386 -0.049898 0.007869 0.997646
1305031120.747369 -0.063297 0.071321 0.178817 -0.045174 -0.052616 0.008571 0.997556
1305031120.779894 -0.061175 0.059201 0.183108 -0.043726 -0.055266 0.008212 0.997480
1305031120.814944 -0.057115 0.051433 0.186826 -0.041462 -0.057122 0.008471 0.997470
1305031120.847921 -0.058162 0.042678 0.189761 -0.041669 -0.057385 0.006294 0.997462
1305031120.883435 -0.057645 0.029249 0.193937 -0.040641 -0.057073 0.004043 0.997534
1305031120.915444 -0.053612 0.023470 0.195555 -0.038658 -0.057346 0.003408 0.997600
1305031120.947488 -0.054575 0.014190 0.199056 -0.038607 -0.056718 0.001146 0.997643
1305031120.983366 -0.057342 0.003366 0.202528 -0.038763 -0.055772 -0.001056 0.997690
1305031121.015019 -0.059542 -0.008327 0.206160 -0.037869 -0.055629 -0.002665 0.997730
1305031121.047498 -0.057141 -0.012542 0.207038 -0.035963 -0.056596 -0.002805 0.997745
1305031121.083099 -0.062564 -0.028013 0.211351 -0.036781 -0.056020 -0.004699 0.997741
1305031121.114696 -0.061619 -0.036870 0.213175 -0.034385 -0.057831 -0.004377 0.997724
1305031121.147331 -0.062566 -0.044669 0.214242 -0.032105 -0.058249 -0.004862 0.997774
1305031121.183271 -0.062816 -0.055888 0.217977 -0.031005 -0.059797 -0.005610 0.997713
1305031121.211420 -0.059488 -0.066801 0.221910 -0.029088 -0.060607 -0.005621 0.997722
1305031121.247194 -0.059734 -0.073118 0.221964 -0.026691 -0.059425 -0.005300 0.997862
1305031121.282876 -0.064238 -0.083107 0.224504 -0.026538 -0.059340 -0.005007 0.997872
1305031121.313568 -0.061451 -0.097211 0.231511 -0.025469 -0.060712 -0.003889 0.997823
1305031121.347517 -0.065207 -0.101920 0.232002 -0.022509 -0.060788 -0.002603 0.997893
1305031121.383226 -0.061716 -0.118228 0.237074 -0.023021 -0.063244 -0.001776 0.997731
1305031121.414318 -0.064356 -0.125659 0.239179 -0.017940 -0.061584 -0.003518 0.997934
1305031121.447319 -0.063348 -0.132169 0.239303 -0.016099 -0.061392 -0.002588 0.997981
1305031121.482964 -0.058768 -0.147083 0.244943 -0.016415 -0.060895 -0.000302 0.998009
1305031121.514107 -0.063481 -0.150795 0.245772 -0.011809 -0.058021 -0.000058 0.998246
1305031121.547270 -0.062778 -0.157505 0.244199 -0.012851 -0.057842 0.000382 0.998243
1305031121.583204 -0.061460 -0.169734 0.249245 -0.015262 -0.057000 -0.000252 0.998257
1305031121.614700 -0.061819 -0.178113 0.252650 -0.014427 -0.055209 -0.001496 0.998369
1305031121.647183 -0.058859 -0.184185 0.252823 -0.013535 -0.051800 -0.003858 0.998558
1305031121.683200 -0.061800 -0.191157 0.254542 -0.015599 -0.047340 -0.005190 0.998744
1305031121.714520 -0.068284 -0.199553 0.257024 -0.016532 -0.044638 -0.004735 0.998855
1305031121.747145 -0.066487 -0.204985 0.257961 -0.018346 -0.045018 -0.004097 0.998809
1305031121.782835 -0.065379 -0.211901 0.262514 -0.020365 -0.045125 -0.001820 0.998772
1305031121.811540 -0.061873 -0.215865 0.264493 -0.021403 -0.044904 0.000137 0.998762
1305031121.847335 -0.062234 -0.219187 0.266828 -0.023341 -0.043278 0.002592 0.998787
1305031121.882060 -0.064219 -0.220937 0.268496 -0.025270 -0.042436 0.008854 0.998740
1305031121.914931 -0.064774 -0.222142 0.269183 -0.027425 -0.044058 0.011597 0.998585
1305031121.947288 -0.063960 -0.221225 0.270385 -0.027018 -0.046334 0.011049 0.998499
1305031121.982926 -0.060570 -0.219696 0.269641 -0.027633 -0.046936 0.010949 0.998456
1305031122.014256 -0.061371 -0.214903 0.268676 -0.027581 -0.046741 0.009096 0.998485
1305031122.047306 -0.061444 -0.208766 0.267172 -0.026199 -0.048117 0.005497 0.998483
1305031122.082959 -0.058701 -0.201963 0.263662 -0.025160 -0.049380 0.001752 0.998462
1305031122.114672 -0.058323 -0.190137 0.261014 -0.022660 -0.049701 -0.001928 0.998505
1305031122.150725 -0.056682 -0.181914 0.257768 -0.023440 -0.050448 -0.006939 0.998427
1305031122.183042 -0.054915 -0.170874 0.253546 -0.021224 -0.049795 -0.012020 0.998462
1305031122.214959 -0.055049 -0.146737 0.241957 -0.019724 -0.047793 -0.017042 0.998517
1305031122.251319 -0.056809 -0.142311 0.239785 -0.027126 -0.046654 -0.020706 0.998328
1305031122.283560 -0.058936 -0.128791 0.238569 -0.027699 -0.047385 -0.021825 0.998254
1305031122.314289 -0.059511 -0.106542 0.224962 -0.029681 -0.048868 -0.026349 0.998016
1305031122.351327 -0.063107 -0.097273 0.223900 -0.036588 -0.050325 -0.029456 0.997628
1305031122.382630 -0.064712 -0.085398 0.218285 -0.041330 -0.051985 -0.029734 0.997349
1305031122.414997 -0.068782 -0.079895 0.216704 -0.046408 -0.055225 -0.030920 0.996915
1305031122.451257 -0.072281 -0.068942 0.210930 -0.048575 -0.058782 -0.029927 0.996639
1305031122.483360 -0.068694 -0.057436 0.206647 -0.051191 -0.065341 -0.029093 0.996124
1305031122.515097 -0.070615 -0.048117 0.200037 -0.052873 -0.068172 -0.031359 0.995778
1305031122.551490 -0.067290 -0.036326 0.194796 -0.053750 -0.070052 -0.032913 0.995550
1305031122.583208 -0.068415 -0.027402 0.190714 -0.055468 -0.068297 -0.034433 0.995527
1305031122.614980 -0.074779 -0.020140 0.186497 -0.056982 -0.066428 -0.034213 0.995575
1305031122.648788 -0.072180 -0.010305 0.182021 -0.056114 -0.069496 -0.032526 0.995471
1305031122.683402 -0.075662 0.003023 0.175256 -0.054479 -0.069306 -0.031797 0.995599
1305031122.715208 -0.078300 0.013708 0.171574 -0.054203 -0.071229 -0.029261 0.995556
1305031122.751298 -0.074763 0.027679 0.166365 -0.053148 -0.074749 -0.028810 0.995368
1305031122.783423 -0.070699 0.042780 0.160508 -0.054917 -0.076490 -0.029263 0.995127
1305031122.812555 -0.071446 0.051768 0.158061 -0.059638 -0.075132 -0.030206 0.994930
1305031122.851418 -0.068042 0.057724 0.157236 -0.062981 -0.072266 -0.032627 0.994860
1305031122.883754 -0.067259 0.069106 0.154063 -0.065707 -0.066379 -0.031214 0.995139
1305031122.914571 -0.071894 0.074592 0.152697 -0.069920 -0.062492 -0.030391 0.995129
1305031122.951341 -0.074491 0.080414 0.151414 -0.071701 -0.061013 -0.029912 0.995109
1305031122.982815 -0.077392 0.092150 0.147114 -0.072011 -0.059908 -0.026755 0.995243
1305031123.015450 -0.077613 0.097539 0.144496 -0.075175 -0.060879 -0.024028 0.995020
1305031123.051827 -0.075955 0.103616 0.144388 -0.075015 -0.061177 -0.022358 0.995053
1305031123.082975 -0.075768 0.113730 0.139887 -0.074471 -0.060309 -0.019772 0.995201
1305031123.113873 -0.074865 0.127865 0.133337 -0.075090 -0.058986 -0.017517 0.995277
1305031123.150822 -0.074754 0.135384 0.132189 -0.078291 -0.058500 -0.017373 0.995061
1305031123.182155 -0.072006 0.144421 0.130124 -0.081052 -0.057366 -0.017104 0.994911
1305031123.214704 -0.067009 0.152841 0.128568 -0.085798 -0.054701 -0.017765 0.994651
1305031123.250618 -0.069053 0.167644 0.124657 -0.089886 -0.049732 -0.018474 0.994538
1305031123.282347 -0.069099 0.172946 0.125172 -0.100166 -0.046436 -0.016253 0.993754
1305031123.311327 -0.067422 0.181664 0.125267 -0.105518 -0.042776 -0.016151 0.993366
1305031123.350481 -0.066860 0.189404 0.124746 -0.110686 -0.038523 -0.015708 0.992984
1305031123.382255 -0.067934 0.199102 0.123676 -0.114830 -0.032978 -0.012226 0.992762
1305031123.411363 -0.066155 0.205615 0.124381 -0.118215 -0.028913 -0.010775 0.992509
1305031123.451255 -0.066388 0.214830 0.122745 -0.120044 -0.026211 -0.009152 0.992380
1305031123.483594 -0.067886 0.224044 0.119922 -0.123786 -0.023088 -0.004598 0.992030
1305031123.511360 -0.064914 0.230699 0.119784 -0.126791 -0.022628 -0.002159 0.991669
1305031123.551513 -0.065047 0.237889 0.118985 -0.128669 -0.022476 0.000299 0.991433
1305031123.579583 -0.063469 0.247268 0.117015 -0.129758 -0.022210 0.003692 0.991290
1305031123.611335 -0.060585 0.254067 0.115348 -0.131308 -0.021659 0.004737 0.991094
1305031123.652411 -0.058101 0.261431 0.113357 -0.135152 -0.020010 0.004147 0.990614
1305031123.683753 -0.057079 0.267633 0.112333 -0.139308 -0.016455 0.005502 0.990097
1305031123.711323 -0.055959 0.277314 0.110958 -0.141843 -0.013051 0.006344 0.989783
1305031123.751723 -0.058522 0.278454 0.112739 -0.146360 -0.009770 0.008949 0.989143
1305031123.783858 -0.059598 0.279745 0.113133 -0.148732 -0.009675 0.010577 0.988774
1305031123.811608 -0.057921 0.284190 0.111790 -0.148262 -0.010583 0.011649 0.988823
1305031123.851444 -0.058466 0.284156 0.111861 -0.149643 -0.010450 0.014112 0.988584
1305031123.883786 -0.061434 0.285002 0.113245 -0.147906 -0.010632 0.013669 0.988850
1305031123.911243 -0.060365 0.280285 0.113325 -0.146499 -0.012449 0.013821 0.989036
1305031123.951442 -0.056946 0.277266 0.112046 -0.147625 -0.014577 0.015728 0.988811
1305031123.983415 -0.060171 0.276351 0.115322 -0.146973 -0.015631 0.017657 0.988859
1305031124.011302 -0.062548 0.267230 0.119558 -0.143501 -0.018830 0.017186 0.989322
1305031124.051505 -0.063369 0.261933 0.119820 -0.139594 -0.021471 0.018146 0.989810
1305031124.083837 -0.062545 0.254931 0.122511 -0.138734 -0.024815 0.018540 0.989845
1305031124.111331 -0.061919 0.247386 0.128026 -0.131854 -0.028258 0.017089 0.990719
1305031124.147446 -0.059867 0.242159 0.128649 -0.126300 -0.030667 0.015518 0.991397
1305031124.182694 -0.060119 0.232673 0.132310 -0.125463 -0.031770 0.013062 0.991503
1305031124.211396 -0.060501 0.222936 0.137452 -0.119177 -0.033033 0.011159 0.992261
1305031124.249327 -0.064063 0.218219 0.138023 -0.112564 -0.032920 0.011311 0.993035
1305031124.282545 -0.062780 0.207065 0.140942 -0.113740 -0.038212 0.011608 0.992708
1305031124.311361 -0.063511 0.198253 0.145974 -0.108765 -0.042059 0.011733 0.993108
1305031124.350354 -0.061839 0.188075 0.148151 -0.104494 -0.046209 0.010273 0.993398
1305031124.382420 -0.060440 0.178056 0.150243 -0.100778 -0.048883 0.009195 0.993665
1305031124.411439 -0.060568 0.166467 0.153700 -0.095979 -0.050412 0.008621 0.994069
1305031124.450245 -0.059129 0.152807 0.156264 -0.090648 -0.052365 0.006671 0.994483
1305031124.480099 -0.061441 0.141460 0.158265 -0.084151 -0.052636 0.004317 0.995052
1305031124.511324 -0.060567 0.130280 0.160038 -0.078207 -0.054997 0.002409 0.995416
1305031124.550437 -0.061630 0.121881 0.161170 -0.072742 -0.056250 -0.000136 0.995763
1305031124.579404 -0.064187 0.111053 0.164458 -0.068296 -0.057863 -0.002920 0.995981
1305031124.611358 -0.064413 0.098728 0.167650 -0.063627 -0.060300 -0.004521 0.996140
1305031124.651271 -0.061852 0.087278 0.170805 -0.059944 -0.063810 -0.005818 0.996143
1305031124.679362 -0.061621 0.072880 0.175324 -0.056675 -0.065625 -0.007898 0.996202
1305031124.711251 -0.059333 0.062590 0.177827 -0.051985 -0.066571 -0.009510 0.996381
1305031124.749890 -0.058984 0.050817 0.182571 -0.049595 -0.067133 -0.010621 0.996454
1305031124.779365 -0.063228 0.037518 0.186843 -0.046639 -0.066716 -0.012043 0.996609
1305031124.811360 -0.056747 0.028882 0.191007 -0.043592 -0.070508 -0.011140 0.996496
1305031124.850535 -0.057048 0.015569 0.198622 -0.043781 -0.071973 -0.011528 0.996379
1305031124.879355 -0.054120 0.002485 0.205338 -0.041364 -0.073022 -0.012716 0.996391
1305031124.911448 -0.052916 -0.006665 0.207867 -0.040105 -0.070790 -0.011753 0.996615
1305031124.950730 -0.052946 -0.014220 0.212001 -0.041163 -0.069282 -0.012223 0.996673
1305031124.979438 -0.058565 -0.037517 0.222879 -0.043607 -0.067043 -0.011500 0.996730
1305031125.011454 -0.062577 -0.048332 0.228438 -0.039504 -0.068446 -0.009976 0.996822
1305031125.050763 -0.057528 -0.051445 0.232155 -0.035055 -0.072316 -0.009375 0.996721
1305031125.079364 -0.057731 -0.062068 0.236610 -0.035968 -0.071253 -0.006183 0.996790
1305031125.111364 -0.059457 -0.073072 0.242934 -0.035225 -0.072040 -0.004656 0.996769
1305031125.151013 -0.056400 -0.086844 0.248709 -0.033123 -0.073778 -0.005802 0.996708
1305031125.179353 -0.055143 -0.087947 0.246874 -0.031876 -0.071405 -0.004364 0.996928
1305031125.211320 -0.058752 -0.098121 0.250553 -0.034461 -0.068923 -0.004750 0.997015
1305031125.250632 -0.060571 -0.115571 0.258932 -0.035072 -0.068978 -0.006952 0.996977
1305031125.279467 -0.060105 -0.118336 0.259860 -0.031078 -0.069144 -0.007594 0.997094
1305031125.311493 -0.064415 -0.129767 0.260672 -0.031177 -0.065840 -0.008691 0.997305
1305031125.348880 -0.064302 -0.136057 0.263311 -0.027680 -0.064997 -0.010601 0.997445
1305031125.379401 -0.062181 -0.139696 0.263531 -0.026762 -0.063378 -0.015280 0.997514
1305031125.411335 -0.060161 -0.146857 0.268323 -0.027605 -0.057883 -0.015930 0.997815
1305031125.451195 -0.061643 -0.151757 0.268280 -0.029910 -0.052154 -0.018044 0.998028
1305031125.479424 -0.063275 -0.161999 0.274612 -0.030752 -0.047930 -0.019412 0.998188
1305031125.511316 -0.062903 -0.162272 0.274769 -0.029480 -0.044326 -0.020173 0.998378
1305031125.551020 -0.063234 -0.165626 0.275820 -0.030430 -0.041103 -0.022228 0.998444
1305031125.579308 -0.062269 -0.168272 0.275888 -0.032055 -0.037792 -0.024640 0.998467
1305031125.611533 -0.065272 -0.172279 0.277567 -0.031653 -0.033565 -0.024814 0.998627
1305031125.650575 -0.073006 -0.173261 0.275784 -0.027044 -0.031141 -0.021828 0.998911
1305031125.679328 -0.072838 -0.167163 0.270200 -0.022358 -0.035743 -0.020402 0.998903
1305031125.711443 -0.072478 -0.166819 0.269159 -0.021016 -0.041330 -0.019050 0.998743
1305031125.751260 -0.066771 -0.155988 0.264071 -0.015446 -0.045257 -0.017104 0.998710
1305031125.779348 -0.063631 -0.148079 0.258025 -0.015197 -0.046887 -0.019525 0.998594
1305031125.811573 -0.062152 -0.139558 0.253132 -0.014771 -0.046370 -0.020945 0.998595
1305031125.847412 -0.063660 -0.132688 0.248848 -0.017133 -0.044176 -0.023062 0.998611
1305031125.879318 -0.066708 -0.123024 0.245316 -0.016819 -0.044140 -0.023866 0.998599
1305031125.911305 -0.068536 -0.106397 0.238451 -0.018078 -0.046825 -0.022408 0.998488
1305031125.947343 -0.073541 -0.101008 0.238358 -0.022374 -0.052431 -0.020165 0.998170
1305031125.979324 -0.070127 -0.090038 0.234852 -0.023043 -0.061022 -0.015954 0.997743
1305031126.011333 -0.067339 -0.076319 0.229037 -0.024222 -0.066655 -0.017106 0.997335
1305031126.047324 -0.059723 -0.058831 0.225943 -0.025353 -0.070218 -0.015951 0.997082
1305031126.079356 -0.058836 -0.048230 0.222073 -0.030291 -0.068559 -0.015018 0.997074
1305031126.111370 -0.058486 -0.040221 0.221092 -0.035304 -0.067703 -0.015951 0.996953
1305031126.147432 -0.057878 -0.023403 0.216838 -0.036697 -0.066478 -0.013726 0.997018
1305031126.179384 -0.057285 -0.005126 0.212670 -0.041088 -0.066701 -0.013123 0.996840
1305031126.211319 -0.057703 0.001544 0.214791 -0.047349 -0.067038 -0.013427 0.996536
1305031126.247298 -0.053686 0.014738 0.211771 -0.050696 -0.067006 -0.013019 0.996379
1305031126.279363 -0.053647 0.028367 0.209013 -0.054146 -0.064973 -0.014392 0.996313
1305031126.311332 -0.051040 0.042255 0.205903 -0.058157 -0.062568 -0.015621 0.996222
1305031126.347363 -0.050046 0.050437 0.204707 -0.063822 -0.059243 -0.017147 0.996054
1305031126.379423 -0.052593 0.061959 0.201535 -0.067369 -0.055255 -0.018597 0.996023
1305031126.411465 -0.054376 0.073346 0.197510 -0.071715 -0.052772 -0.020589 0.995815
1305031126.447361 -0.055084 0.080844 0.196622 -0.076886 -0.051213 -0.019734 0.995528
1305031126.479533 -0.056839 0.089316 0.193480 -0.079908 -0.050805 -0.017069 0.995360
1305031126.511410 -0.056409 0.105104 0.187739 -0.081065 -0.052513 -0.015741 0.995200
1305031126.547374 -0.054161 0.114086 0.185799 -0.087127 -0.053255 -0.015116 0.994658
1305031126.579454 -0.051508 0.119179 0.184792 -0.093551 -0.051867 -0.013059 0.994177
1305031126.611528 -0.051891 0.128825 0.182495 -0.097962 -0.049686 -0.012073 0.993876
1305031126.647376 -0.049723 0.131528 0.184280 -0.103784 -0.048641 -0.009778 0.993362
1305031126.679479 -0.048743 0.135585 0.182442 -0.106963 -0.046673 -0.005338 0.993153
1305031126.711583 -0.049085 0.142582 0.178539 -0.109117 -0.044328 -0.002731 0.993036
1305031126.747316 -0.046998 0.144548 0.179168 -0.111058 -0.043449 0.000355 0.992864
1305031126.779379 -0.046561 0.149830 0.176068 -0.110701 -0.042250 0.003522 0.992949
1305031126.811602 -0.041705 0.153293 0.174044 -0.111186 -0.041712 0.003936 0.992916
1305031126.847343 -0.041512 0.157496 0.171000 -0.111059 -0.037516 0.004459 0.993095
1305031126.879357 -0.040613 0.159417 0.169790 -0.112106 -0.035799 0.005173 0.993038
1305031126.911364 -0.038262 0.160213 0.168543 -0.112684 -0.034516 0.004479 0.993021
1305031126.947437 -0.041149 0.164903 0.165822 -0.111539 -0.031905 0.006209 0.993228
1305031126.979337 -0.039914 0.162287 0.166293 -0.113266 -0.033372 0.007396 0.992977
1305031127.011371 -0.039455 0.160745 0.166373 -0.112509 -0.034447 0.007770 0.993023
1305031127.047297 -0.040079 0.162150 0.165195 -0.111053 -0.034357 0.008595 0.993183
1305031127.079299 -0.039639 0.161559 0.165869 -0.111453 -0.035115 0.009012 0.993108
1305031127.111435 -0.041735 0.160788 0.166158 -0.110816 -0.036604 0.009957 0.993117
1305031127.147307 -0.042679 0.156799 0.167303 -0.110388 -0.039702 0.010480 0.993040
1305031127.179349 -0.042258 0.156743 0.167392 -0.107707 -0.042837 0.009774 0.993211
1305031127.211700 -0.040950 0.153716 0.168393 -0.107638 -0.044688 0.009385 0.993141
1305031127.247374 -0.040869 0.151046 0.169944 -0.105410 -0.044939 0.008545 0.993376
1305031127.279465 -0.040689 0.151095 0.170508 -0.102313 -0.045490 0.007920 0.993680
1305031127.311362 -0.042599 0.149560 0.171236 -0.102220 -0.045682 0.007055 0.993687
1305031127.347356 -0.043745 0.143520 0.174771 -0.101292 -0.046978 0.006406 0.993726
1305031127.379262 -0.044302 0.143433 0.175501 -0.098032 -0.047973 0.006012 0.994008
1305031127.411371 -0.044115 0.141167 0.176772 -0.098153 -0.049398 0.005546 0.993929
1305031127.447333 -0.045040 0.135826 0.180195 -0.098281 -0.050554 0.005152 0.993860
1305031127.479362 -0.044295 0.135832 0.180962 -0.096080 -0.052146 0.004730 0.993995
1305031127.511356 -0.045377 0.136228 0.181819 -0.096278 -0.053013 0.003618 0.993935
1305031127.547348 -0.046537 0.132633 0.184419 -0.096524 -0.053599 0.003465 0.993880
1305031127.579345 -0.045902 0.132316 0.185672 -0.094686 -0.054573 0.003460 0.994004
1305031127.611271 -0.046246 0.133917 0.185977 -0.094255 -0.055003 0.003379 0.994022
1305031127.647358 -0.045849 0.129345 0.188638 -0.096398 -0.055585 0.004467 0.993780
1305031127.679298 -0.045314 0.127741 0.189613 -0.095110 -0.056447 0.005484 0.993850
1305031127.711375 -0.044919 0.130486 0.188648 -0.093415 -0.057494 0.005110 0.993953
1305031127.747304 -0.044913 0.128393 0.190144 -0.094935 -0.057967 0.005189 0.993781
1305031127.779346 -0.046518 0.125112 0.191163 -0.094675 -0.057453 0.005085 0.993836
1305031127.811829 -0.046265 0.125493 0.189977 -0.093064 -0.058025 0.003957 0.993960
1305031127.847366 -0.047432 0.125157 0.189806 -0.093110 -0.057595 0.003026 0.993984
1305031127.879380 -0.048623 0.123356 0.190410 -0.093636 -0.057608 0.002615 0.993935
1305031127.911476 -0.049831 0.124447 0.190218 -0.092557 -0.058089 0.001995 0.994010
1305031127.947366 -0.049095 0.125418 0.190363 -0.092951 -0.059314 0.002354 0.993900
1305031127.979371 -0.051678 0.126362 0.190790 -0.093597 -0.058877 0.001901 0.993866
1305031128.011427 -0.049448 0.125080 0.193462 -0.095376 -0.060018 0.001804 0.993629
1305031128.047369 -0.050200 0.123405 0.195837 -0.098004 -0.058481 0.002409 0.993463
1305031128.079334 -0.049652 0.119744 0.198463 -0.098962 -0.058596 0.003820 0.993357
1305031128.111391 -0.048228 0.118449 0.200707 -0.098915 -0.059539 0.005088 0.993300
1305031128.147418 -0.047735 0.117661 0.201526 -0.099747 -0.059778 0.006542 0.993194
1305031128.179350 -0.048211 0.115112 0.203573 -0.099220 -0.059410 0.007374 0.993263
1305031128.211447 -0.046457 0.115669 0.204441 -0.097291 -0.060438 0.008092 0.993386
1305031128.247480 -0.045842 0.115651 0.203929 -0.097752 -0.061116 0.008761 0.993294
1305031128.279336 -0.047062 0.112691 0.205973 -0.098756 -0.061009 0.008811 0.993201
1305031128.311483 -0.046896 0.113915 0.204864 -0.096865 -0.061105 0.007997 0.993388
1305031128.347423 -0.046853 0.114293 0.204587 -0.096698 -0.061359 0.007308 0.993394
1305031128.379404 -0.047844 0.112934 0.205208 -0.097216 -0.061432 0.005692 0.993349
1305031128.411337 -0.048608 0.111719 0.204585 -0.096772 -0.061174 0.004420 0.993415
1305031128.447296 -0.049262 0.112725 0.204000 -0.095738 -0.061045 0.003043 0.993528
1305031128.479296 -0.050063 0.111441 0.204197 -0.096284 -0.060916 0.001996 0.993486
1305031128.511433 -0.049037 0.110219 0.204362 -0.096304 -0.061315 0.001565 0.993460
1305031128.547399 -0.049126 0.111238 0.204204 -0.095624 -0.060790 0.000949 0.993559
1305031128.579455 -0.049795 0.108268 0.204541 -0.095994 -0.059820 0.000583 0.993583
1305031128.611395 -0.049896 0.106831 0.204381 -0.095370 -0.060091 0.001092 0.993626
1305031128.647352 -0.052228 0.108236 0.202908 -0.094112 -0.060290 0.001267 0.993734
