# TF Coordinate Frame ID: openni_rgb_optical_frame(data: openni_rgb_optical_frame)
1305031102.175304 -0.001122 -0.003739 -0.000263 -0.000713 0.000772 -0.002732 0.999996
1305031102.211214 0.003080 0.003799 0.008268 -0.003133 -0.003553 -0.002689 0.999985
1305031102.243211 -0.002203 0.007188 0.016949 -0.008053 -0.005240 -0.003076 0.999949
1305031102.275326 -0.002737 0.006316 0.033599 -0.013110 -0.008249 -0.002964 0.999876
1305031102.311267 -0.002973 0.003330 0.046862 -0.019021 -0.010406 -0.002232 0.999762
1305031102.343233 -0.008035 0.002389 0.060961 -0.021521 -0.010668 -0.001431 0.999710
1305031102.375329 -0.002925 0.004158 0.074146 -0.023878 -0.014654 -0.000021 0.999607
1305031102.411258 -0.008317 0.005310 0.085272 -0.025759 -0.015896 -0.001710 0.999540
1305031102.443271 -0.006735 0.016448 0.091595 -0.027216 -0.019100 -0.001686 0.999446
1305031102.475318 -0.003736 0.014802 0.103012 -0.035958 -0.022150 -0.001480 0.999107
1305031102.511219 -0.002784 0.019620 0.139942 -0.039803 -0.024571 -0.002077 0.998903
1305031102.575286 -0.000668 0.008116 0.150676 -0.049606 -0.021051 -0.006290 0.998527
1305031102.611233 -0.002600 0.005294 0.172213 -0.048185 -0.018623 -0.005085 0.998652
1305031102.643265 -0.009176 0.012053 0.178383 -0.044828 -0.015962 -0.004839 0.998855
1305031102.675285 -0.011857 0.015254 0.182556 -0.045689 -0.015370 -0.004031 0.998829
1305031102.711263 -0.012993 0.014948 0.195722 -0.047062 -0.015402 -0.003357 0.998768
1305031102.743234 -0.010085 0.023668 0.206967 -0.045786 -0.016847 -0.001038 0.998809
1305031102.775472 -0.007755 0.021581 0.215383 -0.049467 -0.015065 -0.002747 0.998658
1305031102.811232 -0.008020 0.024118 0.232139 -0.051127 -0.012392 -0.003886 0.998608
1305031102.843290 -0.009475 0.026987 0.242809 -0.051972 -0.007910 -0.004611 0.998607
1305031102.875363 -0.014046 0.029348 0.257421 -0.051548 -0.003708 -0.008166 0.998630
1305031102.911185 -0.014352 0.032562 0.269991 -0.050884 -0.002790 -0.008726 0.998663
1305031102.943229 -0.022222 0.035870 0.280077 -0.050305 -0.000223 -0.010926 0.998674
1305031102.975203 -0.030718 0.040122 0.292318 -0.049677 -0.003893 -0.012028 0.998685
1305031103.011215 -0.031937 0.045069 0.304338 -0.049951 -0.009922 -0.009485 0.998657
1305031103.043227 -0.032244 0.048586 0.314454 -0.051515 -0.016185 -0.006751 0.998518
1305031103.075319 -0.026463 0.049460 0.330252 -0.051754 -0.022039 -0.004021 0.998409
1305031103.111240 -0.027761 0.055228 0.338699 -0.049689 -0.021080 -0.003085 0.998537
1305031103.143318 -0.027629 0.057270 0.344355 -0.052084 -0.021207 -0.000761 0.998417
1305031103.175452 -0.026174 0.063530 0.352904 -0.051192 -0.020270 -0.000158 0.998483
1305031103.211220 -0.025826 0.073495 0.375725 -0.054344 -0.022798 0.002510 0.998259
1305031103.275370 -0.041283 0.069237 0.370567 -0.074345 -0.014863 0.006230 0.997102
1305031103.311210 -0.041271 0.067391 0.385860 -0.081444 -0.026131 0.007097 0.996310
1305031103.343223 -0.027409 0.071783 0.393205 -0.080706 -0.037677 0.009627 0.995979
1305031103.375327 -0.026328 0.070986 0.395919 -0.084877 -0.036092 0.011276 0.995674
1305031103.411260 -0.027750 0.070084 0.397501 -0.085443 -0.035626 0.012828 0.995623
1305031103.443280 -0.025720 0.068055 0.396980 -0.085612 -0.040911 0.012750 0.995407
1305031103.475274 -0.024908 0.065859 0.395890 -0.085390 -0.044060 0.011211 0.995310
1305031103.511333 -0.021028 0.062873 0.394617 -0.082919 -0.048631 0.009780 0.995321
1305031103.543444 -0.021663 0.058388 0.389259 -0.079320 -0.049452 0.007768 0.995591
1305031103.575474 -0.024228 0.056637 0.381369 -0.073915 -0.049933 0.007617 0.995985
1305031103.611223 -0.026095 0.053088 0.369259 -0.071060 -0.052730 0.008854 0.996038
1305031103.643445 -0.025976 0.048453 0.360755 -0.068813 -0.056346 0.009630 0.995991
1305031103.675523 -0.021560 0.044476 0.351043 -0.066539 -0.060541 0.010344 0.995892
1305031103.711610 -0.016176 0.041513 0.341946 -0.064074 -0.063812 0.011231 0.995840
1305031103.743326 -0.014198 0.035528 0.330336 -0.062025 -0.063737 0.009827 0.995989
1305031103.775342 -0.013691 0.031765 0.316299 -0.059464 -0.063128 0.006525 0.996211
1305031103.811242 -0.014145 0.030950 0.297133 -0.058660 -0.060196 0.003747 0.996454
1305031103.843251 -0.018451 0.030629 0.275929 -0.061177 -0.058203 0.000255 0.996429
1305031103.875361 -0.018521 0.023076 0.267100 -0.067747 -0.061462 -0.002030 0.995805
1305031103.911221 -0.019597 0.017057 0.262093 -0.067146 -0.065678 -0.004330 0.995570
1305031103.943211 -0.014020 0.015257 0.250698 -0.064285 -0.070275 -0.004526 0.995444
1305031103.975373 -0.010991 0.010318 0.237354 -0.062511 -0.073246 -0.004927 0.995341
1305031104.011232 -0.004295 0.000968 0.227266 -0.060533 -0.075769 -0.006487 0.995265
1305031104.043249 0.002151 -0.006893 0.216668 -0.055880 -0.074318 -0.007667 0.995638
1305031104.075425 0.007269 -0.006412 0.196254 -0.049685 -0.070013 -0.010621 0.996251
1305031104.111235 0.011429 -0.010791 0.181643 -0.046972 -0.064536 -0.011255 0.996746
1305031104.143230 0.009409 -0.017874 0.168055 -0.043825 -0.057856 -0.012004 0.997290
1305031104.175424 0.009917 -0.021547 0.155072 -0.039791 -0.054550 -0.012987 0.997633
1305031104.211283 0.008688 -0.023295 0.141660 -0.035294 -0.051320 -0.013429 0.997968
1305031104.243196 0.012866 -0.027839 0.129474 -0.031553 -0.050144 -0.012863 0.998161
1305031104.275546 0.015914 -0.029417 0.117960 -0.027010 -0.048248 -0.012866 0.998387
1305031104.311219 0.018482 -0.031766 0.102766 -0.022644 -0.044757 -0.013310 0.998653
1305031104.343342 0.017001 -0.031122 0.087128 -0.018647 -0.039778 -0.014158 0.998934
1305031104.375837 0.012854 -0.031612 0.069383 -0.015952 -0.032838 -0.015059 0.999220
1305031104.411509 0.013155 -0.031534 0.057042 -0.014479 -0.028397 -0.013239 0.999404
1305031104.443288 0.003030 -0.029790 0.044566 -0.012839 -0.024267 -0.014322 0.999520
1305031104.475456 -0.001345 -0.030049 0.034088 -0.013284 -0.024646 -0.014051 0.999509
1305031104.511329 -0.001676 -0.036639 0.029951 -0.014167 -0.027059 -0.012266 0.999458
1305031104.543368 0.003228 -0.039084 0.026923 -0.011818 -0.032119 -0.009917 0.999365
1305031104.575343 0.013402 -0.042221 0.023946 -0.006661 -0.033808 -0.008006 0.999374
1305031104.611336 0.018180 -0.051086 0.027498 0.001557 -0.030554 -0.006565 0.999510
1305031104.643243 0.022654 -0.049007 0.016097 0.014427 -0.024052 -0.006994 0.999582
1305031104.675525 0.026797 -0.042755 0.008459 0.028649 -0.016668 -0.005626 0.999435
1305031104.711277 0.023563 -0.049500 -0.001922 0.041356 -0.007146 -0.003754 0.999112
1305031104.743280 0.023288 -0.045091 -0.015269 0.055666 0.000280 -0.001736 0.998448
1305031104.775327 0.025477 -0.041663 -0.025554 0.068322 0.007344 0.000365 0.997636
1305031104.811465 0.025887 -0.039950 -0.038285 0.079860 0.014878 0.003561 0.996689
1305031104.843258 0.025484 -0.035491 -0.053636 0.087826 0.022420 0.004963 0.995871
1305031104.875350 0.019562 -0.031351 -0.065746 0.094602 0.028221 0.007326 0.995088
1305031104.911534 0.022450 -0.036513 -0.081338 0.094561 0.028514 0.009075 0.995069
1305031104.943262 0.024933 -0.035452 -0.088997 0.094695 0.029589 0.009037 0.995026
1305031104.975202 0.021878 -0.028490 -0.094628 0.095401 0.030040 0.009102 0.994944
1305031105.011290 0.024678 -0.021452 -0.097943 0.091387 0.028155 0.009251 0.995374
1305031105.043373 0.025425 -0.022163 -0.092953 0.084756 0.027531 0.007956 0.995990
1305031105.075320 0.020984 -0.019533 -0.088947 0.078192 0.027625 0.005884 0.996538
1305031105.111299 0.017012 -0.020825 -0.077204 0.071787 0.027884 0.003963 0.997022
1305031105.143106 0.012270 -0.011260 -0.066965 0.067589 0.025807 0.001218 0.997379
1305031105.175159 0.013989 -0.005352 -0.061203 0.055288 0.021944 -0.001281 0.998228
1305031105.211268 0.003456 -0.012633 -0.043950 0.041959 0.020776 -0.004048 0.998895
1305031105.243270 -0.003350 -0.011922 -0.023612 0.032872 0.016045 -0.006503 0.999310
1305031105.275288 -0.008889 -0.006727 -0.011559 0.023724 0.010382 -0.008394 0.999629
1305031105.311290 -0.012829 -0.009051 0.007555 0.012892 0.003882 -0.008592 0.999872
1305031105.343302 -0.014211 -0.015893 0.025952 0.002543 -0.002436 -0.009471 0.999949
1305031105.375338 -0.013231 -0.020156 0.046850 -0.003220 -0.009023 -0.008312 0.999920
1305031105.411286 -0.012703 -0.012843 0.056043 -0.006981 -0.014411 -0.009113 0.999830
1305031105.443316 -0.014817 -0.014012 0.071570 -0.014010 -0.017722 -0.009181 0.999703
1305031105.475280 -0.017987 -0.015862 0.088471 -0.018485 -0.021142 -0.010505 0.999550
1305031105.511332 -0.016445 -0.013987 0.099784 -0.022827 -0.024147 -0.010606 0.999391
1305031105.543282 -0.017549 -0.015205 0.116302 -0.027618 -0.024855 -0.009580 0.999264
1305031105.575449 -0.019678 -0.015080 0.129837 -0.031185 -0.025677 -0.010369 0.999130
1305031105.611378 -0.017638 -0.015414 0.147937 -0.034054 -0.027876 -0.009492 0.998986
1305031105.643273 -0.020148 -0.016204 0.165475 -0.036121 -0.028019 -0.006485 0.998934
1305031105.675166 -0.020835 -0.013467 0.173686 -0.036893 -0.028246 -0.007089 0.998895
1305031105.711309 -0.013422 -0.016658 0.195889 -0.038013 -0.028810 -0.006160 0.998843
1305031105.743312 -0.010819 -0.013136 0.210070 -0.036754 -0.025783 -0.004894 0.998980
1305031105.775339 -0.006794 -0.009612 0.222537 -0.036054 -0.022108 -0.005091 0.999092
1305031105.811283 -0.009603 -0.008542 0.238451 -0.034956 -0.016161 -0.004408 0.999248
1305031105.843271 -0.007988 -0.005284 0.254290 -0.032668 -0.012721 -0.004255 0.999376
1305031105.875337 -0.010079 0.000636 0.262200 -0.031357 -0.005924 -0.002692 0.999487
1305031105.911262 -0.010607 0.002047 0.273347 -0.035125 -0.001267 0.001727 0.999381
1305031105.943272 -0.011083 0.006422 0.286272 -0.037503 0.002576 0.004421 0.999283
1305031105.975329 -0.009816 0.010275 0.297284 -0.042554 0.004607 0.005990 0.999066
1305031106.011285 -0.008385 0.013458 0.308546 -0.047356 0.006633 0.008141 0.998823
1305031106.043355 -0.011004 0.018767 0.321219 -0.050917 0.009964 0.008782 0.998615
1305031106.075330 -0.012979 0.022879 0.333427 -0.055211 0.011194 0.010554 0.998356
1305031106.111327 -0.016755 0.030451 0.345955 -0.059140 0.012715 0.011473 0.998103
1305031106.143355 -0.019274 0.035194 0.357134 -0.064580 0.011667 0.012608 0.997765
1305031106.175534 -0.019525 0.035285 0.368753 -0.069857 0.009697 0.013546 0.997418
1305031106.211275 -0.018758 0.037863 0.379993 -0.073030 0.006847 0.015571 0.997185
1305031106.243267 -0.020489 0.039483 0.391868 -0.073580 0.005346 0.018051 0.997112
1305031106.276385 -0.021703 0.046001 0.396241 -0.073603 0.004283 0.019713 0.997084
1305031106.311238 -0.023528 0.049918 0.401171 -0.076904 0.003830 0.022577 0.996775
1305031106.343258 -0.027493 0.056163 0.407860 -0.081369 0.004285 0.021870 0.996435
1305031106.375388 -0.023082 0.057148 0.413180 -0.091071 0.002211 0.015382 0.995723
1305031106.411320 -0.017538 0.053370 0.419520 -0.098199 0.004175 0.010729 0.995100
1305031106.443278 -0.018761 0.052999 0.423988 -0.098709 0.006154 0.007341 0.995070
1305031106.475345 -0.021108 0.050332 0.420178 -0.099171 0.006296 0.007020 0.995026
1305031106.511129 -0.021713 0.050372 0.416959 -0.095287 0.001931 0.006909 0.995424
1305031106.543302 -0.021609 0.051215 0.409235 -0.089789 -0.002316 0.005635 0.995942
1305031106.575282 -0.019028 0.047026 0.401207 -0.087947 -0.006055 0.004567 0.996096
1305031106.611151 -0.023127 0.045806 0.388703 -0.087297 -0.007229 0.001722 0.996155
1305031106.643207 -0.020742 0.040711 0.381375 -0.087886 -0.011708 0.000077 0.996062
1305031106.675279 -0.025271 0.040604 0.367671 -0.084157 -0.013086 -0.000587 0.996366
1305031106.711508 -0.027933 0.036551 0.353445 -0.086054 -0.017763 -0.001302 0.996131
1305031106.743341 -0.027489 0.031672 0.343188 -0.085617 -0.025497 -0.001402 0.996001
1305031106.775390 -0.024260 0.028887 0.329639 -0.084395 -0.033312 -0.001612 0.995874
1305031106.811289 -0.024828 0.029179 0.311938 -0.083420 -0.036336 -0.001509 0.995851
1305031106.843416 -0.024178 0.020749 0.299805 -0.085615 -0.040519 -0.002452 0.995501
1305031106.875905 -0.019730 0.014438 0.288816 -0.081063 -0.045411 -0.005776 0.995657
1305031106.911243 -0.012625 0.013625 0.272011 -0.077733 -0.048288 -0.008889 0.995764
1305031106.943439 -0.010909 0.004921 0.254308 -0.077561 -0.047059 -0.012443 0.995799
1305031106.975547 -0.011547 -0.000211 0.241953 -0.070982 -0.044743 -0.016088 0.996344
1305031107.011576 -0.005128 -0.003391 0.223574 -0.066048 -0.044740 -0.018534 0.996641
1305031107.043281 -0.011592 -0.000432 0.198780 -0.061661 -0.038124 -0.021606 0.997135
1305031107.075432 -0.015508 -0.011387 0.192703 -0.060540 -0.037148 -0.022674 0.997217
1305031107.111229 -0.013380 -0.012218 0.174006 -0.054914 -0.037950 -0.023959 0.997482
1305031107.143260 -0.008788 -0.012029 0.154056 -0.051967 -0.037860 -0.023241 0.997660
1305031107.175399 -0.009402 -0.018093 0.142593 -0.050687 -0.035800 -0.024281 0.997777
1305031107.211358 -0.009706 -0.025324 0.134408 -0.045380 -0.033304 -0.026817 0.998054
1305031107.243378 -0.003150 -0.024154 0.123671 -0.038251 -0.032179 -0.026258 0.998405
1305031107.275398 -0.001535 -0.029232 0.110335 -0.033014 -0.029045 -0.026713 0.998676
1305031107.311226 0.000582 -0.036641 0.098066 -0.027325 -0.025442 -0.026527 0.998951
1305031107.343509 0.001846 -0.039418 0.089119 -0.015493 -0.021558 -0.028210 0.999249
1305031107.375413 0.002966 -0.037634 0.073937 -0.005813 -0.015590 -0.027753 0.999476
1305031107.411271 0.005087 -0.038896 0.060520 0.000819 -0.010583 -0.028807 0.999529
1305031107.443419 0.007080 -0.041896 0.047432 0.005045 -0.005307 -0.028730 0.999560
1305031107.475377 0.008818 -0.038870 0.040307 0.010350 -0.000091 -0.027429 0.999570
1305031107.511352 0.009177 -0.030751 0.031753 0.014036 0.004457 -0.027463 0.999514
1305031107.543605 0.010896 -0.032325 0.020043 0.011364 0.007999 -0.026323 0.999557
1305031107.575454 0.012681 -0.038287 0.028390 0.009382 0.009673 -0.022786 0.999650
1305031107.611271 0.014707 -0.033316 0.023481 0.010838 0.011413 -0.021313 0.999649
1305031107.643323 0.016937 -0.030243 0.019279 0.008396 0.013080 -0.020605 0.999667
1305031107.675568 0.014193 -0.031418 0.024634 0.006439 0.014330 -0.020043 0.999676
1305031107.711307 0.011834 -0.026136 0.025079 0.006555 0.015016 -0.019665 0.999672
1305031107.743538 0.010199 -0.020875 0.021858 0.004053 0.014349 -0.018784 0.999712
1305031107.775802 0.010524 -0.023426 0.026505 0.000307 0.011251 -0.020141 0.999734
1305031107.811596 0.013581 -0.022432 0.029134 -0.001864 0.008516 -0.020112 0.999760
1305031107.843332 0.014535 -0.017066 0.029640 -0.002617 0.008474 -0.020837 0.999744
1305031107.875358 0.020816 -0.022518 0.036718 -0.005225 0.008017 -0.024358 0.999657
1305031107.911541 0.023693 -0.021642 0.042329 -0.004289 0.010464 -0.026763 0.999578
1305031107.943122 0.028313 -0.024163 0.049387 -0.002932 0.014087 -0.027722 0.999512
1305031107.975807 0.032313 -0.026227 0.051358 -0.001220 0.018659 -0.027408 0.999449
1305031108.011320 0.042728 -0.028514 0.052211 0.001504 0.023163 -0.028311 0.999330
1305031108.043418 0.053666 -0.024611 0.050710 0.005525 0.029380 -0.028339 0.999151
1305031108.075352 0.066465 -0.024561 0.050295 0.007188 0.037567 -0.022419 0.999017
1305031108.111378 0.070283 -0.026569 0.054071 0.009280 0.045787 -0.022466 0.998655
1305031108.143334 0.081877 -0.023092 0.054979 0.012353 0.049764 -0.022266 0.998436
1305031108.176058 0.097280 -0.016945 0.051867 0.011588 0.052009 -0.018323 0.998411
1305031108.211475 0.109292 -0.017637 0.053653 0.006497 0.052795 -0.017409 0.998433
1305031108.243347 0.124942 -0.022373 0.063116 0.004711 0.054823 -0.020132 0.998282
1305031108.275358 0.135710 -0.018509 0.063258 0.005930 0.058926 -0.020268 0.998039
1305031108.311332 0.140373 -0.014457 0.062946 0.002566 0.062444 -0.019241 0.997860
1305031108.343278 0.149126 -0.012876 0.065446 -0.003083 0.061614 -0.016978 0.997951
1305031108.375410 0.152619 -0.010575 0.070657 -0.007530 0.060780 -0.012250 0.998048
1305031108.411361 0.167453 -0.013649 0.074387 -0.014690 0.055690 -0.006276 0.998320
1305031108.443610 0.182604 -0.009486 0.078604 -0.018208 0.053946 0.000186 0.998378
1305031108.475471 0.193839 -0.012842 0.084713 -0.021692 0.053543 0.008289 0.998296
1305031108.511378 0.220054 -0.012409 0.087012 -0.020077 0.052299 0.013437 0.998339
1305031108.543737 0.236516 -0.011133 0.091129 -0.014984 0.058138 0.013942 0.998099
1305031108.575414 0.242536 -0.005426 0.089069 -0.010177 0.064359 0.011143 0.997813
1305031108.611407 0.255230 -0.005451 0.087666 -0.010645 0.071184 0.011635 0.997339
1305031108.643303 0.262446 -0.006040 0.090916 -0.011421 0.077927 0.013160 0.996807
1305031108.675375 0.277625 -0.003833 0.087144 -0.014376 0.081814 0.017060 0.996398
1305031108.711411 0.287544 -0.004744 0.090980 -0.018578 0.089782 0.020469 0.995578
1305031108.743502 0.295627 -0.004029 0.093223 -0.019522 0.094689 0.021356 0.995086
1305031108.775493 0.302554 -0.002633 0.092648 -0.020231 0.098625 0.023531 0.994641
1305031108.811244 0.304117 -0.003321 0.094361 -0.021823 0.103171 0.028712 0.994010
1305031108.843264 0.305155 -0.005571 0.097493 -0.021489 0.103990 0.033833 0.993770
1305031108.876515 0.309003 -0.002433 0.098117 -0.018256 0.099964 0.040770 0.993988
1305031108.911364 0.308267 -0.010261 0.098617 -0.017724 0.097543 0.044877 0.994061
1305031108.943243 0.303765 -0.006083 0.096705 -0.010307 0.094579 0.046550 0.994375
1305031108.975268 0.302441 -0.000340 0.092195 -0.005174 0.087617 0.044474 0.995148
1305031109.011269 0.305221 -0.007318 0.088119 -0.008673 0.081909 0.043645 0.995646
1305031109.043277 0.298721 -0.007660 0.089000 -0.007173 0.081283 0.040835 0.995828
1305031109.075410 0.291063 -0.002367 0.082859 -0.007369 0.078573 0.036255 0.996222
1305031109.111282 0.282955 -0.007653 0.077887 -0.013121 0.076887 0.033649 0.996385
1305031109.143334 0.268190 -0.006671 0.081826 -0.013245 0.075423 0.030181 0.996607
1305031109.175464 0.255817 -0.005114 0.078599 -0.013195 0.069356 0.026565 0.997151
1305031109.211379 0.245883 0.004660 0.077183 -0.016591 0.065087 0.029409 0.997308
1305031109.243290 0.233968 -0.001898 0.076088 -0.027532 0.062580 0.034565 0.997061
1305031109.275308 0.220191 -0.009045 0.079825 -0.030618 0.058052 0.039311 0.997069
1305031109.311329 0.206702 -0.003950 0.077521 -0.026710 0.048409 0.040196 0.997661
1305031109.343248 0.191191 -0.003814 0.075444 -0.030897 0.039014 0.039708 0.997971
1305031109.375397 0.179368 -0.002049 0.077636 -0.032370 0.030365 0.038627 0.998268
1305031109.411329 0.165642 0.001846 0.076454 -0.031761 0.023098 0.034441 0.998635
1305031109.443302 0.152555 0.003027 0.073169 -0.035418 0.018390 0.029101 0.998780
1305031109.475363 0.142245 0.000923 0.072867 -0.038650 0.015058 0.026307 0.998793
1305031109.511273 0.132214 -0.001020 0.074847 -0.038958 0.011216 0.023166 0.998909
1305031109.543294 0.118224 0.000909 0.073452 -0.035921 0.009892 0.020445 0.999097
1305031109.575362 0.101592 0.001937 0.068660 -0.034993 0.010976 0.019612 0.999135
1305031109.611310 0.091146 0.001870 0.066757 -0.035458 0.008558 0.018214 0.999169
1305031109.643229 0.077572 0.002530 0.064626 -0.036151 0.007688 0.016671 0.999178
1305031109.675263 0.060632 0.003198 0.060039 -0.038720 0.008830 0.018767 0.999035
1305031109.711312 0.047159 0.009710 0.058046 -0.039467 0.005451 0.017609 0.999051
1305031109.743274 0.035597 0.010156 0.058760 -0.043997 0.001947 0.017073 0.998884
1305031109.775277 0.024622 0.007794 0.061831 -0.047974 -0.000148 0.017398 0.998697
1305031109.811371 0.010408 0.010408 0.063408 -0.049774 -0.001216 0.016557 0.998623
1305031109.843296 -0.003662 0.010990 0.064391 -0.053190 -0.003724 0.015616 0.998455
1305031109.875306 -0.022172 0.011091 0.061664 -0.056771 -0.005214 0.013746 0.998279
1305031109.911265 -0.035806 0.009750 0.073110 -0.058600 -0.011790 0.009252 0.998169
1305031109.943299 -0.043103 0.013626 0.074518 -0.060283 -0.017021 0.005665 0.998020
1305031109.975258 -0.057517 0.018067 0.074320 -0.062675 -0.018584 0.000793 0.997861
1305031110.011256 -0.070434 0.018149 0.080318 -0.065501 -0.021269 -0.005769 0.997609
1305031110.043299 -0.081754 0.017526 0.083555 -0.068536 -0.022884 -0.012593 0.997307
1305031110.075319 -0.096365 0.021694 0.085745 -0.069490 -0.022757 -0.017812 0.997164
1305031110.111325 -0.113233 0.026189 0.087266 -0.072521 -0.023188 -0.022837 0.996836
1305031110.143432 -0.131834 0.024585 0.095756 -0.073831 -0.024675 -0.027097 0.996597
1305031110.175641 -0.136633 0.024281 0.098789 -0.077511 -0.031095 -0.026711 0.996148
1305031110.211637 -0.148993 0.026081 0.100663 -0.080123 -0.033900 -0.029275 0.995778
1305031110.243323 -0.171284 0.026653 0.106254 -0.079978 -0.034079 -0.029881 0.995766
1305031110.279321 -0.178609 0.022786 0.109845 -0.080038 -0.039059 -0.030601 0.995556
1305031110.311404 -0.190044 0.026185 0.109996 -0.076224 -0.042474 -0.031770 0.995679
1305031110.343355 -0.200483 0.026855 0.109386 -0.075509 -0.047388 -0.032724 0.995481
1305031110.379281 -0.214096 0.028561 0.109420 -0.074051 -0.052271 -0.036273 0.995223
1305031110.411469 -0.224850 0.031853 0.106851 -0.073700 -0.058796 -0.038043 0.994819
1305031110.443260 -0.230336 0.040024 0.103219 -0.075070 -0.066987 -0.040541 0.994099
1305031110.479331 -0.245164 0.036039 0.108255 -0.079520 -0.073222 -0.046701 0.993043
1305031110.511429 -0.264451 0.035530 0.108977 -0.080535 -0.077516 -0.051997 0.992372
1305031110.543408 -0.272783 0.038735 0.107607 -0.082052 -0.084696 -0.054726 0.991514
1305031110.579426 -0.276852 0.042307 0.104294 -0.085701 -0.092962 -0.058312 0.990259
1305031110.611307 -0.287680 0.042498 0.107994 -0.089391 -0.095895 -0.063522 0.989332
1305031110.643418 -0.306675 0.039951 0.112409 -0.088916 -0.093861 -0.068478 0.989239
1305031110.679606 -0.308260 0.042401 0.109808 -0.089258 -0.098759 -0.069419 0.988666
1305031110.711412 -0.314538 0.044187 0.109799 -0.091895 -0.100623 -0.070744 0.988143
1305031110.743249 -0.321619 0.040509 0.111871 -0.093617 -0.101883 -0.072402 0.987732
1305031110.779193 -0.327073 0.040946 0.111198 -0.093979 -0.102513 -0.073810 0.987528
1305031110.811386 -0.326103 0.040857 0.111512 -0.094807 -0.104828 -0.074274 0.987171
1305031110.843218 -0.328727 0.041263 0.110698 -0.096020 -0.106906 -0.076364 0.986671
1305031110.879313 -0.328274 0.037911 0.113038 -0.097628 -0.109202 -0.075948 0.986294
1305031110.911333 -0.326019 0.039932 0.112166 -0.097576 -0.111048 -0.076381 0.986059
1305031110.943862 -0.321280 0.039258 0.116019 -0.097913 -0.114294 -0.076719 0.985629
1305031110.979345 -0.309947 0.042826 0.115722 -0.096943 -0.115922 -0.077040 0.985510
1305031111.011431 -0.307650 0.043102 0.112958 -0.098086 -0.107963 -0.078781 0.986163
1305031111.043327 -0.298756 0.041529 0.117226 -0.097825 -0.104243 -0.074912 0.986890
1305031111.079283 -0.287815 0.046665 0.114628 -0.097691 -0.102987 -0.072338 0.987227
1305031111.111508 -0.282456 0.043557 0.117813 -0.100071 -0.099425 -0.070035 0.987520
1305031111.143257 -0.273379 0.039884 0.122444 -0.099378 -0.096989 -0.069308 0.987883
1305031111.179326 -0.256013 0.037104 0.122936 -0.098244 -0.095649 -0.067496 0.988253
1305031111.211433 -0.248427 0.038194 0.121195 -0.095818 -0.085716 -0.064962 0.989571
1305031111.243236 -0.240965 0.037998 0.122037 -0.094552 -0.082873 -0.064032 0.989996
1305031111.279308 -0.228622 0.033180 0.128663 -0.091619 -0.081510 -0.063100 0.990445
1305031111.311547 -0.217809 0.039222 0.120874 -0.086067 -0.076561 -0.058268 0.991633
1305031111.343397 -0.212748 0.043383 0.114921 -0.088076 -0.077200 -0.058144 0.991414
1305031111.379134 -0.194009 0.031980 0.126173 -0.091108 -0.082919 -0.054343 0.990894
1305031111.411296 -0.185952 0.035704 0.129594 -0.085016 -0.083138 -0.053890 0.991442
1305031111.443386 -0.161223 0.031251 0.126175 -0.086461 -0.092961 -0.058239 0.990198
1305031111.479259 -0.126134 0.026485 0.135232 -0.084172 -0.094338 -0.056300 0.990377
1305031111.511264 -0.121062 0.025127 0.130189 -0.079840 -0.080041 -0.056866 0.991960
1305031111.543250 -0.100772 0.018909 0.135270 -0.077336 -0.076653 -0.054439 0.992562
1305031111.579237 -0.090720 0.022600 0.129691 -0.072577 -0.065412 -0.049363 0.993990
1305031111.611271 -0.090175 0.024759 0.118642 -0.071997 -0.055693 -0.042557 0.994939
1305031111.643395 -0.067752 0.011876 0.132543 -0.072518 -0.059939 -0.036068 0.994911
1305031111.679320 -0.044993 0.018361 0.126521 -0.064590 -0.054929 -0.027907 0.996008
1305031111.711760 -0.026696 0.011159 0.122394 -0.067541 -0.048046 -0.026636 0.996203
1305031111.743386 0.009107 0.006368 0.134658 -0.065610 -0.045404 -0.019544 0.996620
1305031111.779423 0.018172 0.007993 0.126392 -0.060440 -0.023533 -0.019684 0.997700
1305031111.811406 0.021417 0.005364 0.126668 -0.058690 -0.006692 -0.018225 0.998087
1305031111.843299 0.029260 0.007352 0.125831 -0.054388 0.004964 -0.017913 0.998347
1305031111.879442 0.036381 0.012987 0.112253 -0.052055 0.014188 -0.013318 0.998455
1305031111.911354 0.036549 0.006651 0.117333 -0.052600 0.017846 -0.009344 0.998412
1305031111.943300 0.051288 0.010152 0.121193 -0.050636 0.012660 0.001449 0.998636
1305031111.979449 0.074899 0.010811 0.116871 -0.048468 0.011731 0.007131 0.998730
1305031112.011433 0.100703 0.010727 0.111956 -0.046736 0.014944 0.008663 0.998758
1305031112.043270 0.105385 0.015709 0.109395 -0.039244 0.026316 0.003981 0.998875
1305031112.079339 0.128219 0.011159 0.108459 -0.040510 0.035335 0.006722 0.998532
1305031112.111423 0.129583 0.015699 0.106198 -0.035850 0.047200 0.001454 0.998241
1305031112.144342 0.148494 0.016782 0.103900 -0.035367 0.050462 -0.003850 0.998092
1305031112.179390 0.166034 0.011800 0.102494 -0.039526 0.061709 -0.006830 0.997288
1305031112.211254 0.175751 0.009165 0.107113 -0.039225 0.072568 -0.012311 0.996516
1305031112.243369 0.185228 0.007229 0.109960 -0.033338 0.083764 -0.017523 0.995774
1305031112.279353 0.185838 0.008516 0.113298 -0.027386 0.093754 -0.020790 0.995001
1305031112.311312 0.193518 0.004085 0.115430 -0.022580 0.096632 -0.023183 0.994794
1305031112.343323 0.198957 0.002788 0.114091 -0.016065 0.098812 -0.022628 0.994719
1305031112.379360 0.206560 0.000684 0.113782 -0.013137 0.098371 -0.018774 0.994886
1305031112.411442 0.223399 0.000607 0.110879 -0.011000 0.093513 -0.014800 0.995447
1305031112.443391 0.238305 -0.001729 0.108354 -0.008635 0.090922 -0.008013 0.995788
1305031112.479418 0.245686 -0.001857 0.108382 -0.005241 0.090366 0.001359 0.995894
1305031112.511504 0.256571 -0.002540 0.107715 -0.003150 0.086385 0.009114 0.996215
1305031112.543212 0.267389 -0.002107 0.105496 -0.000168 0.082345 0.013340 0.996515
1305031112.579252 0.277917 -0.000531 0.104036 0.002395 0.078765 0.018686 0.996715
1305031112.611261 0.298998 0.003689 0.099171 0.003819 0.074470 0.025144 0.996899
1305031112.643246 0.313405 0.002685 0.096166 0.000540 0.078150 0.033134 0.996391
1305031112.679952 0.314874 0.004594 0.099777 -0.000734 0.085618 0.036300 0.995666
1305031112.711251 0.318136 0.004139 0.099158 -0.002847 0.089778 0.038287 0.995222
1305031112.743245 0.322998 0.011994 0.093645 -0.005094 0.091827 0.042356 0.994861
1305031112.779310 0.320712 0.008125 0.098853 -0.014167 0.096661 0.044767 0.994209
1305031112.811310 0.311108 0.006590 0.108320 -0.016058 0.099156 0.044090 0.993965
1305031112.843286 0.308698 0.012770 0.108162 -0.016546 0.093221 0.041729 0.994633
1305031112.879421 0.307820 0.011411 0.106727 -0.021973 0.087571 0.045052 0.994896
1305031112.911411 0.299719 0.012268 0.110582 -0.023378 0.087431 0.046444 0.994813
1305031112.943321 0.292812 0.012374 0.113129 -0.025079 0.082317 0.045345 0.995258
1305031112.979278 0.287019 0.013603 0.114246 -0.025309 0.076562 0.042686 0.995829
1305031113.011353 0.282383 0.014930 0.111399 -0.026664 0.072827 0.042910 0.996064
1305031113.043231 0.273897 0.014595 0.110167 -0.031109 0.071072 0.041037 0.996141
1305031113.079251 0.263492 0.012669 0.113566 -0.031209 0.069007 0.035579 0.996493
1305031113.111316 0.245270 0.018353 0.110199 -0.026528 0.066363 0.029745 0.996999
1305031113.143306 0.236086 0.011414 0.105079 -0.033047 0.063136 0.027853 0.997069
1305031113.179343 0.226559 0.004944 0.102422 -0.037112 0.060989 0.030546 0.996980
1305031113.211259 0.211387 0.006694 0.104187 -0.034667 0.056393 0.031508 0.997309
1305031113.243227 0.190309 0.002895 0.099757 -0.038640 0.052002 0.031585 0.997399
1305031113.279312 0.181543 0.003786 0.100955 -0.039256 0.044827 0.034296 0.997634
1305031113.311452 0.171004 0.009139 0.100549 -0.030315 0.035450 0.037937 0.998191
1305031113.343252 0.148119 0.006775 0.098482 -0.027493 0.027914 0.035861 0.998588
1305031113.379312 0.124402 -0.001701 0.098910 -0.034798 0.022957 0.032793 0.998592
1305031113.411625 0.108431 -0.002879 0.102041 -0.033623 0.015758 0.033631 0.998744
1305031113.443266 0.092536 -0.000906 0.100441 -0.031704 0.008642 0.028316 0.999059
1305031113.479311 0.073408 0.000208 0.099281 -0.034904 0.002768 0.021905 0.999147
1305031113.511523 0.059362 0.000202 0.099598 -0.037916 -0.004064 0.020245 0.999068
1305031113.543242 0.044656 -0.003084 0.103786 -0.040389 -0.010238 0.016590 0.998994
1305031113.579301 0.035498 -0.004375 0.104313 -0.041799 -0.018515 0.013754 0.998860
1305031113.611268 0.026256 -0.001768 0.103809 -0.043788 -0.023044 0.009862 0.998726
1305031113.643222 0.010092 -0.003270 0.099684 -0.046438 -0.022247 0.005778 0.998657
1305031113.679288 -0.001124 -0.002945 0.107446 -0.047843 -0.023282 0.003367 0.998578
1305031113.711931 -0.014377 -0.006128 0.107750 -0.048997 -0.022947 -0.001612 0.998534
1305031113.743590 -0.027036 -0.005152 0.108235 -0.048132 -0.020639 -0.006979 0.998603
1305031113.779320 -0.044652 -0.005543 0.108718 -0.046744 -0.016821 -0.011433 0.998700
1305031113.811237 -0.062243 -0.003455 0.110262 -0.045285 -0.014380 -0.014166 0.998770
1305031113.843295 -0.072206 0.001975 0.106890 -0.044191 -0.013246 -0.016596 0.998797
1305031113.879281 -0.092151 -0.006971 0.116461 -0.045758 -0.011357 -0.021806 0.998650
1305031113.911290 -0.109305 -0.002217 0.114945 -0.041186 -0.010815 -0.023540 0.998816
1305031113.943291 -0.117917 -0.003564 0.114484 -0.039250 -0.010365 -0.025274 0.998856
1305031113.979293 -0.128847 -0.004377 0.117450 -0.036717 -0.010029 -0.029348 0.998844
1305031114.011257 -0.146284 -0.000327 0.116760 -0.032268 -0.008164 -0.034239 0.998859
1305031114.043301 -0.167636 0.004373 0.118423 -0.029064 -0.008707 -0.036538 0.998872
1305031114.079285 -0.185689 0.002381 0.121006 -0.027444 -0.013093 -0.037569 0.998831
1305031114.111263 -0.196364 0.006274 0.119889 -0.024275 -0.019905 -0.040402 0.998690
1305031114.143284 -0.207816 0.010820 0.118606 -0.022609 -0.025378 -0.043409 0.998479
1305031114.179337 -0.226236 0.004227 0.124355 -0.022380 -0.025448 -0.047631 0.998290
1305031114.211303 -0.231601 0.011470 0.121669 -0.019020 -0.028747 -0.047665 0.998268
1305031114.243337 -0.244518 0.018405 0.121199 -0.018438 -0.031601 -0.050611 0.998048
1305031114.279390 -0.266780 0.016857 0.129260 -0.019147 -0.035027 -0.053609 0.997764
1305031114.311429 -0.278634 0.019835 0.129555 -0.019739 -0.043438 -0.053566 0.997424
1305031114.343331 -0.286423 0.018398 0.131641 -0.021557 -0.050175 -0.056415 0.996913
1305031114.379320 -0.294807 0.014028 0.135367 -0.022653 -0.053358 -0.060418 0.996489
1305031114.411397 -0.308214 0.014383 0.139487 -0.021770 -0.054422 -0.064664 0.996184
1305031114.443345 -0.323421 0.016692 0.138095 -0.021365 -0.057317 -0.066551 0.995906
1305031114.479332 -0.337604 0.013149 0.140418 -0.023094 -0.063485 -0.067872 0.995404
1305031114.511266 -0.343579 0.016249 0.139940 -0.023051 -0.072598 -0.069160 0.994693
1305031114.543236 -0.347027 0.019313 0.138927 -0.024386 -0.077482 -0.069088 0.994298
1305031114.579237 -0.356723 0.013149 0.142319 -0.028107 -0.076149 -0.066332 0.994490
1305031114.611391 -0.359840 0.019775 0.141637 -0.028461 -0.077848 -0.063379 0.994541
1305031114.644136 -0.364895 0.018637 0.140783 -0.033593 -0.080521 -0.062504 0.994224
1305031114.679251 -0.374359 0.014606 0.145305 -0.037564 -0.085209 -0.063659 0.993618
1305031114.711306 -0.376832 0.010688 0.148124 -0.039314 -0.090041 -0.062440 0.993201
1305031114.743200 -0.377850 0.006052 0.149104 -0.040516 -0.092491 -0.066410 0.992670
1305031114.779289 -0.378015 0.005025 0.151197 -0.038600 -0.094659 -0.069952 0.992299
1305031114.811303 -0.376752 0.010513 0.146544 -0.036764 -0.094969 -0.071068 0.992259
1305031114.843208 -0.371826 0.010462 0.146976 -0.036627 -0.097169 -0.072408 0.991954
1305031114.879281 -0.369177 0.014788 0.144409 -0.035792 -0.097215 -0.072786 0.991953
1305031114.912879 -0.364377 0.016515 0.144191 -0.036721 -0.097854 -0.072971 0.991842
1305031114.943234 -0.354445 0.021226 0.141806 -0.037817 -0.099074 -0.075156 0.991517
1305031114.979280 -0.347386 0.022944 0.143009 -0.039761 -0.097087 -0.075536 0.991608
1305031115.011300 -0.336398 0.029281 0.138882 -0.042207 -0.097213 -0.076293 0.991437
1305031115.043508 -0.323838 0.025067 0.145975 -0.047390 -0.096892 -0.076160 0.991245
1305031115.079238 -0.313183 0.028339 0.148554 -0.048149 -0.093617 -0.076561 0.991492
1305031115.111230 -0.295350 0.027491 0.149131 -0.051843 -0.091424 -0.075948 0.991557
1305031115.143275 -0.281554 0.025401 0.155283 -0.053651 -0.083774 -0.072613 0.992386
1305031115.179440 -0.273470 0.028034 0.157101 -0.054318 -0.079462 -0.071448 0.992789
1305031115.211374 -0.256459 0.023011 0.162639 -0.055542 -0.078558 -0.068277 0.993017
1305031115.243297 -0.246433 0.017337 0.169688 -0.052824 -0.071825 -0.066676 0.993783
1305031115.279966 -0.225506 0.025374 0.167460 -0.048967 -0.072243 -0.059912 0.994381
1305031115.311704 -0.195420 0.022006 0.176437 -0.049137 -0.072854 -0.052255 0.994760
1305031115.343235 -0.183997 0.024966 0.176804 -0.044251 -0.061892 -0.050427 0.995825
1305031115.379166 -0.176206 0.027423 0.170817 -0.049308 -0.057255 -0.044581 0.996144
1305031115.411237 -0.157160 0.025272 0.181053 -0.056728 -0.065901 -0.039599 0.995425
1305031115.443159 -0.134140 0.024258 0.186633 -0.060275 -0.069797 -0.034790 0.995131
1305031115.479241 -0.118565 0.025503 0.185908 -0.064108 -0.068947 -0.028891 0.995139
1305031115.511253 -0.085751 0.018176 0.195934 -0.068942 -0.072856 -0.026793 0.994596
1305031115.543604 -0.063835 0.013669 0.198277 -0.070028 -0.060327 -0.020513 0.995508
1305031115.579315 -0.048713 0.016940 0.196586 -0.067692 -0.048408 -0.013735 0.996437
1305031115.611424 -0.036126 0.015339 0.196631 -0.066797 -0.040642 -0.009381 0.996894
1305031115.643254 -0.020585 0.012638 0.198097 -0.066083 -0.033308 -0.002216 0.997256
1305031115.679241 -0.012590 0.014474 0.194862 -0.063169 -0.027600 0.008637 0.997584
1305031115.711320 0.012763 0.017273 0.191429 -0.061757 -0.030673 0.017362 0.997469
1305031115.743250 0.032516 0.012277 0.191525 -0.063285 -0.024032 0.022097 0.997461
1305031115.779425 0.045212 0.011524 0.186376 -0.061343 -0.012706 0.027899 0.997646
1305031115.811277 0.062905 0.015338 0.180501 -0.059561 -0.003722 0.036679 0.997544
1305031115.843224 0.073935 0.015237 0.175041 -0.061349 0.008698 0.041811 0.997202
1305031115.879198 0.082050 0.012810 0.177875 -0.060137 0.016959 0.048727 0.996856
1305031115.911118 0.096702 0.018747 0.177413 -0.056116 0.020514 0.055061 0.996694
1305031115.943311 0.112518 0.018473 0.175544 -0.057824 0.026632 0.061751 0.996059
1305031115.980740 0.120826 0.021657 0.176140 -0.058460 0.034996 0.066941 0.995428
1305031116.011379 0.148138 0.024306 0.175724 -0.061084 0.038052 0.072449 0.994772
1305031116.043164 0.156165 0.030530 0.179271 -0.061184 0.053507 0.072419 0.994057
1305031116.080030 0.164710 0.032266 0.177283 -0.065693 0.065007 0.075339 0.992866
1305031116.111300 0.179577 0.035399 0.180604 -0.071578 0.073353 0.080181 0.991497
1305031116.143441 0.185842 0.034672 0.187045 -0.076074 0.083604 0.083213 0.990100
1305031116.179572 0.194558 0.037354 0.189236 -0.077675 0.089508 0.086147 0.989209
1305031116.211299 0.207872 0.038710 0.189962 -0.081481 0.093773 0.089985 0.988165
1305031116.243320 0.223779 0.041291 0.192913 -0.082622 0.097661 0.093911 0.987328
1305031116.279385 0.234374 0.040271 0.194233 -0.084807 0.105763 0.098215 0.985888
1305031116.311336 0.243733 0.041657 0.192413 -0.086553 0.114473 0.101434 0.984437
1305031116.343292 0.249934 0.033833 0.199396 -0.090448 0.121765 0.104539 0.982886
1305031116.379384 0.253742 0.038437 0.202335 -0.082800 0.125226 0.105585 0.983013
1305031116.411333 0.245498 0.048382 0.195536 -0.073944 0.131399 0.107975 0.982654
1305031116.443369 0.248778 0.047467 0.191452 -0.078095 0.131349 0.117647 0.981228
1305031116.479850 0.251960 0.045953 0.192450 -0.077334 0.131368 0.122109 0.980740
1305031116.511205 0.251401 0.043027 0.190307 -0.076836 0.129470 0.117706 0.981570
1305031116.543262 0.242099 0.048268 0.187995 -0.071706 0.131094 0.113312 0.982259
1305031116.579313 0.232216 0.042974 0.187372 -0.074683 0.129984 0.111051 0.982443
1305031116.611261 0.223081 0.039239 0.187188 -0.075218 0.124271 0.105205 0.983784
1305031116.643355 0.208650 0.039648 0.186723 -0.073668 0.117885 0.096206 0.985607
1305031116.679281 0.196913 0.038086 0.184274 -0.074167 0.109773 0.087359 0.987328
1305031116.711634 0.185124 0.038673 0.182298 -0.073831 0.104191 0.077018 0.988818
1305031116.743291 0.169491 0.037252 0.177635 -0.076058 0.098985 0.065894 0.989987
1305031116.779298 0.153942 0.038127 0.175977 -0.077717 0.095337 0.054965 0.990883
1305031116.811318 0.134974 0.032703 0.175680 -0.079625 0.092556 0.046555 0.991426
1305031116.846089 0.111618 0.036252 0.172618 -0.075958 0.085984 0.039445 0.992613
1305031116.880165 0.092129 0.032907 0.169288 -0.078651 0.076665 0.032870 0.993406
1305031116.912044 0.076162 0.033692 0.166894 -0.077529 0.064774 0.030244 0.994424
1305031116.943296 0.051978 0.032820 0.169484 -0.080191 0.053922 0.020676 0.995105
1305031116.979351 0.040122 0.032036 0.167555 -0.079720 0.039392 0.011282 0.995975
1305031117.011382 0.020581 0.038099 0.165716 -0.076088 0.028461 0.002184 0.996692
1305031117.043261 0.005156 0.042323 0.164571 -0.076032 0.018174 -0.003773 0.996933
1305031117.079520 -0.010102 0.042445 0.162076 -0.078580 0.008678 -0.009023 0.996829
1305031117.111238 -0.025148 0.043453 0.165608 -0.081279 -0.002340 -0.010000 0.996638
1305031117.143218 -0.028469 0.049579 0.163422 -0.081626 -0.016212 -0.010133 0.996480
1305031117.179264 -0.034858 0.051938 0.162189 -0.084385 -0.026183 -0.014521 0.995983
1305031117.211361 -0.038248 0.050598 0.165869 -0.087433 -0.034742 -0.017623 0.995408
1305031117.243277 -0.033659 0.053919 0.166278 -0.090619 -0.040849 -0.018422 0.994877
1305031117.279299 -0.033785 0.052406 0.169222 -0.095347 -0.041328 -0.023697 0.994303
1305031117.311200 -0.040445 0.050152 0.172714 -0.099870 -0.038151 -0.024549 0.993966
1305031117.343243 -0.045796 0.045512 0.174457 -0.102146 -0.037183 -0.026454 0.993722
1305031117.379454 -0.046726 0.040935 0.178447 -0.102582 -0.037911 -0.025875 0.993665
1305031117.411221 -0.051478 0.037146 0.179272 -0.100916 -0.038183 -0.025799 0.993827
1305031117.443274 -0.053106 0.035092 0.176905 -0.097043 -0.038905 -0.024618 0.994215
1305031117.479403 -0.053674 0.026648 0.177200 -0.097005 -0.039879 -0.023037 0.994218
1305031117.511325 -0.055071 0.019663 0.179907 -0.094057 -0.041160 -0.021119 0.994491
1305031117.544285 -0.054628 0.014066 0.179617 -0.089387 -0.042721 -0.020597 0.994867
1305031117.579155 -0.052737 0.009758 0.179170 -0.085711 -0.045429 -0.021647 0.995048
1305031117.611159 -0.055084 0.003893 0.178689 -0.084249 -0.046176 -0.021119 0.995150
1305031117.643252 -0.054100 -0.006989 0.183246 -0.084333 -0.049213 -0.019376 0.995033
1305031117.679262 -0.053706 -0.009694 0.184217 -0.082446 -0.052276 -0.018225 0.995057
1305031117.711184 -0.057011 -0.018888 0.187807 -0.083107 -0.053628 -0.016878 0.994953
1305031117.743184 -0.056996 -0.029788 0.192769 -0.083872 -0.056005 -0.013668 0.994808
1305031117.779467 -0.058883 -0.036177 0.193682 -0.082848 -0.057605 -0.012208 0.994821
1305031117.811320 -0.055993 -0.047142 0.200433 -0.084225 -0.060918 -0.009786 0.994535
1305031117.843291 -0.049735 -0.061174 0.208828 -0.084114 -0.063330 -0.008430 0.994406
1305031117.879451 -0.047126 -0.069606 0.210124 -0.082949 -0.061013 -0.007641 0.994655
1305031117.911407 -0.050313 -0.079823 0.215088 -0.082377 -0.058396 -0.008165 0.994855
1305031117.943253 -0.049301 -0.088446 0.219192 -0.081295 -0.056921 -0.008048 0.995031
1305031117.979228 -0.051371 -0.092259 0.220897 -0.080959 -0.054461 -0.008268 0.995194
1305031118.011228 -0.055517 -0.108449 0.227973 -0.084552 -0.052984 -0.009904 0.994960
1305031118.043521 -0.056767 -0.120918 0.235038 -0.085049 -0.051651 -0.009903 0.994988
1305031118.079334 -0.050718 -0.127326 0.240755 -0.084108 -0.052815 -0.010162 0.995004
1305031118.111217 -0.048346 -0.140293 0.246499 -0.084818 -0.049164 -0.011551 0.995116
1305031118.143256 -0.048763 -0.148601 0.251567 -0.083181 -0.044954 -0.012910 0.995436
1305031118.179323 -0.051798 -0.163878 0.255548 -0.084767 -0.041374 -0.015229 0.995425
1305031118.211202 -0.059007 -0.172057 0.264389 -0.081052 -0.036955 -0.014669 0.995917
1305031118.243173 -0.061181 -0.181936 0.266632 -0.078195 -0.037381 -0.014940 0.996125
1305031118.279194 -0.058593 -0.194424 0.272810 -0.075497 -0.038815 -0.015299 0.996273
1305031118.311299 -0.059114 -0.204408 0.277691 -0.069597 -0.039355 -0.015640 0.996676
1305031118.343324 -0.056240 -0.207631 0.275910 -0.063783 -0.038810 -0.016111 0.997079
1305031118.379208 -0.059007 -0.215042 0.281063 -0.059519 -0.036847 -0.017128 0.997400
1305031118.411296 -0.062540 -0.215190 0.278236 -0.055546 -0.037216 -0.017315 0.997612
1305031118.445692 -0.059153 -0.217521 0.280096 -0.054613 -0.038491 -0.014304 0.997663
1305031118.479285 -0.060172 -0.219930 0.282427 -0.054329 -0.038339 -0.011934 0.997715
1305031118.511255 -0.057011 -0.218768 0.282737 -0.052059 -0.039523 -0.010742 0.997804
1305031118.544414 -0.051938 -0.214430 0.280212 -0.052424 -0.040329 -0.011428 0.997745
1305031118.579285 -0.051784 -0.211323 0.280052 -0.054093 -0.039220 -0.011667 0.997697
1305031118.616142 -0.048857 -0.207708 0.281299 -0.054846 -0.037990 -0.013644 0.997679
1305031118.645325 -0.048673 -0.197768 0.278717 -0.054287 -0.035925 -0.016305 0.997746
1305031118.679295 -0.051546 -0.188447 0.274140 -0.056370 -0.033366 -0.018428 0.997682
1305031118.711421 -0.054497 -0.185977 0.275748 -0.058352 -0.033309 -0.021797 0.997502
1305031118.746770 -0.057215 -0.177293 0.273678 -0.056302 -0.035070 -0.020411 0.997589
1305031118.779277 -0.052080 -0.152114 0.262954 -0.053510 -0.040081 -0.020208 0.997558
1305031118.811221 -0.052494 -0.151137 0.261149 -0.059764 -0.041692 -0.022196 0.997094
1305031118.846753 -0.051807 -0.147252 0.265437 -0.058234 -0.042608 -0.021271 0.997166
1305031118.879208 -0.047056 -0.125536 0.247432 -0.054264 -0.040504 -0.022453 0.997452
1305031118.911177 -0.045643 -0.117006 0.243032 -0.056665 -0.039996 -0.025477 0.997266
1305031118.946974 -0.047533 -0.105731 0.238261 -0.056018 -0.038077 -0.026848 0.997342
1305031118.979374 -0.050469 -0.086138 0.226014 -0.054177 -0.035676 -0.030755 0.997420
1305031119.011363 -0.053078 -0.071671 0.217630 -0.055971 -0.034738 -0.033262 0.997273
1305031119.047172 -0.056239 -0.068739 0.215240 -0.061374 -0.035059 -0.033775 0.996927
1305031119.079223 -0.058812 -0.055732 0.210627 -0.060556 -0.036656 -0.033848 0.996917
1305031119.111328 -0.060125 -0.047661 0.203688 -0.062044 -0.040045 -0.033473 0.996708
1305031119.147616 -0.061104 -0.033620 0.196900 -0.060995 -0.043250 -0.031732 0.996696
1305031119.179226 -0.058424 -0.027320 0.194556 -0.062230 -0.048937 -0.031498 0.996364
1305031119.211364 -0.059349 -0.017745 0.187601 -0.059962 -0.049993 -0.030032 0.996496
1305031119.247399 -0.058437 -0.005077 0.180324 -0.058207 -0.051582 -0.029154 0.996545
1305031119.279212 -0.058260 0.006076 0.173634 -0.057326 -0.052338 -0.029560 0.996544
1305031119.311212 -0.059646 0.015602 0.168805 -0.057282 -0.052267 -0.027049 0.996622
1305031119.347741 -0.061602 0.022212 0.166478 -0.057495 -0.053607 -0.025256 0.996586
1305031119.379239 -0.060095 0.036833 0.159239 -0.055125 -0.056081 -0.024549 0.996601
1305031119.411484 -0.055874 0.044706 0.154916 -0.056693 -0.057021 -0.024029 0.996472
1305031119.447706 -0.054790 0.053620 0.151763 -0.057263 -0.054930 -0.023975 0.996558
1305031119.479267 -0.055142 0.062690 0.147944 -0.056680 -0.052816 -0.024286 0.996699
1305031119.511240 -0.057473 0.077685 0.141144 -0.055814 -0.050540 -0.024158 0.996869
1305031119.547382 -0.059582 0.087884 0.137418 -0.057355 -0.049753 -0.023133 0.996845
1305031119.579559 -0.056564 0.100705 0.131605 -0.058881 -0.049281 -0.023271 0.996776
1305031119.615017 -0.058596 0.111730 0.129367 -0.062125 -0.046687 -0.022276 0.996727
1305031119.647903 -0.060858 0.122962 0.125335 -0.064853 -0.045300 -0.022121 0.996621
1305031119.679208 -0.055378 0.131827 0.123408 -0.070371 -0.045186 -0.023321 0.996224
1305031119.715232 -0.060802 0.142612 0.120872 -0.075172 -0.038146 -0.022019 0.996197
1305031119.747193 -0.065007 0.150007 0.123071 -0.079787 -0.035958 -0.017167 0.996015
1305031119.779169 -0.065691 0.155143 0.121582 -0.084550 -0.037440 -0.015525 0.995595
1305031119.814537 -0.067124 0.165691 0.120095 -0.086095 -0.037523 -0.011832 0.995510
1305031119.847429 -0.064127 0.175391 0.118760 -0.088456 -0.037769 -0.007552 0.995335
1305031119.879214 -0.062853 0.179611 0.119374 -0.090108 -0.036698 -0.007842 0.995225
1305031119.911401 -0.061815 0.191394 0.115847 -0.089396 -0.035611 -0.006916 0.995335
1305031119.947392 -0.060776 0.200572 0.112708 -0.092722 -0.034011 -0.006963 0.995087
1305031119.979537 -0.060704 0.205285 0.111903 -0.095624 -0.030766 -0.008069 0.994909
1305031120.015264 -0.063826 0.215225 0.107565 -0.099083 -0.026124 -0.006833 0.994713
1305031120.047290 -0.069438 0.215979 0.109744 -0.107321 -0.023410 -0.005297 0.993935
1305031120.079418 -0.070627 0.217221 0.112935 -0.108834 -0.025647 -0.002620 0.993726
1305031120.115232 -0.070776 0.223154 0.111386 -0.108258 -0.028004 -0.001172 0.993728
1305031120.148157 -0.069084 0.219763 0.112658 -0.111213 -0.029329 0.000092 0.993364
1305031120.179246 -0.067237 0.215027 0.115750 -0.111041 -0.029709 0.003157 0.993367
1305031120.215249 -0.066709 0.211182 0.117544 -0.106002 -0.030202 0.002845 0.993903
1305031120.248003 -0.065459 0.206885 0.117047 -0.102145 -0.030573 0.000470 0.994299
1305031120.279430 -0.065637 0.201738 0.117951 -0.098464 -0.029663 -0.001081 0.994698
1305031120.315196 -0.065270 0.192490 0.120288 -0.096704 -0.029389 -0.003322 0.994874
1305031120.347787 -0.066611 0.183876 0.123337 -0.093375 -0.028451 -0.005065 0.995212
1305031120.379437 -0.066537 0.174049 0.126749 -0.091847 -0.028645 -0.005390 0.995346
1305031120.415445 -0.068308 0.159618 0.135088 -0.087012 -0.028638 -0.005254 0.995782
1305031120.447417 -0.066069 0.150467 0.137764 -0.080658 -0.030340 -0.005444 0.996265
1305031120.479432 -0.067659 0.141010 0.142254 -0.076843 -0.030328 -0.004964 0.996569
1305031120.514819 -0.069826 0.128896 0.149176 -0.071035 -0.031687 -0.002596 0.996967
1305031120.547736 -0.069728 0.121794 0.152640 -0.063582 -0.034850 -0.000516 0.997368
1305031120.579551 -0.069290 0.113740 0.155539 -0.060453 -0.039023 0.003791 0.997401
1305031120.615236 -0.068444 0.104692 0.162720 -0.056502 -0.043773 0.005503 0.997427
1305031120.647354 -0.066145 0.093375 0.166656 -0.052827 -0.047270 0.006114 0.997466
1305031120.679318 -0.062548 0.088028 0.169012 -0.049110 -0.049874 0.007303 0.997521
1305031120.714522 -0.062055 0.079361 0.174036 -0.046978 -0.050607 0.008227 0.997579
1305031120.747369 -0.061864 0.070526 0.180043 -0.045677 -0.053301 0.008916 0.997493
1305031120.779894 -0.060319 0.058239 0.184094 -0.044249 -0.055723 0.008389 0.997430
1305031120.814944 -0.055646 0.050596 0.188121 -0.041976 -0.057823 0.008859 0.997405
1305031120.847921 -0.056596 0.041878 0.190987 -0.042178 -0.058092 0.006755 0.997397
1305031120.883435 -0.055705 0.028736 0.195344 -0.041041 -0.057972 0.004616 0.997464
1305031120.915444 -0.052020 0.022623 0.196821 -0.039129 -0.058082 0.003827 0.997537
1305031120.947488 -0.052870 0.013392 0.200321 -0.039058 -0.057487 0.001603 0.997581
1305031120.983366 -0.055564 0.002547 0.203866 -0.039255 -0.056582 -0.000596 0.997626
1305031121.015019 -0.057698 -0.009101 0.207525 -0.038320 -0.056472 -0.002168 0.997666
1305031121.047498 -0.055294 -0.013248 0.208472 -0.036410 -0.057434 -0.002323 0.997682
1305031121.083099 -0.060944 -0.028784 0.212458 -0.037194 -0.056711 -0.004333 0.997688
1305031121.114696 -0.059143 -0.037651 0.214895 -0.034938 -0.058967 -0.003727 0.997641
1305031121.147331 -0.060685 -0.045240 0.215531 -0.032498 -0.059065 -0.004370 0.997715
1305031121.183271 -0.060941 -0.056631 0.219462 -0.031491 -0.060631 -0.005121 0.997650
1305031121.211420 -0.057611 -0.067555 0.223408 -0.029611 -0.061442 -0.005150 0.997658
1305031121.247194 -0.057846 -0.073626 0.223529 -0.027096 -0.060264 -0.004769 0.997803
1305031121.282876 -0.062503 -0.083776 0.226052 -0.027015 -0.060094 -0.004509 0.997817
1305031121.313568 -0.059726 -0.097945 0.233115 -0.025988 -0.061472 -0.003402 0.997765
1305031121.347517 -0.063596 -0.101996 0.233888 -0.022852 -0.061532 -0.002031 0.997841
1305031121.383226 -0.060008 -0.119187 0.238837 -0.023639 -0.063990 -0.001273 0.997670
1305031121.414318 -0.062642 -0.126880 0.241032 -0.018628 -0.062296 -0.003063 0.997879
1305031121.447319 -0.061732 -0.133450 0.241147 -0.016800 -0.062085 -0.002096 0.997927
1305031121.482964 -0.057030 -0.148322 0.246987 -0.017073 -0.061639 0.000233 0.997952
1305031121.514107 -0.061913 -0.152075 0.247788 -0.012449 -0.058706 0.000455 0.998198
1305031121.547270 -0.060942 -0.158811 0.246306 -0.013540 -0.058621 0.000912 0.998188
1305031121.583204 -0.059907 -0.171107 0.251597 -0.015908 -0.057675 0.000347 0.998209
1305031121.614700 -0.059769 -0.179345 0.255022 -0.015088 -0.056081 -0.000939 0.998312
1305031121.647183 -0.057060 -0.185745 0.255488 -0.014271 -0.052567 -0.003172 0.998510
1305031121.683200 -0.059792 -0.192698 0.257100 -0.016375 -0.048189 -0.004558 0.998694
1305031121.714520 -0.066195 -0.201067 0.259579 -0.017301 -0.045511 -0.004108 0.998806
1305031121.747145 -0.064049 -0.206711 0.261098 -0.019211 -0.046013 -0.003303 0.998751
1305031121.782835 -0.063236 -0.213607 0.265205 -0.021232 -0.046014 -0.001154 0.998714
1305031121.811540 -0.059591 -0.217499 0.267010 -0.022270 -0.045856 0.000717 0.998700
1305031121.847335 -0.059935 -0.220920 0.269561 -0.024228 -0.044226 0.003247 0.998722
1305031121.882060 -0.061930 -0.222695 0.271067 -0.026168 -0.043386 0.009419 0.998671
1305031121.914931 -0.062395 -0.223946 0.271745 -0.028349 -0.045048 0.012159 0.998508
1305031121.947288 -0.061693 -0.223099 0.272972 -0.027953 -0.047280 0.011603 0.998423
1305031121.982926 -0.058111 -0.221631 0.272239 -0.028603 -0.047956 0.011498 0.998374
1305031122.014256 -0.059032 -0.216953 0.271305 -0.028567 -0.047731 0.009619 0.998405
1305031122.047306 -0.058922 -0.210996 0.269850 -0.027267 -0.049195 0.006016 0.998399
1305031122.082959 -0.056282 -0.203888 0.266172 -0.026127 -0.050423 0.002269 0.998384
1305031122.114672 -0.055835 -0.192221 0.263501 -0.023692 -0.050777 -0.001417 0.998428
1305031122.150725 -0.054089 -0.184016 0.260318 -0.024478 -0.051586 -0.006446 0.998348
1305031122.183042 -0.052220 -0.172973 0.256122 -0.022245 -0.050982 -0.011511 0.998385
1305031122.214959 -0.052456 -0.148794 0.244555 -0.020781 -0.048948 -0.016513 0.998449
1305031122.251319 -0.054155 -0.144272 0.242397 -0.028112 -0.047846 -0.020178 0.998255
1305031122.283560 -0.056096 -0.130989 0.241371 -0.028797 -0.048700 -0.021316 0.998171
1305031122.314289 -0.056078 -0.109179 0.228421 -0.031108 -0.050512 -0.025731 0.997907
1305031122.351327 -0.060179 -0.099632 0.226879 -0.037754 -0.051678 -0.028900 0.997531
1305031122.382630 -0.061808 -0.087539 0.221170 -0.042404 -0.053387 -0.029221 0.997245
1305031122.414997 -0.066326 -0.081628 0.219374 -0.047329 -0.056399 -0.030460 0.996821
1305031122.451257 -0.069881 -0.070426 0.213620 -0.049401 -0.059955 -0.029481 0.996542
1305031122.483360 -0.066467 -0.058721 0.209224 -0.051935 -0.066431 -0.028691 0.996025
1305031122.515097 -0.068731 -0.049169 0.202370 -0.053504 -0.069084 -0.031022 0.995692
1305031122.551490 -0.066100 -0.037626 0.197599 -0.054552 -0.070793 -0.032893 0.995455
1305031122.583208 -0.066740 -0.027960 0.193085 -0.055911 -0.069141 -0.034138 0.995454
1305031122.614980 -0.072899 -0.020433 0.189052 -0.057346 -0.067381 -0.033869 0.995502
1305031122.648788 -0.070345 -0.010586 0.184306 -0.056493 -0.070395 -0.032178 0.995398
1305031122.683402 -0.073302 0.003683 0.178577 -0.054694 -0.070517 -0.031338 0.995517
1305031122.715208 -0.076107 0.013893 0.174101 -0.054490 -0.072243 -0.028542 0.995488
1305031122.751298 -0.072837 0.027853 0.168597 -0.053350 -0.075678 -0.028371 0.995300
1305031122.783423 -0.068618 0.043703 0.162792 -0.054826 -0.077532 -0.028710 0.995067
1305031122.812555 -0.069842 0.052217 0.159862 -0.059632 -0.075885 -0.029872 0.994883
1305031122.851418 -0.066376 0.058111 0.159045 -0.062981 -0.073050 -0.032273 0.994814
1305031122.883754 -0.066161 0.070170 0.155351 -0.065299 -0.066835 -0.030991 0.995143
1305031122.914571 -0.070439 0.074754 0.154259 -0.069982 -0.063167 -0.030109 0.995091
1305031122.951341 -0.073120 0.080379 0.152842 -0.071837 -0.061634 -0.029646 0.995069
1305031122.982815 -0.076032 0.092024 0.148569 -0.072175 -0.060536 -0.026490 0.995201
1305031123.015450 -0.076003 0.097336 0.145965 -0.075353 -0.061508 -0.023801 0.994973
1305031123.051827 -0.074709 0.103231 0.145832 -0.075298 -0.061772 -0.022119 0.995000
1305031123.082975 -0.074456 0.113420 0.141356 -0.074730 -0.060939 -0.019487 0.995149
1305031123.113873 -0.073346 0.127097 0.134871 -0.075598 -0.059691 -0.017276 0.995200
1305031123.150822 -0.073272 0.134456 0.133782 -0.078902 -0.059199 -0.017153 0.994975
1305031123.182155 -0.070356 0.143272 0.131937 -0.081828 -0.058175 -0.016885 0.994804
1305031123.214704 -0.065122 0.151413 0.130632 -0.086792 -0.055636 -0.017568 0.994517
1305031123.250618 -0.066981 0.166436 0.126472 -0.090680 -0.050699 -0.018266 0.994421
1305031123.282347 -0.066360 0.171390 0.127537 -0.101238 -0.047777 -0.016045 0.993585
1305031123.311327 -0.065237 0.180503 0.127732 -0.106571 -0.043934 -0.015968 0.993206
1305031123.350481 -0.064449 0.188141 0.126835 -0.111642 -0.039685 -0.015559 0.992834
1305031123.382255 -0.064741 0.197822 0.126089 -0.115877 -0.034499 -0.011837 0.992594
1305031123.411363 -0.063269 0.204865 0.126457 -0.118863 -0.030266 -0.010680 0.992392
1305031123.451255 -0.063985 0.213749 0.124776 -0.120901 -0.027300 -0.008958 0.992249
1305031123.483594 -0.065396 0.222912 0.122063 -0.124711 -0.024124 -0.004461 0.991890
1305031123.511360 -0.062599 0.229764 0.121801 -0.127534 -0.023607 -0.001976 0.991551
1305031123.551513 -0.062860 0.236794 0.120784 -0.129505 -0.023426 0.000466 0.991302
1305031123.579583 -0.061241 0.246235 0.118792 -0.130565 -0.023156 0.003874 0.991162
1305031123.611335 -0.058383 0.253213 0.116875 -0.131909 -0.022621 0.004934 0.990991
1305031123.652411 -0.055859 0.260716 0.114946 -0.135758 -0.020950 0.004377 0.990511
1305031123.683753 -0.054899 0.267098 0.113734 -0.139797 -0.017356 0.005743 0.990011
1305031123.711323 -0.053607 0.277455 0.112472 -0.142025 -0.014067 0.006740 0.989740
1305031123.751723 -0.056152 0.277133 0.114414 -0.147231 -0.010768 0.009215 0.989001
1305031123.783858 -0.057067 0.278340 0.114825 -0.149635 -0.010712 0.010885 0.988623
1305031123.811608 -0.055469 0.282584 0.113555 -0.149263 -0.011582 0.011914 0.988658
1305031123.851444 -0.055815 0.282397 0.113912 -0.150709 -0.011522 0.014407 0.988406
1305031123.883786 -0.061182 0.280479 0.114764 -0.150071 -0.010512 0.013125 0.988532
1305031123.911243 -0.057784 0.278097 0.115353 -0.147735 -0.013470 0.013995 0.988836
1305031123.951442 -0.054502 0.273674 0.114357 -0.149516 -0.015499 0.015749 0.988512
1305031123.983415 -0.057899 0.274182 0.117323 -0.148172 -0.016526 0.017735 0.988664
1305031124.011302 -0.060466 0.265708 0.121385 -0.144364 -0.019612 0.017224 0.989180
1305031124.051505 -0.061873 0.260293 0.121903 -0.140282 -0.021892 0.017670 0.989712
1305031124.083837 -0.060615 0.253538 0.124197 -0.139522 -0.025564 0.018593 0.989714
1305031124.111331 -0.059858 0.245897 0.129886 -0.132687 -0.028997 0.017047 0.990587
1305031124.147446 -0.059032 0.240875 0.130381 -0.126870 -0.030791 0.015091 0.991326
1305031124.182694 -0.057960 0.231133 0.134095 -0.126357 -0.032627 0.012971 0.991363
1305031124.211396 -0.058015 0.221539 0.139623 -0.120082 -0.033946 0.011304 0.992119
1305031124.249327 -0.061809 0.216543 0.140070 -0.113594 -0.033794 0.011454 0.992886
1305031124.282545 -0.060546 0.204864 0.143150 -0.115099 -0.039098 0.011822 0.992514
1305031124.311361 -0.060880 0.196671 0.148542 -0.109839 -0.043076 0.012003 0.992943
1305031124.350354 -0.058941 0.186185 0.150487 -0.105714 -0.047406 0.010633 0.993209
1305031124.382420 -0.057315 0.176109 0.152626 -0.102046 -0.050214 0.009600 0.993465
1305031124.411439 -0.057212 0.164390 0.156204 -0.097331 -0.051875 0.009074 0.993858
1305031124.450245 -0.056672 0.151303 0.158404 -0.091641 -0.053412 0.006989 0.994334
1305031124.480099 -0.059038 0.139967 0.160414 -0.085131 -0.053663 0.004616 0.994913
1305031124.511324 -0.058182 0.128774 0.162262 -0.079201 -0.056023 0.002726 0.995279
1305031124.550437 -0.059614 0.120497 0.163680 -0.073684 -0.057148 0.000122 0.995643
1305031124.579404 -0.062234 0.109869 0.166548 -0.069086 -0.058725 -0.002661 0.995877
1305031124.611358 -0.063038 0.097316 0.169689 -0.064518 -0.060909 -0.004469 0.996046
1305031124.651271 -0.059981 0.086257 0.172679 -0.060615 -0.064617 -0.005533 0.996052
1305031124.679362 -0.059785 0.071911 0.177225 -0.057319 -0.066419 -0.007621 0.996115
1305031124.711251 -0.057380 0.061848 0.179679 -0.052504 -0.067414 -0.009193 0.996300
1305031124.749890 -0.056990 0.050141 0.184503 -0.050102 -0.068003 -0.010293 0.996373
1305031124.779365 -0.061263 0.036751 0.188649 -0.047176 -0.067560 -0.011684 0.996531
1305031124.811360 -0.054748 0.028235 0.192714 -0.044051 -0.071370 -0.010743 0.996419
1305031124.850535 -0.055168 0.014796 0.200318 -0.044301 -0.072790 -0.011172 0.996300
1305031124.879355 -0.052143 0.001876 0.206973 -0.041788 -0.073872 -0.012336 0.996315
1305031124.911448 -0.051009 -0.007305 0.209430 -0.040545 -0.071587 -0.011347 0.996545
1305031124.950730 -0.050979 -0.014849 0.213709 -0.041586 -0.070145 -0.011796 0.996600
1305031124.979438 -0.056595 -0.038279 0.224527 -0.044052 -0.067878 -0.011131 0.996659
1305031125.011454 -0.060609 -0.049158 0.230062 -0.040038 -0.069298 -0.009554 0.996746
1305031125.050763 -0.055015 -0.052509 0.234304 -0.035697 -0.073383 -0.008787 0.996626
1305031125.079364 -0.055254 -0.063209 0.238746 -0.036644 -0.072277 -0.005562 0.996696
1305031125.111364 -0.057242 -0.073853 0.244817 -0.035691 -0.072987 -0.004171 0.996685
1305031125.151013 -0.053848 -0.087638 0.250794 -0.033605 -0.074885 -0.005202 0.996612
1305031125.179353 -0.051507 -0.089039 0.249616 -0.032612 -0.073016 -0.003555 0.996791
1305031125.211320 -0.056084 -0.098876 0.252711 -0.034939 -0.070076 -0.004193 0.996921
1305031125.250632 -0.057844 -0.116316 0.261120 -0.035516 -0.070166 -0.006391 0.996882
1305031125.279467 -0.057273 -0.119030 0.262123 -0.031509 -0.070385 -0.007010 0.996997
1305031125.311493 -0.061486 -0.130414 0.263004 -0.031579 -0.067138 -0.008124 0.997211
1305031125.348880 -0.062020 -0.136260 0.264955 -0.028026 -0.065948 -0.009960 0.997380
1305031125.379401 -0.058970 -0.139237 0.266032 -0.026764 -0.064793 -0.014549 0.997434
1305031125.411335 -0.057042 -0.147501 0.270620 -0.028004 -0.059240 -0.015306 0.997734
1305031125.451195 -0.058970 -0.152584 0.270510 -0.030391 -0.053342 -0.017515 0.997960
1305031125.479424 -0.060709 -0.162934 0.276872 -0.031281 -0.049081 -0.018901 0.998126
1305031125.511316 -0.060343 -0.163172 0.277000 -0.029988 -0.045469 -0.019652 0.998322
1305031125.551020 -0.060695 -0.166630 0.277968 -0.031010 -0.042232 -0.021709 0.998390
1305031125.579308 -0.059791 -0.169389 0.278041 -0.032687 -0.038894 -0.024127 0.998417
1305031125.611533 -0.062853 -0.173515 0.279742 -0.032343 -0.034649 -0.024303 0.998580
1305031125.650575 -0.070498 -0.174597 0.277845 -0.027808 -0.032259 -0.021311 0.998865
1305031125.679328 -0.070292 -0.168633 0.272168 -0.023197 -0.036859 -0.019892 0.998853
1305031125.711443 -0.069982 -0.168249 0.271098 -0.021843 -0.042429 -0.018533 0.998689
1305031125.751260 -0.064193 -0.157580 0.265962 -0.016359 -0.046398 -0.016560 0.998652
1305031125.779348 -0.061242 -0.149205 0.259947 -0.015846 -0.047963 -0.019072 0.998541
1305031125.811573 -0.059928 -0.140647 0.254946 -0.015421 -0.047362 -0.020477 0.998549
1305031125.847412 -0.061467 -0.133848 0.250586 -0.017822 -0.045153 -0.022623 0.998565
1305031125.879318 -0.064633 -0.124060 0.246985 -0.017438 -0.045057 -0.023440 0.998557
1305031125.911305 -0.066625 -0.107328 0.240005 -0.018657 -0.047672 -0.022003 0.998446
1305031125.947343 -0.071695 -0.101895 0.239824 -0.022928 -0.053243 -0.019775 0.998122
1305031125.979324 -0.068213 -0.090751 0.236426 -0.023486 -0.061873 -0.015577 0.997686
1305031126.011333 -0.065667 -0.077131 0.230422 -0.024728 -0.067402 -0.016741 0.997279
1305031126.047324 -0.058198 -0.059658 0.227312 -0.025867 -0.070886 -0.015589 0.997027
1305031126.079356 -0.057282 -0.048867 0.223405 -0.030726 -0.069252 -0.014628 0.997019
1305031126.111370 -0.056828 -0.040801 0.222507 -0.035690 -0.068452 -0.015613 0.996894
1305031126.147432 -0.056224 -0.024033 0.218162 -0.037130 -0.067212 -0.013399 0.996958
1305031126.179384 -0.055612 -0.005701 0.214012 -0.041494 -0.067457 -0.012794 0.996777
1305031126.211319 -0.056041 0.001026 0.216071 -0.047710 -0.067795 -0.013096 0.996472
1305031126.247298 -0.051977 0.014426 0.212995 -0.050956 -0.067775 -0.012707 0.996318
1305031126.279363 -0.051942 0.028129 0.210198 -0.054363 -0.065767 -0.014101 0.996253
1305031126.311332 -0.049351 0.042149 0.206994 -0.058299 -0.063368 -0.015341 0.996168
1305031126.347363 -0.048321 0.050400 0.205801 -0.063944 -0.060066 -0.016873 0.996001
1305031126.379423 -0.050855 0.062023 0.202554 -0.067426 -0.056083 -0.018333 0.995978
1305031126.411465 -0.052607 0.073677 0.198532 -0.071647 -0.053629 -0.020315 0.995780
1305031126.447361 -0.053266 0.081069 0.197583 -0.076841 -0.052079 -0.019496 0.995491
1305031126.479533 -0.054929 0.089811 0.194466 -0.079713 -0.051731 -0.016819 0.995333
1305031126.511410 -0.054015 0.107042 0.188274 -0.079962 -0.053654 -0.015575 0.995231
1305031126.547374 -0.052049 0.114774 0.187269 -0.086925 -0.054390 -0.014757 0.994620
1305031126.579454 -0.048855 0.119765 0.186004 -0.093293 -0.053193 -0.012745 0.994135
1305031126.611528 -0.049662 0.128688 0.183627 -0.098106 -0.050754 -0.011823 0.993811
1305031126.647376 -0.047620 0.131009 0.185495 -0.104147 -0.049671 -0.009536 0.993275
1305031126.679479 -0.046478 0.135057 0.183549 -0.107303 -0.047768 -0.005119 0.993065
1305031126.711583 -0.046828 0.141772 0.179598 -0.109583 -0.045392 -0.002563 0.992937
1305031126.747316 -0.044675 0.143647 0.180211 -0.111567 -0.044542 0.000504 0.992758
1305031126.779379 -0.044701 0.148689 0.177131 -0.111363 -0.043123 0.003667 0.992837
1305031126.811602 -0.039941 0.152130 0.175110 -0.111859 -0.042531 0.004062 0.992805
1305031126.847343 -0.040093 0.156084 0.172000 -0.111825 -0.038171 0.004440 0.992985
1305031126.879357 -0.039007 0.158056 0.170836 -0.112878 -0.036544 0.005259 0.992923
1305031126.911364 -0.036776 0.158727 0.169612 -0.113527 -0.035202 0.004573 0.992901
1305031126.947437 -0.039660 0.163314 0.166922 -0.112438 -0.032585 0.006287 0.993104
1305031126.979337 -0.038406 0.160569 0.167415 -0.114245 -0.034061 0.007494 0.992840
1305031127.011371 -0.038276 0.158975 0.167371 -0.113491 -0.034965 0.007819 0.992893
1305031127.047297 -0.038605 0.160229 0.166346 -0.112143 -0.035029 0.008722 0.993036
1305031127.079299 -0.038198 0.159420 0.167011 -0.112649 -0.035756 0.009116 0.992949
1305031127.111435 -0.040233 0.159056 0.167353 -0.111815 -0.037280 0.010096 0.992978
1305031127.147307 -0.041198 0.155093 0.168487 -0.111366 -0.040365 0.010629 0.992903
1305031127.179349 -0.040701 0.155024 0.168643 -0.108702 -0.043541 0.009938 0.993071
1305031127.211700 -0.039379 0.152050 0.169687 -0.108599 -0.045400 0.009538 0.993003
1305031127.247374 -0.039206 0.149309 0.171344 -0.106423 -0.045702 0.008720 0.993232
1305031127.279465 -0.039008 0.149421 0.171873 -0.103286 -0.046261 0.008090 0.993542
1305031127.311362 -0.040869 0.147856 0.172699 -0.103205 -0.046484 0.007223 0.993547
1305031127.347356 -0.041807 0.141780 0.176404 -0.102322 -0.047902 0.006595 0.993575
1305031127.379262 -0.042524 0.141605 0.177014 -0.099078 -0.048798 0.006166 0.993863
1305031127.411371 -0.042156 0.139127 0.178418 -0.099309 -0.050305 0.005707 0.993768
1305031127.447333 -0.042910 0.134452 0.181749 -0.099129 -0.051585 0.005417 0.993722
1305031127.479362 -0.042172 0.134557 0.182481 -0.096871 -0.053182 0.004986 0.993863
1305031127.511356 -0.042440 0.135468 0.183534 -0.096866 -0.054500 0.004110 0.993796
1305031127.547348 -0.043837 0.131253 0.186227 -0.097398 -0.054950 0.003790 0.993720
1305031127.579345 -0.043572 0.131407 0.187136 -0.095320 -0.055726 0.003785 0.993878
1305031127.611271 -0.043892 0.133148 0.187435 -0.094816 -0.056179 0.003734 0.993901
1305031127.647358 -0.043513 0.128915 0.190122 -0.096783 -0.056754 0.004818 0.993674
1305031127.679298 -0.043158 0.127144 0.191025 -0.095580 -0.057533 0.005847 0.993741
1305031127.711375 -0.042530 0.130086 0.189962 -0.093799 -0.058703 0.005477 0.993844
1305031127.747304 -0.042615 0.128000 0.191422 -0.095316 -0.059136 0.005558 0.993673
1305031127.779346 -0.043983 0.125132 0.192553 -0.094836 -0.058771 0.005539 0.993741
1305031127.811829 -0.044373 0.125074 0.191207 -0.093442 -0.058987 0.004357 0.993866
1305031127.847366 -0.045611 0.124726 0.191018 -0.093492 -0.058516 0.003434 0.993893
1305031127.879380 -0.047227 0.122960 0.191499 -0.094021 -0.058337 0.003067 0.993855
1305031127.911476 -0.048186 0.123958 0.191420 -0.092964 -0.058912 0.002406 0.993922
1305031127.947366 -0.047570 0.124856 0.191523 -0.093402 -0.060069 0.002764 0.993811
1305031127.979371 -0.050397 0.125796 0.191921 -0.094073 -0.059481 0.002452 0.993784
1305031128.011427 -0.048069 0.124345 0.194680 -0.095908 -0.060703 0.002173 0.993535
1305031128.047369 -0.048777 0.122594 0.197078 -0.098567 -0.059182 0.002759 0.993365
1305031128.079334 -0.048287 0.118958 0.199747 -0.099513 -0.059265 0.004161 0.993261
1305031128.111391 -0.046492 0.117846 0.202074 -0.099377 -0.060414 0.005448 0.993199
1305031128.147418 -0.046036 0.116927 0.202913 -0.100269 -0.060635 0.006857 0.993087
1305031128.179350 -0.046454 0.114420 0.204991 -0.099727 -0.060294 0.007699 0.993157
1305031128.211447 -0.044589 0.115017 0.205914 -0.097771 -0.061389 0.008417 0.993278
1305031128.247480 -0.043408 0.115724 0.205408 -0.097828 -0.062394 0.009122 0.993204
1305031128.279336 -0.044772 0.111884 0.207701 -0.099317 -0.062238 0.009049 0.993066
1305031128.311483 -0.044778 0.113221 0.206446 -0.097385 -0.062199 0.008316 0.993267
1305031128.347423 -0.044577 0.113542 0.206240 -0.097263 -0.062535 0.007652 0.993263
1305031128.379404 -0.045578 0.112144 0.206910 -0.097802 -0.062609 0.006032 0.993216
1305031128.411337 -0.046412 0.110923 0.206251 -0.097356 -0.062307 0.004747 0.993286
1305031128.447296 -0.047070 0.111907 0.205679 -0.096355 -0.062159 0.003409 0.993398
1305031128.479296 -0.047456 0.110427 0.206174 -0.097064 -0.062259 0.002483 0.993326
1305031128.511433 -0.046904 0.109331 0.206029 -0.096953 -0.062398 0.001924 0.993329
1305031128.547399 -0.047048 0.110331 0.205861 -0.096280 -0.061843 0.001301 0.993430
1305031128.579455 -0.047613 0.107335 0.206265 -0.096679 -0.060922 0.000957 0.993449
1305031128.611395 -0.047826 0.105934 0.205985 -0.096022 -0.061128 0.001454 0.993499
1305031128.647352 -0.050288 0.107206 0.204537 -0.094813 -0.061258 0.001583 0.993607
