# TF Coordinate Frame ID: openni_rgb_optical_frame(data: openni_rgb_optical_frame)
1305031102.175304 -0.001122 -0.003739 -0.000263 -0.000713 0.000772 -0.002732 0.999996
1305031102.211214 0.002862 0.003568 0.008820 -0.003066 -0.003793 -0.002843 0.999984
1305031102.243211 -0.002389 0.007261 0.017237 -0.007765 -0.005278 -0.003259 0.999951
1305031102.275326 -0.003035 0.006500 0.033786 -0.013022 -0.008312 -0.003025 0.999876
1305031102.311267 -0.003188 0.003572 0.047109 -0.018841 -0.010506 -0.002342 0.999765
1305031102.343233 -0.008273 0.003075 0.061734 -0.021287 -0.011084 -0.001550 0.999711
1305031102.375329 -0.003153 0.004545 0.074474 -0.023627 -0.014782 -0.000139 0.999612
1305031102.411258 -0.008492 0.005593 0.085610 -0.025570 -0.016025 -0.001823 0.999543
1305031102.443271 -0.006955 0.016719 0.091830 -0.027052 -0.019189 -0.001754 0.999448
1305031102.475318 -0.003911 0.014612 0.103534 -0.036067 -0.022432 -0.001745 0.999096
1305031102.511219 -0.002917 0.019550 0.140475 -0.039843 -0.024857 -0.002337 0.998894
1305031102.575286 -0.001008 0.008366 0.150918 -0.049422 -0.021106 -0.006400 0.998534
1305031102.611233 -0.003601 0.005573 0.172745 -0.048079 -0.018573 -0.005153 0.998658
1305031102.643265 -0.009307 0.012215 0.178738 -0.044624 -0.016121 -0.004895 0.998862
1305031102.675285 -0.012167 0.015557 0.182886 -0.045456 -0.015474 -0.004140 0.998838
1305031102.711263 -0.013135 0.015444 0.196559 -0.046748 -0.015794 -0.003311 0.998776
1305031102.743234 -0.010301 0.023984 0.207400 -0.045474 -0.016992 -0.001173 0.998820
1305031102.775472 -0.007816 0.021798 0.216062 -0.049113 -0.015284 -0.002917 0.998672
1305031102.811232 -0.008123 0.024386 0.232788 -0.050579 -0.012605 -0.004231 0.998632
1305031102.843290 -0.009835 0.027385 0.243760 -0.051376 -0.008120 -0.005084 0.998633
1305031102.875363 -0.014067 0.029286 0.258190 -0.051280 -0.004082 -0.008487 0.998640
1305031102.911185 -0.014594 0.032677 0.270359 -0.050604 -0.002921 -0.008958 0.998674
1305031102.943229 -0.022169 0.035817 0.280409 -0.050078 -0.000476 -0.011180 0.998683
1305031102.975203 -0.031080 0.040261 0.292515 -0.049349 -0.003929 -0.012352 0.998698
1305031103.011215 -0.032315 0.045214 0.304476 -0.049713 -0.009936 -0.009669 0.998667
1305031103.043227 -0.032673 0.048753 0.314557 -0.051235 -0.016173 -0.006972 0.998531
1305031103.075319 -0.026846 0.049555 0.330356 -0.051528 -0.022039 -0.004232 0.998419
1305031103.111240 -0.028310 0.055330 0.338795 -0.049476 -0.020980 -0.003292 0.998549
1305031103.143318 -0.028201 0.057515 0.344388 -0.051691 -0.021120 -0.001038 0.998439
1305031103.175452 -0.026760 0.063736 0.352953 -0.050818 -0.020152 -0.000448 0.998504
1305031103.211220 -0.026615 0.073774 0.375827 -0.053981 -0.022576 0.002305 0.998284
1305031103.275370 -0.042157 0.069439 0.370651 -0.074008 -0.014591 0.005949 0.997133
1305031103.311210 -0.042190 0.067646 0.386028 -0.081106 -0.025816 0.006798 0.996348
1305031103.343223 -0.028423 0.072016 0.393372 -0.080296 -0.037316 0.009253 0.996029
1305031103.375327 -0.027901 0.071005 0.395795 -0.084545 -0.035314 0.010845 0.995735
1305031103.411260 -0.028785 0.070344 0.397799 -0.085064 -0.035264 0.012485 0.995673
1305031103.443280 -0.027302 0.069074 0.397650 -0.084808 -0.040031 0.012050 0.995520
1305031103.475274 -0.026242 0.066129 0.396877 -0.085108 -0.043408 0.010776 0.995367
1305031103.511333 -0.022541 0.062839 0.394918 -0.082778 -0.047960 0.009256 0.995370
1305031103.543444 -0.023266 0.058374 0.389575 -0.079195 -0.048737 0.007216 0.995641
1305031103.575474 -0.025526 0.056711 0.381520 -0.073790 -0.049403 0.007224 0.996023
1305031103.611223 -0.028057 0.052957 0.369357 -0.071088 -0.051604 0.008186 0.996101
1305031103.643445 -0.027305 0.048500 0.360895 -0.068708 -0.055826 0.009243 0.996031
1305031103.675523 -0.023158 0.044458 0.351189 -0.066474 -0.059891 0.009835 0.995941
1305031103.711610 -0.017164 0.041588 0.341939 -0.063998 -0.063480 0.011002 0.995868
1305031103.743326 -0.015220 0.035662 0.330239 -0.061906 -0.063410 0.009559 0.996020
1305031103.775342 -0.014537 0.031906 0.316260 -0.059345 -0.062892 0.006327 0.996234
1305031103.811242 -0.014678 0.031162 0.297073 -0.058602 -0.060045 0.003663 0.996467
1305031103.843251 -0.018849 0.030880 0.275930 -0.061078 -0.058137 0.000217 0.996438
1305031103.875361 -0.018993 0.023326 0.266943 -0.067608 -0.061336 -0.002093 0.995823
1305031103.911221 -0.020203 0.017204 0.261736 -0.067089 -0.065431 -0.004417 0.995589
1305031103.943211 -0.014564 0.015510 0.250431 -0.064136 -0.070094 -0.004655 0.995466
1305031103.975373 -0.011691 0.010397 0.236896 -0.062443 -0.072962 -0.005103 0.995365
1305031104.011232 -0.005020 0.000989 0.226897 -0.060488 -0.075460 -0.006616 0.995291
1305031104.043249 0.001276 -0.006538 0.216313 -0.055487 -0.073815 -0.007903 0.995696
1305031104.075425 0.006323 -0.006773 0.195672 -0.049897 -0.069540 -0.010751 0.996272
1305031104.111235 0.010593 -0.011030 0.181195 -0.047093 -0.064158 -0.011421 0.996763
1305031104.143230 0.008324 -0.018321 0.167515 -0.044038 -0.057361 -0.012164 0.997308
1305031104.175424 0.009011 -0.021903 0.154570 -0.039999 -0.054113 -0.013094 0.997647
1305031104.211283 0.007840 -0.023824 0.140983 -0.035629 -0.050806 -0.013427 0.997982
1305031104.243196 0.011847 -0.028397 0.129039 -0.031939 -0.049744 -0.012934 0.998167
1305031104.275546 0.013963 -0.030180 0.116796 -0.027412 -0.047425 -0.013099 0.998413
1305031104.311219 0.017492 -0.031956 0.102253 -0.022850 -0.044359 -0.013463 0.998664
1305031104.343342 0.016034 -0.031623 0.086614 -0.018994 -0.039327 -0.014250 0.998944
1305031104.375837 0.011958 -0.031795 0.068911 -0.016235 -0.032451 -0.015213 0.999226
1305031104.411509 0.012592 -0.031316 0.057467 -0.014655 -0.028512 -0.013338 0.999397
1305031104.443288 0.002313 -0.030136 0.044218 -0.013135 -0.023894 -0.014483 0.999523
1305031104.475456 -0.002091 -0.030368 0.033695 -0.013528 -0.024236 -0.014263 0.999513
1305031104.511329 -0.002501 -0.036951 0.029593 -0.014489 -0.026666 -0.012474 0.999462
1305031104.543368 0.002208 -0.039651 0.026423 -0.012181 -0.031615 -0.010182 0.999374
1305031104.575343 0.010529 -0.043861 0.022852 -0.007384 -0.032664 -0.008875 0.999400
1305031104.611336 0.014211 -0.057723 0.024631 -0.000779 -0.028481 -0.007380 0.999567
1305031104.643243 0.019146 -0.055157 0.013496 0.012243 -0.022242 -0.007660 0.999648
1305031104.675525 0.020367 -0.055098 0.003163 0.024911 -0.013523 -0.006558 0.999577
1305031104.711277 0.019358 -0.057847 -0.005116 0.038763 -0.005008 -0.004631 0.999225
1305031104.743280 0.018895 -0.055485 -0.019001 0.052679 0.002596 -0.002550 0.998605
1305031104.775327 0.021174 -0.052243 -0.029389 0.065418 0.009644 -0.000559 0.997811
1305031104.811465 0.022453 -0.048711 -0.041369 0.077350 0.016749 0.002683 0.996860
1305031104.843258 0.022913 -0.044980 -0.056457 0.085532 0.024200 0.004154 0.996033
1305031104.875350 0.018651 -0.037168 -0.067397 0.092994 0.029268 0.006694 0.995214
1305031104.911534 0.021774 -0.038980 -0.082119 0.093595 0.029057 0.008571 0.995149
1305031104.943262 0.024472 -0.037852 -0.089707 0.093833 0.030049 0.008555 0.995098
1305031104.975202 0.021389 -0.029901 -0.095139 0.094836 0.030313 0.008787 0.994992
1305031105.011290 0.025178 -0.024342 -0.098581 0.090239 0.028387 0.009120 0.995474
1305031105.043373 0.025168 -0.023284 -0.093557 0.084270 0.027852 0.007620 0.996025
1305031105.075320 0.020264 -0.020033 -0.089818 0.077827 0.028095 0.005272 0.996557
1305031105.111299 0.016750 -0.021265 -0.077801 0.071481 0.028171 0.003618 0.997038
1305031105.143106 0.011914 -0.011306 -0.067495 0.067491 0.026010 0.000910 0.997380
1305031105.175159 0.013621 -0.004691 -0.061784 0.055396 0.022127 -0.001590 0.998218
1305031105.211268 0.002809 -0.011273 -0.044886 0.042241 0.020973 -0.004435 0.998877
1305031105.243270 -0.003679 -0.010946 -0.024092 0.033161 0.016152 -0.006770 0.999297
1305031105.275288 -0.009069 -0.005972 -0.011831 0.024018 0.010439 -0.008579 0.999620
1305031105.311290 -0.013224 -0.007870 0.007117 0.013328 0.003977 -0.008768 0.999865
1305031105.343302 -0.014422 -0.015131 0.025813 0.002918 -0.002419 -0.009636 0.999946
1305031105.375338 -0.013259 -0.019480 0.046843 -0.002874 -0.009029 -0.008430 0.999920
1305031105.411286 -0.012863 -0.012320 0.056110 -0.006650 -0.014448 -0.009256 0.999831
1305031105.443316 -0.014519 -0.013589 0.072039 -0.013759 -0.018240 -0.009306 0.999696
1305031105.475280 -0.018076 -0.015456 0.088582 -0.018202 -0.021198 -0.010604 0.999553
1305031105.511332 -0.016497 -0.013550 0.099929 -0.022505 -0.024197 -0.010690 0.999397
1305031105.543282 -0.017640 -0.014756 0.116481 -0.027270 -0.024908 -0.009702 0.999271
1305031105.575449 -0.019678 -0.014701 0.129995 -0.030813 -0.025702 -0.010519 0.999139
1305031105.611378 -0.017825 -0.015098 0.148010 -0.033772 -0.027875 -0.009627 0.998994
1305031105.643273 -0.020240 -0.015967 0.165643 -0.035852 -0.028054 -0.006634 0.998941
1305031105.675166 -0.021024 -0.013238 0.173783 -0.036651 -0.028245 -0.007218 0.998903
1305031105.711309 -0.013565 -0.016507 0.195890 -0.037771 -0.028824 -0.006288 0.998851
1305031105.743312 -0.010943 -0.013139 0.210474 -0.036487 -0.026029 -0.005186 0.998982
1305031105.775339 -0.007135 -0.009099 0.222988 -0.035399 -0.022084 -0.005323 0.999115
1305031105.811283 -0.009885 -0.008302 0.238503 -0.034626 -0.016149 -0.004575 0.999259
1305031105.843271 -0.008360 -0.005081 0.254358 -0.032315 -0.012722 -0.004447 0.999387
1305031105.875337 -0.010687 0.001007 0.262046 -0.030890 -0.005819 -0.002930 0.999502
1305031105.911262 -0.011631 0.002671 0.272821 -0.034472 -0.000955 0.001425 0.999404
1305031105.943272 -0.012362 0.006973 0.285297 -0.036829 0.003016 0.004097 0.999309
1305031105.975329 -0.011507 0.011395 0.295930 -0.041354 0.005275 0.005612 0.999115
1305031106.011285 -0.010687 0.014568 0.307177 -0.046110 0.007556 0.007493 0.998880
1305031106.043355 -0.012529 0.019656 0.320333 -0.049923 0.010555 0.008401 0.998662
1305031106.075330 -0.014580 0.023795 0.332464 -0.054158 0.011829 0.010166 0.998411
1305031106.111327 -0.018121 0.031183 0.345282 -0.058278 0.013233 0.011132 0.998151
1305031106.143355 -0.020473 0.035828 0.356676 -0.063795 0.012095 0.012286 0.997814
1305031106.175534 -0.020703 0.035933 0.368344 -0.069078 0.010126 0.013248 0.997472
1305031106.211275 -0.019904 0.038455 0.379685 -0.072282 0.007260 0.015276 0.997241
1305031106.243267 -0.021608 0.040069 0.391681 -0.072839 0.005733 0.017785 0.997169
1305031106.276385 -0.022921 0.046739 0.395941 -0.072687 0.004750 0.019412 0.997155
1305031106.311238 -0.024559 0.050406 0.401064 -0.076262 0.004168 0.022328 0.996829
1305031106.343258 -0.028534 0.056658 0.407924 -0.080739 0.004622 0.021623 0.996490
1305031106.375388 -0.024139 0.057655 0.413717 -0.090475 0.002399 0.015382 0.995777
1305031106.411320 -0.018623 0.053713 0.419786 -0.097677 0.004506 0.010477 0.995153
1305031106.443278 -0.019842 0.053291 0.424267 -0.098278 0.006494 0.007092 0.995113
1305031106.475345 -0.022170 0.050601 0.420778 -0.098735 0.006531 0.006710 0.995070
1305031106.511129 -0.022998 0.050569 0.417429 -0.094932 0.002390 0.006579 0.995459
1305031106.543302 -0.023179 0.051376 0.409823 -0.089447 -0.001669 0.005263 0.995976
1305031106.575282 -0.020791 0.047268 0.401891 -0.087534 -0.005313 0.004186 0.996139
1305031106.611151 -0.024589 0.045966 0.389119 -0.086989 -0.006655 0.001308 0.996186
1305031106.643207 -0.022289 0.040850 0.381910 -0.087577 -0.011125 -0.000386 0.996096
1305031106.675279 -0.026855 0.040820 0.368169 -0.083800 -0.012506 -0.001048 0.996404
1305031106.711508 -0.029405 0.036797 0.353815 -0.085722 -0.017245 -0.001717 0.996168
1305031106.743341 -0.029347 0.032216 0.343211 -0.085201 -0.024581 -0.001267 0.996060
1305031106.775390 -0.025610 0.029255 0.329899 -0.084009 -0.032891 -0.002011 0.995920
1305031106.811289 -0.025988 0.029587 0.312031 -0.083078 -0.035966 -0.001745 0.995892
1305031106.843416 -0.025339 0.021152 0.299930 -0.085239 -0.040196 -0.002809 0.995545
1305031106.875905 -0.020897 0.014817 0.288884 -0.080764 -0.045079 -0.006074 0.995695
1305031106.911243 -0.013532 0.014645 0.272054 -0.076889 -0.048068 -0.009138 0.995838
1305031106.943439 -0.011992 0.005168 0.254287 -0.077334 -0.046732 -0.012706 0.995828
1305031106.975547 -0.012793 -0.000162 0.241768 -0.070909 -0.044316 -0.016350 0.996364
1305031107.011576 -0.006739 -0.003415 0.223320 -0.066003 -0.044151 -0.018856 0.996664
1305031107.043281 -0.012688 -0.000421 0.198547 -0.061632 -0.037740 -0.021804 0.997147
1305031107.075432 -0.016726 -0.011796 0.192279 -0.060716 -0.036669 -0.022894 0.997219
1305031107.111229 -0.014743 -0.012925 0.173503 -0.055251 -0.037428 -0.024146 0.997479
1305031107.143260 -0.010134 -0.012504 0.153537 -0.052213 -0.037310 -0.023486 0.997662
1305031107.175399 -0.010415 -0.018475 0.142112 -0.050876 -0.035371 -0.024451 0.997779
1305031107.211358 -0.011039 -0.026169 0.133577 -0.045802 -0.032736 -0.027102 0.998046
1305031107.243378 -0.004440 -0.024795 0.122948 -0.038560 -0.031643 -0.026496 0.998404
1305031107.275398 -0.003252 -0.030298 0.109367 -0.033498 -0.028336 -0.026993 0.998672
1305031107.311226 -0.000641 -0.037506 0.097294 -0.027693 -0.024886 -0.026784 0.998948
1305031107.343509 0.000182 -0.040596 0.088104 -0.015958 -0.020903 -0.028488 0.999248
1305031107.375413 0.000647 -0.039371 0.072512 -0.006487 -0.014810 -0.028040 0.999476
1305031107.411271 0.001437 -0.041574 0.058449 0.000048 -0.009268 -0.029166 0.999532
1305031107.443419 0.005445 -0.043012 0.046319 0.004612 -0.004675 -0.029029 0.999557
1305031107.475377 0.007476 -0.040030 0.039199 0.009873 0.000505 -0.027651 0.999569
1305031107.511352 0.008025 -0.032533 0.030518 0.013538 0.005012 -0.027545 0.999516
1305031107.543605 0.009960 -0.033285 0.019162 0.011067 0.008403 -0.026432 0.999554
1305031107.575454 0.011904 -0.039539 0.027218 0.008961 0.010100 -0.022861 0.999647
1305031107.611271 0.014041 -0.034139 0.022710 0.010621 0.011754 -0.021396 0.999646
1305031107.643323 0.016484 -0.031010 0.018562 0.008229 0.013353 -0.020641 0.999664
1305031107.675568 0.013936 -0.032245 0.023948 0.006272 0.014560 -0.020093 0.999672
1305031107.711307 0.011840 -0.027236 0.024152 0.006361 0.015247 -0.019695 0.999670
1305031107.743538 0.009980 -0.021191 0.021494 0.003990 0.014520 -0.018837 0.999709
1305031107.775802 0.010374 -0.023762 0.026174 0.000228 0.011412 -0.020209 0.999731
1305031107.811596 0.013446 -0.022808 0.028734 -0.001929 0.008700 -0.020186 0.999757
1305031107.843332 0.014270 -0.017198 0.029380 -0.002648 0.008627 -0.020898 0.999741
1305031107.875358 0.020424 -0.022817 0.036329 -0.005323 0.008333 -0.024528 0.999650
1305031107.911541 0.023618 -0.022396 0.041882 -0.004532 0.010874 -0.026931 0.999568
1305031107.943122 0.027469 -0.024500 0.048790 -0.003070 0.014631 -0.028010 0.999496
1305031107.975807 0.031320 -0.026775 0.050679 -0.001444 0.019377 -0.027734 0.999426
1305031108.011320 0.038604 -0.028136 0.051070 0.001722 0.024610 -0.029853 0.999250
1305031108.043418 0.052152 -0.025629 0.049919 0.005180 0.030447 -0.028541 0.999115
1305031108.075352 0.064310 -0.025497 0.049494 0.006923 0.038721 -0.022744 0.998967
1305031108.111378 0.067164 -0.027743 0.052943 0.008872 0.047434 -0.022728 0.998576
1305031108.143334 0.078698 -0.024553 0.053743 0.012063 0.051285 -0.022514 0.998357
1305031108.176058 0.092322 -0.019399 0.051149 0.011260 0.053793 -0.018532 0.998317
1305031108.211475 0.106024 -0.020079 0.051889 0.006170 0.054479 -0.017462 0.998343
1305031108.243347 0.121699 -0.025101 0.060728 0.004307 0.056547 -0.020159 0.998187
1305031108.275358 0.132766 -0.021654 0.062160 0.005557 0.060852 -0.020175 0.997927
1305031108.311332 0.137455 -0.017362 0.060065 0.002285 0.064215 -0.018947 0.997754
1305031108.343278 0.146274 -0.015951 0.062311 -0.003367 0.063337 -0.016722 0.997846
1305031108.375410 0.150089 -0.012520 0.067619 -0.007798 0.062616 -0.011822 0.997937
1305031108.411361 0.164376 -0.015389 0.070933 -0.014498 0.057708 -0.005838 0.998211
1305031108.443610 0.180151 -0.014363 0.074180 -0.018689 0.055523 0.001036 0.998282
1305031108.475471 0.191838 -0.016248 0.080416 -0.022010 0.055342 0.008743 0.998187
1305031108.511378 0.217977 -0.016569 0.083093 -0.020676 0.054009 0.014118 0.998227
1305031108.543737 0.234436 -0.015000 0.086841 -0.015443 0.059941 0.014310 0.997980
1305031108.575414 0.241156 -0.009625 0.084351 -0.010776 0.066336 0.011474 0.997673
1305031108.611407 0.253162 -0.009837 0.083318 -0.011426 0.072802 0.012345 0.997205
1305031108.643303 0.260082 -0.010363 0.086039 -0.012088 0.079650 0.013784 0.996654
1305031108.675375 0.275247 -0.008390 0.081913 -0.015108 0.083524 0.017819 0.996232
1305031108.711411 0.284923 -0.009682 0.085792 -0.019411 0.091526 0.021393 0.995384
1305031108.743502 0.292917 -0.008813 0.087939 -0.020339 0.096368 0.022237 0.994889
1305031108.775493 0.300079 -0.007260 0.087027 -0.020943 0.100245 0.024411 0.994443
1305031108.811244 0.301983 -0.007860 0.088379 -0.022470 0.104660 0.029597 0.993814
1305031108.843264 0.302954 -0.010138 0.091117 -0.022201 0.105293 0.034744 0.993586
1305031108.876515 0.307599 -0.007783 0.090570 -0.019025 0.101258 0.041787 0.993800
1305031108.911364 0.306507 -0.015039 0.091705 -0.018401 0.099036 0.045876 0.993855
1305031108.943243 0.302936 -0.010736 0.088674 -0.010916 0.095717 0.047515 0.994214
1305031108.975268 0.301208 -0.006145 0.084270 -0.005985 0.089001 0.045687 0.994965
1305031109.011269 0.304099 -0.012114 0.080494 -0.009201 0.083337 0.044667 0.995477
1305031109.043277 0.296717 -0.011693 0.081278 -0.007636 0.083311 0.042066 0.995606
1305031109.075410 0.289276 -0.006858 0.075856 -0.007915 0.080129 0.037107 0.996062
1305031109.111282 0.281518 -0.010550 0.072281 -0.013404 0.078406 0.034240 0.996243
1305031109.143334 0.266104 -0.010912 0.075603 -0.013731 0.077117 0.030728 0.996454
1305031109.175464 0.252752 -0.008522 0.073338 -0.013414 0.071191 0.026719 0.997015
1305031109.211379 0.241881 -0.003247 0.069891 -0.017856 0.066787 0.029898 0.997159
1305031109.243290 0.230185 -0.007297 0.070098 -0.028236 0.064177 0.034734 0.996934
1305031109.275308 0.216370 -0.013117 0.074984 -0.030939 0.059800 0.039164 0.996962
1305031109.311329 0.202872 -0.005558 0.073778 -0.026498 0.050174 0.040194 0.997580
1305031109.343248 0.188190 -0.006879 0.071428 -0.030984 0.040644 0.039564 0.997909
1305031109.375397 0.176611 -0.004992 0.073792 -0.032490 0.031991 0.038657 0.998212
1305031109.411329 0.163381 -0.000766 0.072827 -0.031776 0.024629 0.034314 0.998602
1305031109.443302 0.150785 0.001159 0.070932 -0.035261 0.019624 0.028892 0.998768
1305031109.475363 0.140940 -0.000673 0.071001 -0.038466 0.016109 0.026068 0.998790
1305031109.511273 0.131093 -0.002377 0.073781 -0.038691 0.012143 0.022873 0.998916
1305031109.543294 0.117174 -0.001079 0.072601 -0.035591 0.010665 0.020007 0.999109
1305031109.575362 0.101068 0.001113 0.068129 -0.034726 0.011532 0.019326 0.999143
1305031109.611310 0.090313 0.001175 0.066095 -0.035237 0.009138 0.018023 0.999175
1305031109.643229 0.076961 0.001975 0.064149 -0.035869 0.008237 0.016397 0.999188
1305031109.675263 0.059438 0.002907 0.059532 -0.038469 0.009423 0.018660 0.999041
1305031109.711312 0.047054 0.009081 0.058301 -0.039245 0.005769 0.017641 0.999057
1305031109.743274 0.035192 0.009980 0.058586 -0.043745 0.002262 0.016926 0.998897
1305031109.775277 0.024347 0.007801 0.061809 -0.047669 0.000056 0.017255 0.998714
1305031109.811371 0.010389 0.010533 0.063520 -0.049384 -0.001154 0.016348 0.998645
1305031109.843296 -0.003723 0.011061 0.064309 -0.052802 -0.003637 0.015368 0.998480
1305031109.875306 -0.021995 0.011359 0.061710 -0.056466 -0.005243 0.013667 0.998297
1305031109.911265 -0.035592 0.009873 0.072972 -0.058277 -0.011753 0.009118 0.998190
1305031109.943299 -0.041736 0.014204 0.074795 -0.059942 -0.017539 0.006027 0.998030
1305031109.975258 -0.056759 0.018312 0.074462 -0.062305 -0.018828 0.000719 0.997879
1305031110.011256 -0.069797 0.018299 0.080406 -0.065247 -0.021482 -0.005747 0.997621
1305031110.043299 -0.080747 0.017782 0.083851 -0.068172 -0.023277 -0.012641 0.997322
1305031110.075319 -0.095739 0.021735 0.085824 -0.069323 -0.022996 -0.017754 0.997171
1305031110.111325 -0.112604 0.026115 0.087359 -0.072378 -0.023388 -0.022758 0.996843
1305031110.143432 -0.131316 0.024444 0.095855 -0.073809 -0.024864 -0.027027 0.996596
1305031110.175641 -0.136140 0.023897 0.098540 -0.077497 -0.031379 -0.026486 0.996147
1305031110.211637 -0.148431 0.025554 0.100794 -0.080153 -0.034082 -0.029306 0.995769
1305031110.243323 -0.170574 0.026041 0.106559 -0.080193 -0.034350 -0.029687 0.995745
1305031110.279321 -0.177883 0.022216 0.110135 -0.080258 -0.039325 -0.030329 0.995536
1305031110.311404 -0.189297 0.025570 0.110311 -0.076476 -0.042743 -0.031443 0.995658
1305031110.343355 -0.199867 0.025998 0.109764 -0.075869 -0.047616 -0.032453 0.995451
1305031110.379281 -0.213166 0.027909 0.109819 -0.074352 -0.052623 -0.035868 0.995197
1305031110.411469 -0.223715 0.031154 0.107398 -0.074020 -0.059227 -0.037507 0.994790
1305031110.443260 -0.228379 0.038974 0.104061 -0.075564 -0.067747 -0.039798 0.994040
1305031110.479331 -0.243236 0.034852 0.109071 -0.080025 -0.073980 -0.045981 0.992980
1305031110.511429 -0.262643 0.034667 0.109886 -0.080917 -0.078247 -0.051198 0.992325
1305031110.543408 -0.270826 0.037909 0.108543 -0.082412 -0.085485 -0.053877 0.991463
1305031110.579426 -0.274726 0.041552 0.105351 -0.086034 -0.093838 -0.057355 0.990204
1305031110.611307 -0.284977 0.041704 0.109521 -0.089741 -0.097115 -0.062305 0.989259
1305031110.643418 -0.302732 0.038812 0.114837 -0.089413 -0.095801 -0.066839 0.989121
1305031110.679606 -0.305354 0.041764 0.111299 -0.089523 -0.100053 -0.068128 0.988602
1305031110.711412 -0.311527 0.043534 0.111334 -0.092141 -0.101949 -0.069399 0.988079
1305031110.743249 -0.318017 0.039885 0.113719 -0.093849 -0.103551 -0.070865 0.987648
1305031110.779193 -0.321875 0.040269 0.113841 -0.094228 -0.105076 -0.071640 0.987394
1305031110.811386 -0.322696 0.040452 0.113104 -0.094941 -0.106343 -0.072802 0.987105
1305031110.843218 -0.325302 0.040968 0.112264 -0.096116 -0.108443 -0.074857 0.986609
1305031110.879313 -0.324120 0.037672 0.114961 -0.097711 -0.111088 -0.074166 0.986211
1305031110.911333 -0.322493 0.039752 0.113675 -0.097633 -0.112600 -0.074895 0.985992
1305031110.943862 -0.319647 0.039458 0.116419 -0.097822 -0.114859 -0.075931 0.985633
1305031110.979345 -0.306827 0.043098 0.116921 -0.096762 -0.117327 -0.075791 0.985458
1305031111.011431 -0.300449 0.044150 0.115916 -0.097544 -0.111752 -0.076278 0.985991
1305031111.043327 -0.294492 0.042025 0.118805 -0.097637 -0.106179 -0.073233 0.986828
1305031111.079283 -0.284301 0.047199 0.115881 -0.097432 -0.104601 -0.070957 0.987183
1305031111.111508 -0.278600 0.044134 0.119246 -0.099835 -0.101231 -0.068511 0.987467
1305031111.143257 -0.269566 0.040509 0.123806 -0.099194 -0.098749 -0.067688 0.987840
1305031111.179326 -0.252618 0.037784 0.124119 -0.098025 -0.097182 -0.066083 0.988221
1305031111.211433 -0.244690 0.038995 0.122477 -0.095592 -0.087410 -0.063412 0.989546
1305031111.243236 -0.238886 0.038540 0.122669 -0.094390 -0.083739 -0.063131 0.989996
1305031111.279308 -0.226501 0.033765 0.129302 -0.091446 -0.082424 -0.062147 0.990445
1305031111.311547 -0.216112 0.039781 0.121325 -0.085880 -0.077250 -0.057473 0.991642
1305031111.343397 -0.212070 0.043800 0.114978 -0.087943 -0.077471 -0.057604 0.991436
1305031111.379134 -0.192461 0.032616 0.126351 -0.090882 -0.083494 -0.053633 0.990905
1305031111.411296 -0.185085 0.036294 0.129627 -0.084813 -0.083459 -0.053317 0.991463
1305031111.443386 -0.160307 0.031745 0.125839 -0.086141 -0.093219 -0.057698 0.990233
1305031111.479259 -0.126197 0.026930 0.134358 -0.083758 -0.094140 -0.056125 0.990440
1305031111.511264 -0.121262 0.025484 0.129689 -0.079635 -0.079874 -0.056694 0.992000
1305031111.543250 -0.101010 0.019395 0.134840 -0.077118 -0.076489 -0.054189 0.992606
1305031111.579237 -0.092869 0.023911 0.128216 -0.071809 -0.064278 -0.049449 0.994116
1305031111.611271 -0.090422 0.024867 0.118005 -0.071860 -0.055515 -0.042482 0.994962
1305031111.643395 -0.067635 0.012273 0.133007 -0.072618 -0.060178 -0.035585 0.994906
1305031111.679320 -0.045757 0.017933 0.125814 -0.064677 -0.054629 -0.027758 0.996023
1305031111.711760 -0.026905 0.010644 0.121699 -0.067652 -0.047965 -0.026382 0.996206
1305031111.743386 0.009182 0.005632 0.133665 -0.065734 -0.045425 -0.019263 0.996617
1305031111.779423 0.017096 0.007728 0.126982 -0.060598 -0.023670 -0.019312 0.997695
1305031111.811406 0.022435 0.004696 0.126115 -0.058928 -0.007052 -0.017597 0.998082
1305031111.843299 0.029632 0.006755 0.125470 -0.054475 0.004940 -0.017497 0.998350
1305031111.879442 0.036392 0.012548 0.112100 -0.052161 0.014290 -0.013035 0.998451
1305031111.911354 0.036707 0.006390 0.117426 -0.052935 0.017996 -0.008923 0.998396
1305031111.943300 0.050452 0.009160 0.120035 -0.051043 0.013333 0.001422 0.998606
1305031111.979449 0.076581 0.009984 0.116501 -0.048668 0.011396 0.008171 0.998717
1305031112.011433 0.100041 0.009909 0.110265 -0.046442 0.015590 0.008543 0.998763
1305031112.043270 0.107424 0.015168 0.109086 -0.039494 0.026601 0.004536 0.998855
1305031112.079339 0.127535 0.010286 0.105983 -0.039990 0.036127 0.006401 0.998526
1305031112.111423 0.128752 0.014120 0.103477 -0.035565 0.048142 0.001358 0.998206
1305031112.144342 0.148704 0.016194 0.100761 -0.034238 0.051210 -0.004736 0.998090
1305031112.179390 0.164463 0.011037 0.099221 -0.038467 0.062985 -0.007590 0.997244
1305031112.211254 0.174859 0.007255 0.103534 -0.038669 0.073638 -0.012658 0.996455
1305031112.243369 0.185751 0.002001 0.104978 -0.034054 0.084158 -0.017071 0.995724
1305031112.279353 0.185791 0.004958 0.108544 -0.027371 0.094658 -0.020266 0.994927
1305031112.311312 0.193712 0.000051 0.110142 -0.022664 0.097723 -0.022332 0.994705
1305031112.343323 0.198582 -0.001304 0.108293 -0.016198 0.100105 -0.021722 0.994608
1305031112.379360 0.206463 -0.003888 0.107104 -0.013279 0.099718 -0.017726 0.994769
1305031112.411442 0.224868 -0.003222 0.103133 -0.010367 0.094310 -0.013085 0.995403
1305031112.443391 0.238475 -0.005894 0.101988 -0.008569 0.092142 -0.006783 0.995686
1305031112.479418 0.244949 -0.005346 0.101410 -0.004912 0.091960 0.002532 0.995747
1305031112.511504 0.256019 -0.006520 0.101206 -0.003106 0.087782 0.010225 0.996082
1305031112.543212 0.266642 -0.006275 0.099155 -0.000177 0.083807 0.014467 0.996377
1305031112.579252 0.276701 -0.004738 0.097939 0.002280 0.080350 0.019716 0.996569
1305031112.611261 0.297271 -0.000455 0.093166 0.003613 0.076126 0.026053 0.996751
1305031112.643246 0.311249 -0.001476 0.090283 0.000244 0.079889 0.033932 0.996226
1305031112.679952 0.312721 0.000524 0.093856 -0.000978 0.087382 0.037079 0.995484
1305031112.711251 0.315820 -0.000041 0.093108 -0.003141 0.091597 0.039045 0.995025
1305031112.743245 0.320375 0.007745 0.087543 -0.005449 0.093754 0.043089 0.994648
1305031112.779310 0.318374 0.003702 0.092775 -0.014668 0.098497 0.045653 0.993981
1305031112.811310 0.308576 0.001821 0.102443 -0.016748 0.101150 0.045043 0.993710
1305031112.843286 0.305963 0.007751 0.102225 -0.017351 0.095365 0.042730 0.994373
1305031112.879421 0.305718 0.006298 0.100362 -0.021987 0.091417 0.045538 0.994528
1305031112.911411 0.296951 0.006955 0.104381 -0.024297 0.089638 0.047560 0.994541
1305031112.943321 0.290164 0.007161 0.106722 -0.025936 0.084469 0.046340 0.995010
1305031112.979278 0.284458 0.007960 0.107421 -0.026268 0.078735 0.043787 0.995587
1305031113.011353 0.279136 0.009875 0.103908 -0.027484 0.075341 0.044110 0.995803
1305031113.043231 0.271280 0.009256 0.103368 -0.031994 0.073244 0.042048 0.995913
1305031113.079251 0.261216 0.005918 0.106895 -0.032706 0.070876 0.036852 0.996267
1305031113.111316 0.242692 0.013215 0.103665 -0.027350 0.068452 0.030659 0.996808
1305031113.143306 0.233556 0.006562 0.098808 -0.033764 0.065190 0.028749 0.996887
1305031113.179343 0.224047 0.001216 0.097747 -0.037553 0.062793 0.031241 0.996830
1305031113.211259 0.207098 0.002564 0.099364 -0.035208 0.058794 0.032502 0.997119
1305031113.243227 0.187783 0.000044 0.095175 -0.038727 0.053791 0.032188 0.997282
1305031113.279312 0.179441 0.000960 0.096747 -0.039414 0.046473 0.034994 0.997528
1305031113.311452 0.169545 0.006854 0.096791 -0.030340 0.036783 0.038613 0.998116
1305031113.343252 0.146928 0.005059 0.094685 -0.027379 0.029116 0.036591 0.998531
1305031113.379312 0.124005 -0.003000 0.095266 -0.034588 0.023819 0.033562 0.998554
1305031113.411625 0.108891 -0.003496 0.098631 -0.033225 0.016247 0.034508 0.998720
1305031113.443266 0.091303 -0.000317 0.096961 -0.030629 0.009709 0.028624 0.999074
1305031113.479311 0.072325 -0.000014 0.096957 -0.034344 0.003589 0.022088 0.999160
1305031113.511523 0.058399 0.000788 0.097777 -0.037093 -0.003425 0.020314 0.999099
1305031113.543242 0.043588 -0.002348 0.102644 -0.039842 -0.009965 0.016885 0.999014
1305031113.579301 0.034684 -0.003909 0.103338 -0.041173 -0.018112 0.013722 0.998894
1305031113.611268 0.025378 -0.001352 0.102969 -0.043219 -0.022749 0.009814 0.998758
1305031113.643222 0.009506 -0.002704 0.099074 -0.045980 -0.022034 0.005811 0.998682
1305031113.679288 -0.001786 -0.002140 0.107031 -0.047180 -0.023102 0.003386 0.998613
1305031113.711931 -0.014736 -0.005520 0.107456 -0.048621 -0.022857 -0.001471 0.998555
1305031113.743590 -0.027302 -0.004414 0.107837 -0.047567 -0.020677 -0.006988 0.998630
1305031113.779320 -0.045226 -0.005016 0.108471 -0.046392 -0.016684 -0.011314 0.998720
1305031113.811237 -0.062287 -0.002900 0.110279 -0.044969 -0.014439 -0.013958 0.998786
1305031113.843295 -0.072214 0.002569 0.106926 -0.043858 -0.013324 -0.016433 0.998814
1305031113.879281 -0.091788 -0.006249 0.116670 -0.045436 -0.011582 -0.021511 0.998668
1305031113.911290 -0.108724 -0.001562 0.115273 -0.040891 -0.011144 -0.023184 0.998832
1305031113.943291 -0.116351 -0.002470 0.115237 -0.038885 -0.011082 -0.024541 0.998881
1305031113.979293 -0.127661 -0.003666 0.118113 -0.036456 -0.010654 -0.028874 0.998861
1305031114.011257 -0.144486 0.000821 0.117556 -0.031948 -0.008923 -0.033427 0.998891
1305031114.043301 -0.167067 0.005139 0.119052 -0.028858 -0.009365 -0.036166 0.998885
1305031114.079285 -0.184199 0.002971 0.121661 -0.027322 -0.013865 -0.036914 0.998849
1305031114.111263 -0.194998 0.006723 0.120466 -0.024221 -0.020577 -0.039750 0.998704
1305031114.143284 -0.205236 0.010859 0.119276 -0.022794 -0.026536 -0.042257 0.998494
1305031114.179337 -0.224996 0.004899 0.124736 -0.022274 -0.026031 -0.046981 0.998308
1305031114.211303 -0.230467 0.012022 0.122089 -0.019077 -0.029197 -0.046864 0.998292
1305031114.243337 -0.243323 0.018985 0.121647 -0.018531 -0.032079 -0.049779 0.998073
1305031114.279390 -0.265780 0.017375 0.129649 -0.019260 -0.035422 -0.052856 0.997788
1305031114.311429 -0.277846 0.020464 0.129897 -0.019821 -0.043655 -0.052838 0.997452
1305031114.343331 -0.285698 0.019119 0.131956 -0.021584 -0.050331 -0.055639 0.996948
1305031114.379320 -0.294489 0.014878 0.135603 -0.022776 -0.053258 -0.059631 0.996538
1305031114.411397 -0.307464 0.015072 0.139732 -0.021808 -0.054527 -0.063881 0.996228
1305031114.443345 -0.322342 0.017379 0.138438 -0.021490 -0.057500 -0.065604 0.995956
1305031114.479332 -0.337106 0.014446 0.140510 -0.022863 -0.063282 -0.066709 0.995501
1305031114.511266 -0.342330 0.016797 0.140191 -0.023135 -0.072822 -0.068356 0.994731
1305031114.543236 -0.345705 0.019752 0.139005 -0.024558 -0.077639 -0.068428 0.994327
1305031114.579237 -0.355053 0.014540 0.143128 -0.027794 -0.076990 -0.064903 0.994529
1305031114.611391 -0.358149 0.020208 0.141792 -0.028589 -0.078118 -0.062614 0.994565
1305031114.644136 -0.363540 0.019203 0.140969 -0.033625 -0.080807 -0.061774 0.994245
1305031114.679251 -0.372812 0.015096 0.145424 -0.037650 -0.085469 -0.062939 0.993638
1305031114.711306 -0.375030 0.011014 0.148095 -0.039523 -0.090210 -0.061830 0.993216
1305031114.743200 -0.376933 0.006645 0.149267 -0.040402 -0.092748 -0.065715 0.992697
1305031114.779289 -0.376283 0.005244 0.151288 -0.038760 -0.094919 -0.069292 0.992314
1305031114.811303 -0.374417 0.010645 0.146583 -0.037070 -0.095226 -0.070295 0.992278
1305031114.843208 -0.369923 0.010468 0.146860 -0.036995 -0.097242 -0.071927 0.991969
1305031114.879281 -0.366464 0.014858 0.144444 -0.036155 -0.097612 -0.072086 0.991952
1305031114.912879 -0.362152 0.016638 0.144234 -0.036936 -0.098239 -0.072335 0.991843
1305031114.943234 -0.352027 0.021326 0.141884 -0.037998 -0.099593 -0.074547 0.991504
1305031114.979280 -0.344497 0.022959 0.143167 -0.039979 -0.097785 -0.074911 0.991579
1305031115.011300 -0.332270 0.029292 0.139353 -0.042426 -0.098535 -0.075412 0.991365
1305031115.043508 -0.320631 0.025187 0.146202 -0.047472 -0.097845 -0.075551 0.991194
1305031115.079238 -0.310198 0.028552 0.148900 -0.048192 -0.094584 -0.075900 0.991449
1305031115.111230 -0.291466 0.028409 0.149396 -0.051501 -0.092792 -0.075186 0.991506
1305031115.143275 -0.278161 0.025745 0.155795 -0.053579 -0.085018 -0.071933 0.992334
1305031115.179440 -0.271239 0.028388 0.157372 -0.054246 -0.080208 -0.070883 0.992774
1305031115.211374 -0.253383 0.023263 0.163221 -0.055494 -0.079741 -0.067733 0.992962
1305031115.243297 -0.244215 0.017764 0.170073 -0.052679 -0.072546 -0.066027 0.993782
1305031115.279966 -0.223337 0.025646 0.167875 -0.048917 -0.073047 -0.059463 0.994352
1305031115.311704 -0.193457 0.022287 0.176881 -0.049082 -0.073594 -0.051847 0.994730
1305031115.343235 -0.181895 0.025127 0.177255 -0.044173 -0.062725 -0.050141 0.995791
1305031115.379166 -0.174830 0.027581 0.171152 -0.049226 -0.057831 -0.044359 0.996125
1305031115.411237 -0.156524 0.025466 0.181267 -0.056679 -0.066174 -0.039394 0.995418
1305031115.443159 -0.133304 0.024234 0.186994 -0.060267 -0.070155 -0.034610 0.995112
1305031115.479241 -0.117882 0.025420 0.186224 -0.064140 -0.069221 -0.028773 0.995121
1305031115.511253 -0.085544 0.017879 0.196244 -0.069073 -0.072993 -0.026631 0.994581
1305031115.543604 -0.063719 0.013164 0.198649 -0.070216 -0.060359 -0.020350 0.995496
1305031115.579315 -0.048690 0.016596 0.196782 -0.067821 -0.048366 -0.013516 0.996433
1305031115.611424 -0.036045 0.015116 0.196640 -0.066867 -0.040622 -0.009127 0.996893
1305031115.643254 -0.020517 0.012389 0.198074 -0.066175 -0.033270 -0.001911 0.997251
1305031115.679241 -0.012989 0.014259 0.194601 -0.063283 -0.027344 0.008812 0.997582
1305031115.711320 0.012620 0.016861 0.191119 -0.061857 -0.030478 0.017694 0.997463
1305031115.743250 0.033468 0.012311 0.190708 -0.063190 -0.024281 0.022925 0.997443
1305031115.779425 0.045217 0.011077 0.185311 -0.061334 -0.012452 0.028320 0.997638
1305031115.811277 0.063342 0.014969 0.179376 -0.059517 -0.003542 0.037117 0.997531
1305031115.843224 0.074318 0.014720 0.173426 -0.061205 0.008880 0.042282 0.997190
1305031115.879198 0.082414 0.012484 0.175840 -0.059772 0.017219 0.049082 0.996856
1305031115.911118 0.097190 0.017903 0.175023 -0.055928 0.020799 0.055495 0.996674
1305031115.943311 0.113296 0.017125 0.172842 -0.057819 0.026899 0.062252 0.996021
1305031115.980740 0.121735 0.019512 0.172781 -0.058699 0.035229 0.067705 0.995354
1305031116.011379 0.149110 0.023692 0.171020 -0.060158 0.038545 0.072286 0.994822
1305031116.043164 0.158590 0.026642 0.174678 -0.062162 0.053075 0.073332 0.993952
1305031116.080030 0.166547 0.029524 0.172857 -0.066170 0.064720 0.076411 0.992771
1305031116.111300 0.180705 0.031059 0.175009 -0.072435 0.073839 0.081176 0.991318
1305031116.143441 0.185885 0.029465 0.180652 -0.077074 0.084875 0.084151 0.989836
1305031116.179572 0.194452 0.031770 0.182362 -0.078688 0.090961 0.087049 0.988917
1305031116.211299 0.207550 0.032719 0.182718 -0.082607 0.095385 0.090899 0.987834
1305031116.243320 0.223664 0.035273 0.184945 -0.083538 0.099286 0.094708 0.987013
1305031116.279385 0.235860 0.033884 0.184186 -0.084971 0.107703 0.098841 0.985602
1305031116.311336 0.243813 0.033343 0.182250 -0.088104 0.116218 0.102457 0.983989
1305031116.343292 0.250215 0.025250 0.188430 -0.092182 0.123368 0.105629 0.982408
1305031116.379384 0.254196 0.028789 0.189638 -0.084662 0.126867 0.106614 0.982533
1305031116.411333 0.246848 0.037677 0.181877 -0.076191 0.132603 0.109172 0.982188
1305031116.443369 0.249269 0.037033 0.177361 -0.079333 0.133407 0.118446 0.980755
1305031116.479850 0.253437 0.036194 0.178159 -0.079077 0.132769 0.122859 0.980319
1305031116.511205 0.252440 0.033785 0.175941 -0.078467 0.131164 0.118973 0.981063
1305031116.543262 0.242820 0.038773 0.173430 -0.073374 0.132841 0.114275 0.981790
1305031116.579313 0.232231 0.034839 0.172814 -0.075961 0.131957 0.111555 0.982025
1305031116.611261 0.222161 0.031657 0.173739 -0.076530 0.126538 0.105781 0.983332
1305031116.643355 0.207560 0.031718 0.173942 -0.074983 0.120069 0.096651 0.985200
1305031116.679281 0.195625 0.030346 0.171826 -0.075520 0.112067 0.087614 0.986946
1305031116.711634 0.182923 0.030982 0.169896 -0.075114 0.106673 0.077070 0.988453
1305031116.743291 0.167455 0.031709 0.167903 -0.076522 0.101868 0.065698 0.989672
1305031116.779298 0.152224 0.032417 0.166387 -0.078450 0.097569 0.054975 0.990608
1305031116.811318 0.133548 0.027979 0.167120 -0.080124 0.094509 0.046444 0.991207
1305031116.846089 0.110412 0.032603 0.165032 -0.076181 0.087644 0.039211 0.992460
1305031116.880165 0.091065 0.029949 0.162504 -0.078720 0.078115 0.032598 0.993297
1305031116.912044 0.075246 0.031103 0.160601 -0.077534 0.066043 0.029958 0.994349
1305031116.943296 0.051230 0.030949 0.162537 -0.079915 0.055112 0.020393 0.995068
1305031116.979351 0.039323 0.030218 0.161950 -0.079566 0.040401 0.010922 0.995951
1305031117.011382 0.019854 0.036490 0.160416 -0.075933 0.029298 0.001701 0.996681
1305031117.043261 0.004258 0.039354 0.159931 -0.076754 0.018910 -0.004419 0.996861
1305031117.079520 -0.009990 0.041813 0.158561 -0.078303 0.008805 -0.009447 0.996846
1305031117.111238 -0.025079 0.043085 0.162042 -0.080875 -0.002245 -0.010473 0.996667
1305031117.143218 -0.028093 0.048869 0.160155 -0.081550 -0.016328 -0.010432 0.996481
1305031117.179264 -0.034607 0.051807 0.160499 -0.084200 -0.026280 -0.014620 0.995995
1305031117.211361 -0.037423 0.051603 0.164981 -0.086964 -0.035307 -0.017612 0.995430
1305031117.243277 -0.032712 0.055360 0.166026 -0.089839 -0.041435 -0.018384 0.994924
1305031117.279299 -0.033331 0.053715 0.169046 -0.094692 -0.041709 -0.023553 0.994354
1305031117.311200 -0.040070 0.050893 0.172320 -0.099466 -0.038497 -0.024381 0.993997
1305031117.343243 -0.045442 0.046544 0.174346 -0.101675 -0.037482 -0.026337 0.993762
1305031117.379454 -0.046505 0.042364 0.178524 -0.101964 -0.038147 -0.025747 0.993723
1305031117.411221 -0.051779 0.037990 0.179154 -0.100632 -0.038123 -0.025666 0.993862
1305031117.443274 -0.052944 0.036109 0.177146 -0.096707 -0.039107 -0.024458 0.994244
1305031117.479403 -0.053266 0.027993 0.177778 -0.096501 -0.040228 -0.023018 0.994253
1305031117.511325 -0.055039 0.020433 0.180162 -0.093811 -0.041286 -0.021018 0.994512
1305031117.544285 -0.054627 0.014757 0.179828 -0.089184 -0.042822 -0.020493 0.994883
1305031117.579155 -0.053156 0.010364 0.179097 -0.085556 -0.045330 -0.021541 0.995068
1305031117.611159 -0.055210 0.004410 0.179029 -0.084121 -0.046249 -0.021066 0.995159
1305031117.643252 -0.054215 -0.006649 0.183860 -0.084228 -0.049349 -0.019465 0.995033
1305031117.679262 -0.053818 -0.009442 0.184851 -0.082365 -0.052424 -0.018338 0.995053
1305031117.711184 -0.057010 -0.018612 0.188356 -0.083081 -0.053784 -0.016820 0.994948
1305031117.743184 -0.056987 -0.029511 0.193276 -0.083842 -0.056144 -0.013625 0.994803
1305031117.779467 -0.058808 -0.035915 0.194238 -0.082820 -0.057788 -0.012136 0.994814
1305031117.811320 -0.055937 -0.046849 0.200917 -0.084186 -0.061107 -0.009715 0.994527
1305031117.843291 -0.049687 -0.061189 0.209349 -0.084195 -0.063501 -0.008340 0.994389
1305031117.879451 -0.046963 -0.069363 0.210633 -0.082975 -0.061240 -0.007468 0.994640
1305031117.911407 -0.050106 -0.079655 0.215629 -0.082411 -0.058676 -0.008037 0.994837
1305031117.943253 -0.049175 -0.088114 0.219611 -0.081293 -0.057135 -0.007886 0.995020
1305031117.979228 -0.051264 -0.091858 0.221286 -0.080933 -0.054680 -0.008101 0.995186
1305031118.011228 -0.055556 -0.108082 0.228258 -0.084554 -0.053128 -0.009770 0.994954
1305031118.043521 -0.056706 -0.120521 0.235406 -0.085062 -0.051885 -0.009776 0.994976
1305031118.079334 -0.050883 -0.126781 0.240963 -0.084046 -0.052926 -0.010070 0.995004
1305031118.111217 -0.048487 -0.139686 0.246721 -0.084780 -0.049333 -0.011492 0.995111
1305031118.143256 -0.049034 -0.148007 0.251630 -0.083170 -0.045021 -0.012805 0.995436
1305031118.179323 -0.052298 -0.162995 0.255559 -0.084585 -0.041333 -0.015209 0.995442
1305031118.211202 -0.059806 -0.170760 0.263990 -0.080691 -0.036721 -0.014701 0.995954
1305031118.243173 -0.062483 -0.180246 0.266631 -0.077654 -0.037062 -0.015030 0.996178
1305031118.279194 -0.059815 -0.192664 0.272467 -0.074935 -0.038473 -0.015382 0.996327
1305031118.311299 -0.060262 -0.202617 0.277317 -0.069008 -0.039022 -0.015710 0.996729
1305031118.343324 -0.058142 -0.204912 0.275391 -0.062700 -0.038169 -0.016241 0.997170
1305031118.379208 -0.059939 -0.213300 0.280423 -0.058939 -0.036523 -0.017184 0.997445
1305031118.411296 -0.065231 -0.210622 0.276754 -0.053551 -0.036174 -0.017468 0.997757
1305031118.445692 -0.060474 -0.214556 0.279432 -0.053389 -0.038013 -0.014339 0.997747
1305031118.479285 -0.061353 -0.216849 0.281883 -0.053047 -0.037927 -0.011961 0.997800
1305031118.511255 -0.057973 -0.215766 0.282224 -0.050813 -0.039176 -0.010702 0.997882
1305031118.544414 -0.052519 -0.211704 0.279813 -0.051307 -0.040112 -0.011315 0.997813
1305031118.579285 -0.052079 -0.208783 0.279757 -0.053055 -0.039115 -0.011524 0.997759
1305031118.616142 -0.049183 -0.205458 0.280908 -0.053948 -0.037863 -0.013551 0.997734
1305031118.645325 -0.049160 -0.196111 0.278138 -0.053721 -0.035719 -0.016244 0.997785
1305031118.679295 -0.051467 -0.186278 0.273886 -0.055512 -0.033386 -0.018238 0.997733
1305031118.711421 -0.053955 -0.183630 0.275691 -0.057371 -0.033496 -0.021572 0.997558
1305031118.746770 -0.057262 -0.175366 0.273452 -0.055564 -0.035039 -0.020260 0.997634
1305031118.779277 -0.051711 -0.150064 0.262879 -0.052716 -0.040206 -0.019918 0.997601
1305031118.811221 -0.052495 -0.149107 0.260916 -0.058989 -0.041691 -0.022036 0.997144
1305031118.846753 -0.051580 -0.145311 0.265306 -0.057535 -0.042715 -0.021059 0.997207
1305031118.879208 -0.046698 -0.123710 0.247410 -0.053663 -0.040655 -0.022125 0.997486
1305031118.911177 -0.045479 -0.115525 0.242866 -0.056194 -0.040058 -0.025228 0.997297
1305031118.946974 -0.047174 -0.104111 0.238097 -0.055505 -0.038174 -0.026502 0.997376
1305031118.979374 -0.050233 -0.084826 0.225850 -0.053818 -0.035750 -0.030407 0.997447
1305031119.011363 -0.052928 -0.070670 0.217393 -0.055771 -0.034779 -0.033005 0.997292
1305031119.047172 -0.055888 -0.067728 0.214797 -0.061194 -0.035163 -0.033490 0.996944
1305031119.079223 -0.058812 -0.054839 0.209866 -0.060445 -0.036566 -0.033710 0.996932
1305031119.111328 -0.060595 -0.047291 0.203268 -0.062042 -0.039837 -0.033361 0.996720
1305031119.147616 -0.061070 -0.033167 0.196479 -0.061003 -0.043260 -0.031636 0.996698
1305031119.179226 -0.058553 -0.026992 0.194192 -0.062244 -0.048887 -0.031448 0.996367
1305031119.211364 -0.059380 -0.017546 0.187211 -0.060048 -0.049995 -0.030014 0.996491
1305031119.247399 -0.058468 -0.004909 0.179921 -0.058346 -0.051591 -0.029144 0.996536
1305031119.279212 -0.058246 0.006144 0.173306 -0.057467 -0.052377 -0.029592 0.996533
1305031119.311212 -0.059712 0.015731 0.168487 -0.057373 -0.052267 -0.027072 0.996616
1305031119.347741 -0.061745 0.022196 0.165927 -0.057636 -0.053560 -0.025354 0.996577
1305031119.379239 -0.060170 0.036781 0.158937 -0.055327 -0.056075 -0.024600 0.996589
1305031119.411484 -0.055969 0.044694 0.154673 -0.056830 -0.057034 -0.024181 0.996460
1305031119.447706 -0.054799 0.053611 0.151595 -0.057409 -0.054973 -0.024045 0.996546
1305031119.479267 -0.055090 0.062710 0.147904 -0.056806 -0.052904 -0.024411 0.996684
1305031119.511240 -0.057357 0.077638 0.141188 -0.055963 -0.050664 -0.024250 0.996852
1305031119.547382 -0.059190 0.087560 0.137641 -0.057649 -0.050028 -0.023140 0.996814
1305031119.579559 -0.056165 0.100702 0.131991 -0.058986 -0.049579 -0.023288 0.996755
1305031119.615017 -0.058096 0.111769 0.129766 -0.062233 -0.047009 -0.022261 0.996705
1305031119.647903 -0.060481 0.123205 0.125696 -0.064863 -0.045567 -0.022032 0.996610
1305031119.679208 -0.055140 0.132490 0.123683 -0.070153 -0.045382 -0.023183 0.996234
1305031119.715232 -0.060623 0.143533 0.121123 -0.074817 -0.038315 -0.021820 0.996222
1305031119.747193 -0.065442 0.151140 0.122978 -0.079299 -0.035861 -0.016987 0.996061
1305031119.779169 -0.065337 0.156741 0.121898 -0.083838 -0.037679 -0.015184 0.995651
1305031119.814537 -0.066813 0.167315 0.120435 -0.085363 -0.037749 -0.011480 0.995568
1305031119.847429 -0.063932 0.177236 0.119038 -0.087619 -0.037955 -0.007188 0.995405
1305031119.879214 -0.062826 0.181436 0.119527 -0.089285 -0.036798 -0.007490 0.995298
1305031119.911401 -0.061561 0.194032 0.115867 -0.088179 -0.035789 -0.006437 0.995441
1305031119.947392 -0.060996 0.202839 0.112791 -0.091679 -0.034002 -0.006620 0.995186
1305031119.979537 -0.061022 0.207644 0.111967 -0.094535 -0.030721 -0.007733 0.995017
1305031120.015264 -0.064167 0.217418 0.107617 -0.098081 -0.026076 -0.006500 0.994815
1305031120.047290 -0.070226 0.218718 0.109754 -0.106067 -0.023162 -0.004927 0.994077
1305031120.079418 -0.071958 0.219973 0.112879 -0.107534 -0.025149 -0.002369 0.993880
1305031120.115232 -0.071466 0.225381 0.111100 -0.107228 -0.027848 -0.000872 0.993844
1305031120.148157 -0.069711 0.221884 0.112659 -0.110269 -0.029162 0.000324 0.993474
1305031120.179246 -0.067979 0.217005 0.115698 -0.110186 -0.029468 0.003277 0.993469
1305031120.215249 -0.067390 0.213060 0.117543 -0.105197 -0.030004 0.002953 0.993994
1305031120.248003 -0.066196 0.208644 0.117013 -0.101403 -0.030356 0.000566 0.994382
1305031120.279430 -0.066301 0.203673 0.117959 -0.097622 -0.029471 -0.000998 0.994787
1305031120.315196 -0.066006 0.194219 0.120295 -0.095981 -0.029166 -0.003250 0.994950
1305031120.347787 -0.067335 0.185630 0.123360 -0.092642 -0.028237 -0.005002 0.995286
1305031120.379437 -0.067526 0.175725 0.126661 -0.091149 -0.028321 -0.005361 0.995420
1305031120.415445 -0.069146 0.160818 0.134953 -0.086489 -0.028326 -0.005282 0.995836
1305031120.447417 -0.066742 0.151716 0.137715 -0.080152 -0.030125 -0.005374 0.996313
1305031120.479432 -0.068354 0.142185 0.142184 -0.076371 -0.030083 -0.004928 0.996613
1305031120.514819 -0.070548 0.130022 0.149209 -0.070584 -0.031442 -0.002584 0.997007
1305031120.547736 -0.070545 0.122725 0.152517 -0.063229 -0.034553 -0.000496 0.997401
1305031120.579551 -0.069828 0.114751 0.155568 -0.060043 -0.038833 0.003797 0.997433
1305031120.615236 -0.069023 0.105620 0.162647 -0.056143 -0.043561 0.005499 0.997457
1305031120.647354 -0.066664 0.094241 0.166591 -0.052493 -0.047082 0.006128 0.997492
1305031120.679318 -0.063031 0.088847 0.168894 -0.048788 -0.049676 0.007283 0.997546
1305031120.714522 -0.062497 0.080172 0.173946 -0.046680 -0.050430 0.008224 0.997602
1305031120.747369 -0.062246 0.071230 0.179948 -0.045440 -0.053150 0.008937 0.997512
1305031120.779894 -0.060820 0.059149 0.183987 -0.043892 -0.055488 0.008331 0.997459
1305031120.814944 -0.055965 0.051335 0.188026 -0.041757 -0.057699 0.008898 0.997421
1305031120.847921 -0.056971 0.042584 0.190954 -0.041957 -0.057977 0.006731 0.997413
1305031120.883435 -0.056036 0.029481 0.195302 -0.040831 -0.057863 0.004680 0.997478
1305031120.915444 -0.052310 0.023383 0.196816 -0.038956 -0.057980 0.003891 0.997550
1305031120.947488 -0.053224 0.014109 0.200335 -0.038910 -0.057380 0.001645 0.997592
1305031120.983366 -0.055869 0.003279 0.203893 -0.039087 -0.056488 -0.000514 0.997638
1305031121.015019 -0.058017 -0.008428 0.207575 -0.038210 -0.056363 -0.002109 0.997677
1305031121.047498 -0.055561 -0.012637 0.208517 -0.036306 -0.057361 -0.002246 0.997691
1305031121.083099 -0.060982 -0.028096 0.212839 -0.037125 -0.056781 -0.004133 0.997688
1305031121.114696 -0.059267 -0.037091 0.215123 -0.034873 -0.058966 -0.003559 0.997644
1305031121.147331 -0.060881 -0.044734 0.215786 -0.032452 -0.059056 -0.004269 0.997718
1305031121.183271 -0.061146 -0.055910 0.219544 -0.031339 -0.060597 -0.005017 0.997658
1305031121.211420 -0.057907 -0.066739 0.223476 -0.029396 -0.061378 -0.005056 0.997669
1305031121.247194 -0.058107 -0.073047 0.223583 -0.026993 -0.060206 -0.004721 0.997810
1305031121.282876 -0.062778 -0.082915 0.226023 -0.026782 -0.060038 -0.004456 0.997827
1305031121.313568 -0.060021 -0.096954 0.233014 -0.025682 -0.061394 -0.003354 0.997777
1305031121.347517 -0.063953 -0.100881 0.233734 -0.022468 -0.061440 -0.001987 0.997856
1305031121.383226 -0.060253 -0.117945 0.238609 -0.023222 -0.063931 -0.001235 0.997683
1305031121.414318 -0.062941 -0.125393 0.240691 -0.018152 -0.062242 -0.002987 0.997892
1305031121.447319 -0.061925 -0.131976 0.240806 -0.016337 -0.062045 -0.002073 0.997938
1305031121.482964 -0.057286 -0.146861 0.246494 -0.016649 -0.061566 0.000225 0.997964
1305031121.514107 -0.062017 -0.150662 0.247266 -0.012068 -0.058680 0.000455 0.998204
1305031121.547270 -0.061286 -0.157372 0.245692 -0.013118 -0.058506 0.000892 0.998200
1305031121.583204 -0.059994 -0.169636 0.250739 -0.015541 -0.057653 0.000247 0.998216
1305031121.614700 -0.060314 -0.178073 0.254163 -0.014740 -0.055868 -0.000992 0.998329
1305031121.647183 -0.057330 -0.184107 0.254357 -0.013831 -0.052478 -0.003352 0.998521
1305031121.683200 -0.060279 -0.191105 0.256066 -0.015909 -0.048009 -0.004687 0.998709
1305031121.714520 -0.066742 -0.199502 0.258550 -0.016841 -0.045314 -0.004235 0.998822
1305031121.747145 -0.064933 -0.204956 0.259492 -0.018667 -0.045697 -0.003599 0.998774
1305031121.782835 -0.063824 -0.211853 0.264055 -0.020682 -0.045805 -0.001320 0.998735
1305031121.811540 -0.060290 -0.215817 0.266055 -0.021727 -0.045595 0.000640 0.998724
1305031121.847335 -0.060686 -0.219147 0.268370 -0.023666 -0.043953 0.003085 0.998748
1305031121.882060 -0.062662 -0.220913 0.270042 -0.025609 -0.043114 0.009347 0.998698
1305031121.914931 -0.063233 -0.222100 0.270722 -0.027753 -0.044730 0.012082 0.998540
1305031121.947288 -0.062424 -0.221195 0.271921 -0.027352 -0.047002 0.011539 0.998454
1305031121.982926 -0.059040 -0.219679 0.271174 -0.027970 -0.047602 0.011435 0.998409
1305031122.014256 -0.059866 -0.214882 0.270188 -0.027912 -0.047396 0.009580 0.998440
1305031122.047306 -0.059924 -0.208750 0.268698 -0.026530 -0.048783 0.005987 0.998439
1305031122.082959 -0.057169 -0.201925 0.265192 -0.025480 -0.050052 0.002248 0.998419
1305031122.114672 -0.056812 -0.190129 0.262524 -0.022990 -0.050364 -0.001431 0.998465
1305031122.150725 -0.055203 -0.181929 0.259267 -0.023775 -0.051101 -0.006451 0.998390
1305031122.183042 -0.053449 -0.170913 0.255044 -0.021566 -0.050445 -0.011536 0.998427
1305031122.214959 -0.053663 -0.146800 0.243409 -0.020056 -0.048408 -0.016580 0.998489
1305031122.251319 -0.055439 -0.142381 0.241233 -0.027457 -0.047271 -0.020252 0.998299
1305031122.283560 -0.057610 -0.128881 0.240023 -0.028043 -0.047981 -0.021371 0.998226
1305031122.314289 -0.058204 -0.106666 0.226397 -0.030029 -0.049466 -0.025907 0.997988
1305031122.351327 -0.061867 -0.097398 0.225317 -0.036927 -0.050896 -0.029036 0.997599
1305031122.382630 -0.063497 -0.085574 0.219690 -0.041687 -0.052555 -0.029323 0.997317
1305031122.414997 -0.067680 -0.080137 0.218086 -0.046790 -0.055748 -0.030541 0.996880
1305031122.451257 -0.071115 -0.069186 0.212354 -0.048961 -0.059336 -0.029529 0.996599
1305031122.483360 -0.067609 -0.057688 0.208015 -0.051570 -0.065860 -0.028711 0.996082
1305031122.515097 -0.069534 -0.048402 0.201387 -0.053262 -0.068695 -0.030981 0.995733
1305031122.551490 -0.066852 -0.036997 0.196141 -0.054290 -0.070343 -0.032812 0.995504
1305031122.583208 -0.067378 -0.027694 0.192035 -0.055865 -0.068803 -0.034026 0.995483
1305031122.614980 -0.073708 -0.020395 0.187798 -0.057376 -0.066940 -0.033762 0.995534
1305031122.648788 -0.071028 -0.010551 0.183310 -0.056503 -0.070042 -0.032042 0.995427
1305031122.683402 -0.074479 0.002814 0.176539 -0.054855 -0.069859 -0.031281 0.995556
1305031122.715208 -0.076928 0.013550 0.172878 -0.054650 -0.071823 -0.028428 0.995513
1305031122.751298 -0.073708 0.027614 0.167530 -0.053433 -0.075227 -0.028317 0.995331
1305031122.783423 -0.069610 0.042875 0.161610 -0.055097 -0.076992 -0.028780 0.995092
1305031122.812555 -0.070500 0.051932 0.159064 -0.059758 -0.075562 -0.029778 0.994903
1305031122.851418 -0.067029 0.057886 0.158294 -0.063111 -0.072737 -0.032189 0.994832
1305031122.883754 -0.066757 0.069967 0.154699 -0.065436 -0.066560 -0.030876 0.995155
1305031122.914571 -0.070900 0.074751 0.153694 -0.070032 -0.062958 -0.029999 0.995104
1305031122.951341 -0.073459 0.080503 0.152438 -0.071847 -0.061502 -0.029534 0.995080
1305031122.982815 -0.076346 0.092178 0.148138 -0.072185 -0.060411 -0.026374 0.995211
1305031123.015450 -0.076547 0.097570 0.145542 -0.075346 -0.061389 -0.023664 0.994985
1305031123.051827 -0.074846 0.103563 0.145460 -0.075237 -0.061719 -0.021972 0.995011
1305031123.082975 -0.074659 0.113647 0.140960 -0.074707 -0.060853 -0.019396 0.995158
1305031123.113873 -0.073701 0.127691 0.134449 -0.075374 -0.059567 -0.017140 0.995227
1305031123.150822 -0.073544 0.135139 0.133309 -0.078612 -0.059106 -0.016994 0.995006
1305031123.182155 -0.070639 0.144101 0.131341 -0.081421 -0.058059 -0.016701 0.994847
1305031123.214704 -0.065537 0.152382 0.129839 -0.086246 -0.055448 -0.017356 0.994578
1305031123.250618 -0.067711 0.167078 0.125857 -0.090388 -0.050420 -0.018080 0.994465
1305031123.282347 -0.067029 0.172054 0.126753 -0.100851 -0.047494 -0.015811 0.993641
1305031123.311327 -0.065831 0.181079 0.126561 -0.106057 -0.043600 -0.015711 0.993280
1305031123.350481 -0.065312 0.188814 0.126003 -0.111225 -0.039328 -0.015282 0.992899
1305031123.382255 -0.065742 0.198385 0.125221 -0.115532 -0.034122 -0.011599 0.992650
1305031123.411363 -0.064746 0.205042 0.125585 -0.118757 -0.029659 -0.010363 0.992426
1305031123.451255 -0.065051 0.214268 0.123911 -0.120579 -0.026922 -0.008747 0.992300
1305031123.483594 -0.066623 0.223467 0.121052 -0.124328 -0.023761 -0.004212 0.991948
1305031123.511360 -0.063730 0.230114 0.120877 -0.127333 -0.023263 -0.001794 0.991586
1305031123.551513 -0.063943 0.237385 0.120055 -0.129160 -0.023075 0.000643 0.991355
1305031123.579583 -0.062437 0.246616 0.118058 -0.130322 -0.022769 0.004015 0.991202
1305031123.611335 -0.059609 0.253486 0.116354 -0.131842 -0.022195 0.005060 0.991009
1305031123.652411 -0.057299 0.260480 0.114366 -0.135853 -0.020450 0.004405 0.990508
1305031123.683753 -0.056374 0.266587 0.113307 -0.140050 -0.016843 0.005730 0.989985
1305031123.711323 -0.055282 0.276181 0.111945 -0.142627 -0.013424 0.006548 0.989664
1305031123.751723 -0.058160 0.276850 0.113680 -0.147359 -0.009973 0.009056 0.988991
1305031123.783858 -0.059521 0.277759 0.114030 -0.149892 -0.009720 0.010577 0.988598
1305031123.811608 -0.057846 0.282096 0.112684 -0.149479 -0.010626 0.011640 0.988639
1305031123.851444 -0.058602 0.281694 0.112747 -0.151024 -0.010371 0.014026 0.988376
1305031123.883786 -0.062506 0.281392 0.114065 -0.149778 -0.010053 0.013314 0.988579
1305031123.911243 -0.060737 0.277786 0.114154 -0.147863 -0.012240 0.013629 0.988838
1305031123.951442 -0.057385 0.273270 0.112975 -0.149780 -0.014302 0.015495 0.988495
1305031123.983415 -0.060355 0.274224 0.116178 -0.148171 -0.015525 0.017536 0.988684
1305031124.011302 -0.062707 0.265289 0.120373 -0.144601 -0.018725 0.017086 0.989165
1305031124.051505 -0.064111 0.260284 0.120481 -0.140426 -0.021046 0.017694 0.989709
1305031124.083837 -0.062226 0.253530 0.123407 -0.139629 -0.024973 0.018637 0.989714
1305031124.111331 -0.061944 0.245650 0.128885 -0.132869 -0.028238 0.016996 0.990586
1305031124.147446 -0.060835 0.240400 0.129219 -0.127194 -0.030135 0.015078 0.991305
1305031124.182694 -0.059740 0.230811 0.133203 -0.126580 -0.031997 0.012976 0.991355
1305031124.211396 -0.060348 0.221265 0.138421 -0.120198 -0.033127 0.011160 0.992134
1305031124.249327 -0.063998 0.216474 0.139002 -0.113620 -0.032968 0.011297 0.992913
1305031124.282545 -0.062571 0.204761 0.142152 -0.115169 -0.038336 0.011736 0.992537
1305031124.311361 -0.063127 0.196740 0.147043 -0.109743 -0.042275 0.011865 0.992990
1305031124.350354 -0.061465 0.186588 0.149237 -0.105459 -0.046421 0.010415 0.993285
1305031124.382420 -0.059938 0.176781 0.151355 -0.101644 -0.049162 0.009380 0.993561
1305031124.411439 -0.059922 0.165354 0.154845 -0.096771 -0.050763 0.008857 0.993972
1305031124.450245 -0.058458 0.151817 0.157408 -0.091375 -0.052724 0.006914 0.994396
1305031124.480099 -0.060758 0.140463 0.159425 -0.084881 -0.053001 0.004565 0.994970
1305031124.511324 -0.059921 0.129227 0.161227 -0.078964 -0.055343 0.002651 0.995337
1305031124.550437 -0.060837 0.121067 0.162362 -0.073385 -0.056670 0.000156 0.995692
1305031124.579404 -0.063358 0.110294 0.165680 -0.068913 -0.058304 -0.002619 0.995914
1305031124.611358 -0.063541 0.098028 0.168877 -0.064212 -0.060753 -0.004208 0.996076
1305031124.651271 -0.061014 0.086554 0.172048 -0.060545 -0.064244 -0.005499 0.996081
1305031124.679362 -0.060760 0.072215 0.176571 -0.057244 -0.066067 -0.007575 0.996143
1305031124.711251 -0.058404 0.061936 0.179134 -0.052554 -0.067048 -0.009171 0.996322
1305031124.749890 -0.058053 0.050181 0.183862 -0.050156 -0.067608 -0.010280 0.996397
1305031124.779365 -0.062254 0.036961 0.188138 -0.047157 -0.067212 -0.011694 0.996555
1305031124.811360 -0.055655 0.028442 0.192321 -0.044057 -0.071057 -0.010761 0.996441
1305031124.850535 -0.056027 0.015062 0.199934 -0.044276 -0.072491 -0.011175 0.996323
1305031124.879355 -0.053061 0.002045 0.206632 -0.041824 -0.073554 -0.012357 0.996337
1305031124.911448 -0.051752 -0.007023 0.209174 -0.040534 -0.071365 -0.011352 0.996562
1305031124.950730 -0.051728 -0.014507 0.213357 -0.041557 -0.069878 -0.011825 0.996619
1305031124.979438 -0.057221 -0.037821 0.224291 -0.044024 -0.067705 -0.011080 0.996672
1305031125.011454 -0.061151 -0.048506 0.229842 -0.039856 -0.069153 -0.009534 0.996764
1305031125.050763 -0.055884 -0.051763 0.233771 -0.035520 -0.073122 -0.008889 0.996651
1305031125.079364 -0.056163 -0.062280 0.238139 -0.036380 -0.072015 -0.005709 0.996724
1305031125.111364 -0.057902 -0.073237 0.244466 -0.035619 -0.072797 -0.004180 0.996702
1305031125.151013 -0.054667 -0.086952 0.250349 -0.033505 -0.074621 -0.005280 0.996635
1305031125.179353 -0.052364 -0.088266 0.249095 -0.032477 -0.072720 -0.003649 0.996817
1305031125.211320 -0.057022 -0.098152 0.252196 -0.034817 -0.069741 -0.004248 0.996948
1305031125.250632 -0.058862 -0.115478 0.260585 -0.035381 -0.069794 -0.006436 0.996913
1305031125.279467 -0.058402 -0.118237 0.261527 -0.031392 -0.069952 -0.007087 0.997031
1305031125.311493 -0.062623 -0.129531 0.262388 -0.031436 -0.066684 -0.008155 0.997245
1305031125.348880 -0.062712 -0.135785 0.264903 -0.027912 -0.065742 -0.010090 0.997395
1305031125.379401 -0.060543 -0.138204 0.265316 -0.026570 -0.064164 -0.014651 0.997478
1305031125.411335 -0.058606 -0.146401 0.269928 -0.027769 -0.058614 -0.015408 0.997775
1305031125.451195 -0.060058 -0.151375 0.269884 -0.030102 -0.052895 -0.017521 0.997992
1305031125.479424 -0.061752 -0.161642 0.276179 -0.030948 -0.048642 -0.018901 0.998158
1305031125.511316 -0.061372 -0.161913 0.276335 -0.029677 -0.045042 -0.019662 0.998351
1305031125.551020 -0.061724 -0.165347 0.277359 -0.030649 -0.041810 -0.021734 0.998419
1305031125.579308 -0.060754 -0.168029 0.277427 -0.032289 -0.038499 -0.024147 0.998445
1305031125.611533 -0.063769 -0.172082 0.279093 -0.031903 -0.034265 -0.024326 0.998607
1305031125.650575 -0.071482 -0.173100 0.277307 -0.027304 -0.031846 -0.021343 0.998892
1305031125.679328 -0.071318 -0.167029 0.271704 -0.022623 -0.036444 -0.019917 0.998881
1305031125.711443 -0.070974 -0.166681 0.270649 -0.021274 -0.042021 -0.018567 0.998718
1305031125.751260 -0.065263 -0.155885 0.265558 -0.015713 -0.045950 -0.016620 0.998682
1305031125.779348 -0.062115 -0.147974 0.259515 -0.015461 -0.047588 -0.019043 0.998566
1305031125.811573 -0.060617 -0.139465 0.254612 -0.015026 -0.047081 -0.020465 0.998568
1305031125.847412 -0.062147 -0.132602 0.250301 -0.017392 -0.044869 -0.022580 0.998586
1305031125.879318 -0.065254 -0.122981 0.246716 -0.017083 -0.044810 -0.023406 0.998575
1305031125.911305 -0.067108 -0.106354 0.239821 -0.018336 -0.047484 -0.021946 0.998463
1305031125.947343 -0.072111 -0.101018 0.239699 -0.022642 -0.053091 -0.019709 0.998138
1305031125.979324 -0.068595 -0.089996 0.236279 -0.023300 -0.061727 -0.015473 0.997701
1305031126.011333 -0.065895 -0.076337 0.230378 -0.024491 -0.067326 -0.016635 0.997292
1305031126.047324 -0.058354 -0.058845 0.227236 -0.025613 -0.070856 -0.015498 0.997037
1305031126.079356 -0.057384 -0.048220 0.223380 -0.030539 -0.069239 -0.014548 0.997026
1305031126.111370 -0.057094 -0.040216 0.222377 -0.035550 -0.068363 -0.015501 0.996906
1305031126.147432 -0.056483 -0.023403 0.218093 -0.036939 -0.067144 -0.013281 0.996971
1305031126.179384 -0.055920 -0.005103 0.213900 -0.041312 -0.067359 -0.012684 0.996792
1305031126.211319 -0.056338 0.001588 0.216006 -0.047552 -0.067713 -0.013003 0.996486
1305031126.247298 -0.052363 0.014827 0.212953 -0.050871 -0.067663 -0.012612 0.996331
1305031126.279363 -0.052320 0.028580 0.210141 -0.054247 -0.065641 -0.013994 0.996269
1305031126.311332 -0.049721 0.042529 0.206985 -0.058209 -0.063240 -0.015240 0.996183
1305031126.347363 -0.048763 0.050776 0.205754 -0.063831 -0.059904 -0.016788 0.996020
1305031126.379423 -0.051280 0.062420 0.202545 -0.067300 -0.055938 -0.018246 0.995996
1305031126.411465 -0.053061 0.073869 0.198491 -0.071602 -0.053461 -0.020255 0.995794
1305031126.447361 -0.053768 0.081475 0.197544 -0.076694 -0.051911 -0.019417 0.995513
1305031126.479533 -0.055529 0.089999 0.194405 -0.079690 -0.051509 -0.016757 0.995347
1305031126.511410 -0.054853 0.107419 0.188093 -0.079815 -0.053335 -0.015571 0.995260
1305031126.547374 -0.052775 0.114708 0.186798 -0.086950 -0.054017 -0.014789 0.994637
1305031126.579454 -0.049735 0.120313 0.185903 -0.093101 -0.052857 -0.012667 0.994172
1305031126.611528 -0.050677 0.129235 0.183511 -0.097900 -0.050368 -0.011792 0.993851
1305031126.647376 -0.048416 0.131724 0.185442 -0.103888 -0.049382 -0.009421 0.993318
1305031126.679479 -0.047597 0.135782 0.183530 -0.107056 -0.047331 -0.005037 0.993113
1305031126.711583 -0.048018 0.142681 0.179615 -0.109262 -0.044941 -0.002445 0.992994
1305031126.747316 -0.046028 0.144519 0.180245 -0.111277 -0.044012 0.000625 0.992814
1305031126.779379 -0.045610 0.149756 0.177141 -0.110950 -0.042808 0.003794 0.992896
1305031126.811602 -0.040843 0.153190 0.175097 -0.111441 -0.042219 0.004188 0.992865
1305031126.847343 -0.040958 0.157247 0.172004 -0.111355 -0.037878 0.004578 0.993048
1305031126.879357 -0.039816 0.159282 0.170838 -0.112377 -0.036274 0.005405 0.992989
1305031126.911364 -0.037441 0.160078 0.169615 -0.112963 -0.035004 0.004729 0.992971
1305031126.947437 -0.040340 0.164737 0.166889 -0.111833 -0.032384 0.006454 0.993178
1305031126.979337 -0.039064 0.162142 0.167390 -0.113554 -0.033877 0.007646 0.992925
1305031127.011371 -0.038895 0.160672 0.167371 -0.112739 -0.034805 0.007974 0.992983
1305031127.047297 -0.039179 0.162017 0.166314 -0.111345 -0.034883 0.008883 0.993130
1305031127.079299 -0.038681 0.161423 0.167010 -0.111757 -0.035668 0.009319 0.993052
1305031127.111435 -0.040763 0.160636 0.167302 -0.111130 -0.037162 0.010271 0.993058
1305031127.147307 -0.041624 0.156655 0.168478 -0.110703 -0.040302 0.010816 0.992977
1305031127.179349 -0.041113 0.156596 0.168616 -0.108035 -0.043484 0.010138 0.993144
1305031127.211700 -0.039670 0.153594 0.169676 -0.107965 -0.045404 0.009781 0.993069
1305031127.247374 -0.039581 0.150832 0.171270 -0.105790 -0.045662 0.008945 0.993299
1305031127.279465 -0.039283 0.150979 0.171847 -0.102649 -0.046271 0.008349 0.993606
1305031127.311362 -0.041077 0.149434 0.172636 -0.102573 -0.046525 0.007519 0.993608
1305031127.347356 -0.041950 0.143433 0.176355 -0.101660 -0.047988 0.006924 0.993637
1305031127.379262 -0.042600 0.143381 0.176986 -0.098355 -0.048917 0.006518 0.993927
1305031127.411371 -0.042219 0.141096 0.178369 -0.098491 -0.050444 0.006086 0.993840
1305031127.447333 -0.043142 0.135824 0.181753 -0.098589 -0.051613 0.005700 0.993772
1305031127.479362 -0.042380 0.135876 0.182524 -0.096357 -0.053212 0.005287 0.993909
1305031127.511356 -0.042746 0.136716 0.183581 -0.096373 -0.054486 0.004376 0.993843
1305031127.547348 -0.044169 0.132454 0.186321 -0.096928 -0.054920 0.004075 0.993767
1305031127.579345 -0.044011 0.132470 0.187218 -0.094900 -0.055639 0.004025 0.993923
1305031127.611271 -0.044345 0.134089 0.187514 -0.094457 -0.056075 0.003953 0.993941
1305031127.647358 -0.044069 0.129826 0.190200 -0.096435 -0.056598 0.005028 0.993716
1305031127.679298 -0.043653 0.127835 0.191054 -0.095334 -0.057400 0.005974 0.993771
1305031127.711375 -0.043207 0.130787 0.190083 -0.093540 -0.058478 0.005648 0.993881
1305031127.747304 -0.043353 0.128622 0.191527 -0.095093 -0.058874 0.005702 0.993710
1305031127.779346 -0.044423 0.125888 0.192644 -0.094558 -0.058669 0.005675 0.993773
1305031127.811829 -0.044767 0.125771 0.191296 -0.093194 -0.058901 0.004473 0.993894
1305031127.847366 -0.045965 0.125414 0.191112 -0.093249 -0.058452 0.003537 0.993919
1305031127.879380 -0.047547 0.123648 0.191579 -0.093771 -0.058293 0.003159 0.993881
1305031127.911476 -0.048434 0.124637 0.191493 -0.092724 -0.058906 0.002487 0.993945
1305031127.947366 -0.047800 0.125537 0.191600 -0.093151 -0.060077 0.002832 0.993834
1305031127.979371 -0.050332 0.126417 0.192066 -0.093830 -0.059665 0.002368 0.993796
1305031128.011427 -0.048175 0.125071 0.194715 -0.095643 -0.060769 0.002253 0.993556
1305031128.047369 -0.048880 0.123379 0.197115 -0.098280 -0.059252 0.002850 0.993389
1305031128.079334 -0.048358 0.119667 0.199746 -0.099268 -0.059349 0.004250 0.993280
1305031128.111391 -0.046872 0.118318 0.202040 -0.099249 -0.060324 0.005507 0.993217
1305031128.147418 -0.046407 0.117473 0.202864 -0.100109 -0.060548 0.006945 0.993108
1305031128.179350 -0.046869 0.114928 0.204915 -0.099584 -0.060183 0.007775 0.993177
1305031128.211447 -0.045092 0.115438 0.205802 -0.097682 -0.061223 0.008496 0.993296
1305031128.247480 -0.044416 0.115442 0.205298 -0.098132 -0.061932 0.009170 0.993202
1305031128.279336 -0.045359 0.112326 0.207552 -0.099200 -0.062022 0.009140 0.993091
1305031128.311483 -0.045422 0.113608 0.206277 -0.097301 -0.061951 0.008403 0.993289
1305031128.347423 -0.045313 0.113992 0.206022 -0.097136 -0.062240 0.007729 0.993293
1305031128.379404 -0.046300 0.112557 0.206676 -0.097701 -0.062317 0.006113 0.993244
1305031128.411337 -0.047066 0.111360 0.206032 -0.097247 -0.062052 0.004851 0.993312
1305031128.447296 -0.047715 0.112408 0.205423 -0.096194 -0.061921 0.003489 0.993429
1305031128.479296 -0.048206 0.111058 0.205770 -0.096828 -0.061965 0.002550 0.993367
1305031128.511433 -0.047525 0.109863 0.205782 -0.096783 -0.062170 0.002015 0.993360
1305031128.547399 -0.047666 0.110864 0.205597 -0.096109 -0.061615 0.001389 0.993461
1305031128.579455 -0.048271 0.107891 0.205969 -0.096490 -0.060680 0.001038 0.993482
1305031128.611395 -0.048426 0.106511 0.205776 -0.095825 -0.060920 0.001540 0.993531
1305031128.647352 -0.050875 0.107793 0.204291 -0.094628 -0.061052 0.001688 0.993637
