# TF Coordinate Frame ID: openni_rgb_optical_frame(data: openni_rgb_optical_frame)
1305031102.175304 0.000000 0.000000 0.000000 0.000000 0.000000 0.000000 1.000000
1305031102.211214 -0.004084 0.005070 0.007851 -0.002379 -0.001905 -0.001457 0.999994
1305031102.243211 -0.004565 0.005868 0.019864 -0.007758 -0.004744 -0.001265 0.999958
1305031102.275326 -0.005002 0.005084 0.033774 -0.013122 -0.007129 -0.000420 0.999888
1305031102.311267 -0.003812 0.005606 0.048391 -0.016824 -0.009812 0.000613 0.999810
1305031102.343233 -0.005525 0.006335 0.061332 -0.019035 -0.010844 0.002187 0.999758
1305031102.375329 -0.004122 0.007273 0.073537 -0.020897 -0.013394 0.002751 0.999688
1305031102.411258 -0.004236 0.010034 0.084353 -0.022505 -0.016238 0.002164 0.999613
1305031102.443271 -0.007011 0.014433 0.091915 -0.026317 -0.018315 0.001758 0.999484
1305031102.475318 -0.004316 0.013549 0.104691 -0.033175 -0.021196 0.001948 0.999223
1305031102.511219 -0.004080 0.021823 0.134154 -0.036181 -0.021848 0.000986 0.999106
1305031102.575286 -0.001741 0.012115 0.148799 -0.044841 -0.019753 -0.001889 0.998797
1305031102.611233 -0.008267 0.010707 0.163641 -0.043016 -0.015137 -0.001858 0.998958
1305031102.643265 -0.013215 0.014584 0.171811 -0.041402 -0.012727 -0.000983 0.999061
1305031102.675285 -0.014468 0.020247 0.181471 -0.040880 -0.013521 -0.000488 0.999072
1305031102.711263 -0.014600 0.021225 0.195474 -0.041794 -0.014135 0.001095 0.999026
1305031102.743234 -0.015374 0.026606 0.206174 -0.042005 -0.013742 0.002295 0.999020
1305031102.775472 -0.007252 0.028230 0.219933 -0.044076 -0.015781 0.002330 0.998901
1305031102.811232 -0.010772 0.031658 0.232970 -0.044893 -0.011789 0.000973 0.998922
1305031102.843290 -0.012671 0.033841 0.246058 -0.045993 -0.007834 -0.000557 0.998911
1305031102.875363 -0.015302 0.035039 0.259461 -0.046466 -0.004898 -0.002939 0.998904
1305031102.911185 -0.018877 0.038555 0.270108 -0.045441 -0.002252 -0.004919 0.998952
1305031102.943229 -0.024725 0.041839 0.280813 -0.044995 -0.000604 -0.006762 0.998964
1305031102.975203 -0.033561 0.045484 0.291635 -0.045063 -0.003253 -0.007809 0.998948
1305031103.011215 -0.033404 0.048407 0.302782 -0.046260 -0.009118 -0.004732 0.998877
1305031103.043227 -0.033651 0.052373 0.314171 -0.047357 -0.014633 -0.001913 0.998769
1305031103.075319 -0.029238 0.052721 0.326270 -0.047896 -0.019099 0.000998 0.998669
1305031103.111240 -0.027567 0.057930 0.334438 -0.046744 -0.019924 0.002530 0.998705
1305031103.143318 -0.027156 0.062277 0.343182 -0.046922 -0.019930 0.004112 0.998691
1305031103.175452 -0.026959 0.066139 0.351593 -0.047773 -0.019086 0.004870 0.998664
1305031103.211220 -0.029221 0.076731 0.368886 -0.049519 -0.019432 0.006006 0.998566
1305031103.275370 -0.037042 0.073996 0.371220 -0.066958 -0.016842 0.011570 0.997547
1305031103.311210 -0.037348 0.072988 0.382999 -0.072591 -0.026158 0.011787 0.996949
1305031103.343223 -0.029149 0.072812 0.389453 -0.074903 -0.033722 0.013708 0.996526
1305031103.375327 -0.026604 0.072606 0.390325 -0.078046 -0.033230 0.016125 0.996265
1305031103.411260 -0.026991 0.069672 0.393269 -0.080388 -0.033470 0.017416 0.996049
1305031103.443280 -0.028643 0.068313 0.391468 -0.080212 -0.035196 0.016304 0.996023
1305031103.475274 -0.026785 0.065589 0.388961 -0.080060 -0.038666 0.014920 0.995928
1305031103.511333 -0.025361 0.061834 0.383894 -0.077830 -0.040820 0.012794 0.996048
1305031103.543444 -0.025327 0.057880 0.377547 -0.074431 -0.042065 0.010801 0.996280
1305031103.575474 -0.027033 0.055978 0.368130 -0.069847 -0.042263 0.010842 0.996603
1305031103.611223 -0.027942 0.052429 0.358792 -0.067643 -0.044812 0.012076 0.996630
1305031103.643445 -0.024806 0.048319 0.348934 -0.065380 -0.049907 0.013323 0.996523
1305031103.675523 -0.020780 0.044357 0.338216 -0.063193 -0.053580 0.013955 0.996464
1305031103.711610 -0.017852 0.040078 0.326998 -0.061354 -0.055194 0.014245 0.996487
1305031103.743326 -0.015351 0.034978 0.314623 -0.059142 -0.055369 0.013219 0.996625
1305031103.775342 -0.012055 0.031788 0.301539 -0.056600 -0.056316 0.010860 0.996748
1305031103.811242 -0.009394 0.029717 0.287712 -0.056522 -0.056215 0.008228 0.996784
1305031103.843251 -0.012609 0.029380 0.270291 -0.057597 -0.054172 0.005228 0.996855
1305031103.875361 -0.012149 0.020414 0.259435 -0.064373 -0.057446 0.002063 0.996269
1305031103.911221 -0.011009 0.012939 0.250006 -0.065053 -0.060985 0.000636 0.996016
1305031103.943211 -0.008468 0.009257 0.236374 -0.063435 -0.064060 0.000142 0.995928
1305031103.975373 -0.005067 0.002787 0.223914 -0.062761 -0.066557 -0.000523 0.995807
1305031104.011232 -0.003094 -0.004213 0.211501 -0.059692 -0.066378 -0.002350 0.996005
1305031104.043249 0.000932 -0.007829 0.196540 -0.053494 -0.064464 -0.004217 0.996476
1305031104.075425 0.008240 -0.008541 0.179361 -0.049255 -0.062287 -0.005713 0.996826
1305031104.111235 0.009836 -0.013374 0.164902 -0.046253 -0.056795 -0.007809 0.997283
1305031104.143230 0.006851 -0.016960 0.151558 -0.041705 -0.050154 -0.009816 0.997822
1305031104.175424 0.007290 -0.019802 0.137489 -0.037981 -0.047190 -0.010365 0.998110
1305031104.211283 0.006496 -0.023619 0.123748 -0.034174 -0.043989 -0.011018 0.998387
1305031104.243196 0.006974 -0.026056 0.110105 -0.029943 -0.041671 -0.011331 0.998618
1305031104.275546 0.009420 -0.026905 0.096733 -0.025341 -0.039799 -0.011647 0.998818
1305031104.311219 0.010272 -0.027725 0.083139 -0.021378 -0.036607 -0.012006 0.999029
1305031104.343342 0.012766 -0.028637 0.069887 -0.018246 -0.033161 -0.012731 0.999202
1305031104.375837 0.012289 -0.028781 0.057450 -0.016024 -0.028429 -0.012693 0.999387
1305031104.411509 0.009473 -0.029147 0.046192 -0.014448 -0.024167 -0.012131 0.999530
1305031104.443288 0.004807 -0.029573 0.034500 -0.013909 -0.021331 -0.011972 0.999604
1305031104.475456 -0.000087 -0.030099 0.024617 -0.013798 -0.021401 -0.011943 0.999604
1305031104.511329 -0.000790 -0.034155 0.018095 -0.013679 -0.023599 -0.010466 0.999573
1305031104.543368 0.001488 -0.036976 0.011142 -0.011328 -0.026254 -0.010111 0.999540
1305031104.575343 0.006442 -0.041070 0.004399 -0.007567 -0.027016 -0.009842 0.999558
1305031104.611336 0.012203 -0.050922 0.005664 -0.001862 -0.024748 -0.007632 0.999663
1305031104.643243 0.012824 -0.048705 -0.006983 0.009906 -0.017475 -0.008287 0.999764
1305031104.675525 0.014076 -0.051637 -0.016051 0.020149 -0.010404 -0.007646 0.999714
1305031104.711277 0.010136 -0.051830 -0.025696 0.032947 -0.001469 -0.005720 0.999440
1305031104.743280 0.007852 -0.048681 -0.040000 0.045815 0.006016 -0.005113 0.998919
1305031104.775327 0.008362 -0.043892 -0.051277 0.057991 0.012611 -0.003015 0.998233
1305031104.811465 0.008737 -0.039335 -0.061546 0.068650 0.019020 -0.000811 0.997459
1305031104.843258 0.007316 -0.037513 -0.074120 0.076074 0.025309 0.001870 0.996779
1305031104.875350 0.003202 -0.028923 -0.084366 0.082906 0.029415 0.003559 0.996117
1305031104.911534 0.007809 -0.025035 -0.092192 0.084809 0.029494 0.005791 0.995944
1305031104.943262 0.009988 -0.023081 -0.094360 0.085886 0.030398 0.007534 0.995813
1305031104.975202 0.011077 -0.017516 -0.096160 0.085734 0.029944 0.008768 0.995829
1305031105.011290 0.011212 -0.014599 -0.094579 0.082460 0.029092 0.007977 0.996138
1305031105.043373 0.012610 -0.012405 -0.089398 0.077511 0.028279 0.007530 0.996562
1305031105.075320 0.012198 -0.014512 -0.081335 0.070424 0.027498 0.005255 0.997124
1305031105.111299 0.008011 -0.016974 -0.068575 0.064594 0.027138 0.003703 0.997536
1305031105.143106 0.004703 -0.008897 -0.060983 0.060164 0.025220 0.001178 0.997869
1305031105.175159 0.003921 -0.007653 -0.052985 0.048506 0.022064 -0.001584 0.998578
1305031105.211268 -0.004813 -0.014459 -0.033048 0.035971 0.020160 -0.004102 0.999141
1305031105.243270 -0.007342 -0.011736 -0.017649 0.028619 0.015099 -0.005982 0.999458
1305031105.275288 -0.009957 -0.010330 -0.004497 0.019077 0.009600 -0.006787 0.999749
1305031105.311290 -0.011076 -0.012519 0.013076 0.009238 0.002369 -0.007166 0.999929
1305031105.343302 -0.011246 -0.013245 0.029877 0.001879 -0.003842 -0.006714 0.999968
1305031105.375338 -0.011668 -0.013603 0.047309 -0.001939 -0.009273 -0.006093 0.999937
1305031105.411286 -0.011994 -0.010741 0.057541 -0.007043 -0.013748 -0.007017 0.999856
1305031105.443316 -0.012853 -0.010737 0.072878 -0.012744 -0.017566 -0.006848 0.999741
1305031105.475280 -0.013344 -0.010273 0.088649 -0.016531 -0.020902 -0.006842 0.999621
1305031105.511332 -0.012357 -0.007473 0.100924 -0.020167 -0.023666 -0.006504 0.999495
1305031105.543282 -0.013590 -0.008091 0.116805 -0.024409 -0.024116 -0.005368 0.999397
1305031105.575449 -0.015394 -0.007818 0.131684 -0.027717 -0.025259 -0.005333 0.999282
1305031105.611378 -0.014831 -0.008601 0.146708 -0.030690 -0.026181 -0.004324 0.999177
1305031105.643273 -0.019221 -0.008567 0.161176 -0.032204 -0.025202 -0.002221 0.999161
1305031105.675166 -0.015086 -0.004785 0.175147 -0.033052 -0.027660 -0.000869 0.999070
1305031105.711309 -0.010255 -0.005806 0.192660 -0.033332 -0.027304 -0.000406 0.999071
1305031105.743312 -0.011664 -0.000882 0.205181 -0.031376 -0.023296 -0.000217 0.999236
1305031105.775339 -0.008442 0.001593 0.219415 -0.031098 -0.019912 -0.000397 0.999318
1305031105.811283 -0.012843 0.002906 0.234371 -0.030414 -0.013749 -0.000133 0.999443
1305031105.843271 -0.012984 0.005933 0.248097 -0.028682 -0.010090 0.000306 0.999538
1305031105.875337 -0.012901 0.011653 0.259388 -0.027777 -0.005090 0.002767 0.999597
1305031105.911262 -0.016864 0.016330 0.271354 -0.029304 0.000893 0.006204 0.999551
1305031105.943272 -0.016037 0.020435 0.284305 -0.031984 0.003571 0.008812 0.999443
1305031105.975329 -0.017376 0.025405 0.295633 -0.035282 0.006259 0.010207 0.999306
1305031106.011285 -0.017470 0.029186 0.308409 -0.039082 0.008528 0.011702 0.999131
1305031106.043355 -0.018061 0.032101 0.320265 -0.043657 0.010444 0.012802 0.998910
1305031106.075330 -0.020501 0.035739 0.332747 -0.047402 0.011960 0.014362 0.998701
1305031106.111327 -0.025372 0.040540 0.342648 -0.051846 0.014037 0.014112 0.998457
1305031106.143355 -0.027838 0.043471 0.354285 -0.057946 0.013529 0.015904 0.998101
1305031106.175534 -0.026105 0.044833 0.367243 -0.062465 0.010449 0.017741 0.997835
1305031106.211275 -0.026002 0.045808 0.378515 -0.065872 0.008447 0.018925 0.997613
1305031106.243267 -0.029231 0.046502 0.388656 -0.067545 0.008253 0.021911 0.997441
1305031106.276385 -0.028673 0.052253 0.394706 -0.067698 0.006199 0.023357 0.997413
1305031106.311238 -0.031145 0.056790 0.399378 -0.069936 0.006476 0.025958 0.997193
1305031106.343258 -0.033907 0.062237 0.402156 -0.073589 0.007066 0.025423 0.996939
1305031106.375388 -0.026595 0.063011 0.406816 -0.082230 0.002738 0.020178 0.996405
1305031106.411320 -0.022337 0.057956 0.414328 -0.090128 0.004284 0.015644 0.995798
1305031106.443278 -0.026363 0.055144 0.416626 -0.092169 0.008967 0.010811 0.995644
1305031106.475345 -0.031220 0.053023 0.414426 -0.092233 0.009840 0.008809 0.995650
1305031106.511129 -0.033457 0.049694 0.410433 -0.091206 0.007527 0.008408 0.995768
1305031106.543302 -0.030557 0.047918 0.403522 -0.087748 0.002134 0.007845 0.996109
1305031106.575282 -0.029594 0.044991 0.394857 -0.085400 -0.000360 0.007112 0.996321
1305031106.611151 -0.032187 0.044146 0.383216 -0.084190 -0.002093 0.003801 0.996440
1305031106.643207 -0.029561 0.039612 0.373671 -0.083988 -0.006179 0.002063 0.996445
1305031106.675279 -0.033284 0.036086 0.361228 -0.082457 -0.007683 0.001801 0.996563
1305031106.711508 -0.033914 0.033599 0.346369 -0.083082 -0.012625 0.000977 0.996462
1305031106.743341 -0.033002 0.027394 0.334481 -0.083410 -0.019132 0.001918 0.996330
1305031106.775390 -0.029620 0.024465 0.320679 -0.082145 -0.025976 0.002263 0.996279
1305031106.811289 -0.026623 0.023516 0.304500 -0.081386 -0.030775 0.002541 0.996204
1305031106.843416 -0.023092 0.016893 0.291537 -0.082513 -0.036163 0.001685 0.995932
1305031106.875905 -0.021459 0.010700 0.277262 -0.078090 -0.038695 -0.002097 0.996193
1305031106.911243 -0.016404 0.006534 0.260506 -0.076074 -0.040581 -0.004920 0.996264
1305031106.943439 -0.016489 0.003167 0.243311 -0.072969 -0.039331 -0.009819 0.996510
1305031106.975547 -0.018879 -0.003836 0.227794 -0.067924 -0.035978 -0.014167 0.996941
1305031107.011576 -0.015901 -0.003779 0.208721 -0.061833 -0.034915 -0.016891 0.997333
1305031107.043281 -0.016172 -0.004556 0.188633 -0.059419 -0.032024 -0.019142 0.997536
1305031107.075432 -0.023617 -0.011785 0.174788 -0.056386 -0.028448 -0.021394 0.997774
1305031107.111229 -0.022080 -0.013763 0.157920 -0.052003 -0.029294 -0.021683 0.997982
1305031107.143260 -0.016085 -0.014370 0.139985 -0.049582 -0.030037 -0.021640 0.998084
1305031107.175399 -0.015029 -0.020129 0.128140 -0.047918 -0.028893 -0.022663 0.998176
1305031107.211358 -0.015441 -0.026840 0.116659 -0.043288 -0.026234 -0.024641 0.998414
1305031107.243378 -0.013652 -0.026604 0.100958 -0.036951 -0.023481 -0.024679 0.998736
1305031107.275398 -0.011117 -0.028900 0.088143 -0.031440 -0.020789 -0.025192 0.998972
1305031107.311226 -0.011738 -0.034703 0.075471 -0.025471 -0.016957 -0.026807 0.999172
1305031107.343509 -0.009290 -0.035766 0.064775 -0.014432 -0.013914 -0.027511 0.999420
1305031107.375413 -0.007919 -0.032920 0.050552 -0.005253 -0.009365 -0.027347 0.999568
1305031107.411271 -0.006640 -0.032511 0.039979 0.001326 -0.004939 -0.028535 0.999580
1305031107.443419 -0.003199 -0.030648 0.028920 0.006430 -0.000888 -0.027711 0.999595
1305031107.475377 -0.002618 -0.029997 0.022666 0.009814 0.004090 -0.027233 0.999573
1305031107.511352 0.000407 -0.026079 0.015714 0.012019 0.007079 -0.026398 0.999554
1305031107.543605 0.000529 -0.025864 0.012426 0.010147 0.010521 -0.024435 0.999595
1305031107.575454 0.001821 -0.030228 0.016313 0.008932 0.012489 -0.022026 0.999639
1305031107.611271 0.003648 -0.025103 0.013217 0.010179 0.013921 -0.020476 0.999642
1305031107.643323 0.007515 -0.022901 0.012419 0.008012 0.014200 -0.019149 0.999684
1305031107.675568 0.005058 -0.023100 0.016576 0.006551 0.015554 -0.018630 0.999684
1305031107.711307 0.003517 -0.020673 0.016948 0.005355 0.015823 -0.017817 0.999702
1305031107.743538 0.001293 -0.017960 0.017641 0.002889 0.015193 -0.017508 0.999727
1305031107.775802 0.003961 -0.017322 0.021783 0.000395 0.011532 -0.018496 0.999762
1305031107.811596 0.003832 -0.017211 0.024369 -0.002021 0.010161 -0.018304 0.999779
1305031107.843332 0.010010 -0.015526 0.026689 -0.003965 0.007900 -0.018421 0.999791
1305031107.875358 0.015083 -0.018518 0.031910 -0.005297 0.007680 -0.021702 0.999721
1305031107.911541 0.016465 -0.018038 0.035276 -0.004460 0.010653 -0.024203 0.999640
1305031107.943122 0.018867 -0.018835 0.038254 -0.002895 0.014381 -0.024918 0.999582
1305031107.975807 0.022192 -0.020016 0.040929 -0.000744 0.018658 -0.025935 0.999489
1305031108.011320 0.031515 -0.019103 0.042620 0.002966 0.022205 -0.027367 0.999374
1305031108.043418 0.041704 -0.015699 0.041998 0.005896 0.029006 -0.023850 0.999277
1305031108.075352 0.049322 -0.018155 0.046343 0.006315 0.037390 -0.019809 0.999084
1305031108.111378 0.056073 -0.017424 0.048562 0.009044 0.043138 -0.019518 0.998838
1305031108.143334 0.064437 -0.013700 0.049180 0.011854 0.047217 -0.018178 0.998649
1305031108.176058 0.068820 -0.007872 0.047883 0.011594 0.052374 -0.016119 0.998430
1305031108.211475 0.082323 -0.009026 0.051054 0.007116 0.052361 -0.016358 0.998469
1305031108.243347 0.100581 -0.013907 0.058796 0.005196 0.052652 -0.017522 0.998446
1305031108.275358 0.103266 -0.009891 0.060151 0.005966 0.059218 -0.017342 0.998077
1305031108.311332 0.106271 -0.006721 0.059918 0.003233 0.062392 -0.016569 0.997909
1305031108.343278 0.111694 -0.005578 0.063116 -0.001709 0.062603 -0.014477 0.997932
1305031108.375410 0.120409 -0.006777 0.067116 -0.007476 0.060508 -0.008791 0.998101
1305031108.411361 0.135055 -0.009165 0.070399 -0.013320 0.055594 -0.003029 0.998360
1305031108.443610 0.150291 -0.006963 0.074134 -0.016656 0.053132 0.005136 0.998435
1305031108.475471 0.163935 -0.007421 0.079040 -0.019063 0.052294 0.012791 0.998368
1305031108.511378 0.188897 -0.009687 0.082717 -0.019012 0.049738 0.017741 0.998424
1305031108.543737 0.203213 -0.007189 0.085569 -0.013813 0.054596 0.016787 0.998272
1305031108.575414 0.209156 -0.002758 0.083606 -0.010022 0.060292 0.014967 0.998018
1305031108.611407 0.218826 -0.001326 0.084519 -0.009558 0.066522 0.015104 0.997625
1305031108.643303 0.224418 0.003648 0.083215 -0.008231 0.072922 0.016694 0.997164
1305031108.675375 0.233474 0.005378 0.083105 -0.010719 0.078873 0.019663 0.996633
1305031108.711411 0.241444 0.006477 0.084011 -0.013434 0.085594 0.023891 0.995953
1305031108.743502 0.247148 0.005174 0.088140 -0.015263 0.090554 0.024463 0.995474
1305031108.775493 0.253098 0.007086 0.087634 -0.015774 0.094312 0.026092 0.995076
1305031108.811244 0.254460 0.006583 0.088370 -0.017192 0.098262 0.031009 0.994529
1305031108.843264 0.255091 0.005381 0.090644 -0.016684 0.099254 0.036869 0.994239
1305031108.876515 0.256123 0.003759 0.089864 -0.015752 0.096784 0.042186 0.994286
1305031108.911364 0.260786 0.000865 0.089607 -0.013881 0.092200 0.048443 0.994465
1305031108.943243 0.263356 0.003116 0.086787 -0.007940 0.086817 0.050167 0.994929
1305031108.975268 0.262355 0.006248 0.080389 -0.004207 0.080460 0.048677 0.995560
1305031109.011269 0.262299 0.006041 0.076821 -0.004706 0.076493 0.047096 0.995946
1305031109.043277 0.257958 0.006563 0.075785 -0.003522 0.074670 0.044997 0.996186
1305031109.075410 0.248207 0.008090 0.069922 -0.004967 0.073440 0.038854 0.996530
1305031109.111282 0.239039 0.004293 0.070815 -0.009589 0.073240 0.035914 0.996621
1305031109.143334 0.227412 -0.000719 0.073056 -0.011999 0.070689 0.032908 0.996883
1305031109.175464 0.217507 0.001659 0.069906 -0.011871 0.065294 0.030124 0.997341
1305031109.211379 0.202633 0.006251 0.064788 -0.015457 0.063707 0.031875 0.997340
1305031109.243290 0.191023 0.002811 0.065555 -0.024595 0.062192 0.037671 0.997050
1305031109.275308 0.185742 -0.002544 0.073154 -0.027586 0.055422 0.042312 0.997185
1305031109.311329 0.175892 0.002411 0.070214 -0.023962 0.045897 0.042977 0.997734
1305031109.343248 0.160148 0.004695 0.067205 -0.026142 0.038777 0.041479 0.998044
1305031109.375397 0.155886 -0.000237 0.070318 -0.030323 0.028545 0.041656 0.998264
1305031109.411329 0.146728 0.003578 0.069947 -0.029564 0.020988 0.037847 0.998626
1305031109.443302 0.136451 0.004349 0.067620 -0.032874 0.016047 0.032467 0.998803
1305031109.475363 0.125690 0.001515 0.069707 -0.036250 0.013817 0.029399 0.998815
1305031109.511273 0.113986 -0.000710 0.071175 -0.036436 0.011414 0.024629 0.998967
1305031109.543294 0.099705 -0.001685 0.069454 -0.034745 0.011147 0.022423 0.999082
1305031109.575362 0.085943 0.001425 0.065563 -0.033185 0.011708 0.021791 0.999143
1305031109.611310 0.075002 0.002161 0.063061 -0.033014 0.009753 0.019300 0.999221
1305031109.643229 0.062293 0.003732 0.061208 -0.033241 0.009843 0.018914 0.999220
1305031109.675263 0.047254 0.006894 0.058058 -0.034244 0.010426 0.020545 0.999148
1305031109.711312 0.036885 0.008757 0.056988 -0.036365 0.006842 0.019563 0.999124
1305031109.743274 0.027126 0.010267 0.056924 -0.039852 0.003553 0.019260 0.999014
1305031109.775277 0.017938 0.007140 0.060754 -0.043990 0.001486 0.019939 0.998832
1305031109.811371 0.006431 0.008051 0.061395 -0.046185 0.000104 0.019076 0.998751
1305031109.843296 -0.005178 0.007851 0.063611 -0.049624 -0.002171 0.018822 0.998588
1305031109.875306 -0.017916 0.007964 0.065425 -0.052877 -0.005483 0.017105 0.998439
1305031109.911265 -0.030699 0.003752 0.072209 -0.055739 -0.010539 0.011892 0.998319
1305031109.943299 -0.037594 0.009170 0.071387 -0.056246 -0.014920 0.009096 0.998264
1305031109.975258 -0.048671 0.011995 0.074262 -0.058522 -0.017593 0.004109 0.998123
1305031110.011256 -0.060810 0.010489 0.079471 -0.061507 -0.019803 -0.003034 0.997906
1305031110.043299 -0.070458 0.010755 0.083397 -0.063902 -0.021638 -0.009158 0.997680
1305031110.075319 -0.083404 0.012234 0.087134 -0.065888 -0.021666 -0.013948 0.997494
1305031110.111325 -0.096638 0.012619 0.087986 -0.069792 -0.022574 -0.018587 0.997133
1305031110.143432 -0.115348 0.009030 0.096598 -0.072310 -0.023157 -0.022983 0.996848
1305031110.175641 -0.120995 0.011600 0.097768 -0.073638 -0.028220 -0.023663 0.996605
1305031110.211637 -0.133990 0.011658 0.100128 -0.076628 -0.029692 -0.025447 0.996293
1305031110.243323 -0.148823 0.009762 0.105408 -0.077845 -0.031720 -0.026024 0.996121
1305031110.279321 -0.156952 0.008144 0.107900 -0.077095 -0.035405 -0.026719 0.996037
1305031110.311404 -0.167750 0.008718 0.108607 -0.074803 -0.038103 -0.027875 0.996080
1305031110.343355 -0.175081 0.011977 0.107626 -0.073025 -0.043313 -0.028357 0.995986
1305031110.379281 -0.185158 0.012907 0.108022 -0.071909 -0.048483 -0.031444 0.995736
1305031110.411469 -0.194873 0.017179 0.107164 -0.070967 -0.054657 -0.033406 0.995420
1305031110.443260 -0.202673 0.021902 0.102891 -0.072883 -0.060593 -0.037183 0.994803
1305031110.479331 -0.214285 0.020064 0.108534 -0.076165 -0.066764 -0.042475 0.993950
1305031110.511429 -0.225694 0.015048 0.112581 -0.079157 -0.073023 -0.044970 0.993166
1305031110.543408 -0.233111 0.020021 0.110309 -0.079258 -0.079678 -0.048091 0.992500
1305031110.579426 -0.239130 0.023511 0.108463 -0.082192 -0.086182 -0.053109 0.991462
1305031110.611307 -0.248819 0.022394 0.113960 -0.085976 -0.088958 -0.056695 0.990697
1305031110.643418 -0.258562 0.018533 0.120880 -0.086670 -0.090711 -0.059021 0.990342
1305031110.679606 -0.263050 0.019863 0.117974 -0.086988 -0.093642 -0.061169 0.989910
1305031110.711412 -0.268253 0.024319 0.116371 -0.087854 -0.095370 -0.063185 0.989542
1305031110.743249 -0.273981 0.019054 0.120996 -0.090635 -0.097036 -0.063709 0.989096
1305031110.779193 -0.276727 0.019868 0.121556 -0.090573 -0.098719 -0.064449 0.988887
1305031110.811386 -0.277205 0.019467 0.120417 -0.091411 -0.099863 -0.065981 0.988594
1305031110.843218 -0.279769 0.020757 0.120691 -0.092184 -0.101739 -0.067822 0.988206
1305031110.879313 -0.281196 0.019223 0.122533 -0.092935 -0.103035 -0.067773 0.988005
1305031110.911333 -0.277945 0.020366 0.122274 -0.093148 -0.105327 -0.068213 0.987713
1305031110.943862 -0.275525 0.019911 0.123340 -0.093375 -0.107066 -0.069061 0.987445
1305031110.979345 -0.266967 0.022211 0.122545 -0.092558 -0.107818 -0.070139 0.987365
1305031111.011431 -0.258866 0.025296 0.122092 -0.092297 -0.104347 -0.069687 0.987794
1305031111.043327 -0.257591 0.023970 0.124294 -0.092419 -0.097280 -0.067472 0.988657
1305031111.079283 -0.248829 0.025133 0.121122 -0.093716 -0.096011 -0.065285 0.988806
1305031111.111508 -0.241479 0.024775 0.125221 -0.094769 -0.094007 -0.062294 0.989091
1305031111.143257 -0.234957 0.020357 0.128162 -0.094923 -0.091391 -0.061098 0.989396
1305031111.179326 -0.224475 0.021695 0.126933 -0.091780 -0.087984 -0.061766 0.989960
1305031111.211433 -0.215739 0.023823 0.122412 -0.089239 -0.079564 -0.058846 0.991082
1305031111.243236 -0.208198 0.022233 0.123683 -0.088908 -0.077439 -0.058313 0.991311
1305031111.279308 -0.202250 0.018668 0.127386 -0.086303 -0.073964 -0.057679 0.991844
1305031111.311547 -0.190077 0.022685 0.120477 -0.082033 -0.070328 -0.053019 0.992730
1305031111.343397 -0.179704 0.022854 0.116253 -0.085029 -0.073768 -0.052322 0.992265
1305031111.379134 -0.169155 0.021069 0.123557 -0.083939 -0.075196 -0.049551 0.992393
1305031111.411296 -0.159555 0.017947 0.123076 -0.081809 -0.076663 -0.048427 0.992514
1305031111.443386 -0.137399 0.018766 0.121984 -0.080708 -0.085398 -0.052167 0.991702
1305031111.479259 -0.115884 0.012662 0.125414 -0.079415 -0.082186 -0.052315 0.992070
1305031111.511264 -0.106040 0.012196 0.122523 -0.075574 -0.072049 -0.051437 0.993203
1305031111.543250 -0.097210 0.010499 0.122455 -0.071983 -0.064964 -0.051469 0.993956
1305031111.579237 -0.085314 0.013615 0.116699 -0.067659 -0.055868 -0.045324 0.995111
1305031111.611271 -0.081240 0.014132 0.112668 -0.068149 -0.049412 -0.038928 0.995690
1305031111.643395 -0.070822 0.006080 0.121623 -0.067349 -0.049237 -0.034141 0.995929
1305031111.679320 -0.045206 0.010071 0.115537 -0.061638 -0.046633 -0.024503 0.996707
1305031111.711760 -0.026466 0.013822 0.110779 -0.059484 -0.041198 -0.021747 0.997142
1305031111.743386 -0.010635 0.006805 0.116147 -0.057699 -0.031711 -0.020417 0.997621
1305031111.779423 0.000959 0.011482 0.111049 -0.053150 -0.014868 -0.017037 0.998330
1305031111.811406 0.005413 0.010836 0.110740 -0.050468 0.000006 -0.017213 0.998577
1305031111.843299 0.009022 0.012339 0.108432 -0.047001 0.012181 -0.015659 0.998698
1305031111.879442 0.013152 0.015313 0.105102 -0.046551 0.020802 -0.011275 0.998636
1305031111.911354 0.015461 0.010324 0.109752 -0.047298 0.022764 -0.006764 0.998598
1305031111.943300 0.026980 0.011047 0.109438 -0.045471 0.019853 0.001676 0.998767
1305031111.979449 0.055020 0.011265 0.107586 -0.044553 0.016319 0.010073 0.998823
1305031112.011433 0.077281 0.011351 0.107172 -0.042281 0.018847 0.010174 0.998876
1305031112.043270 0.090880 0.011646 0.105757 -0.038947 0.025580 0.008331 0.998879
1305031112.079339 0.102284 0.012701 0.104123 -0.036441 0.036492 0.007968 0.998638
1305031112.111423 0.106413 0.014790 0.102679 -0.033241 0.045218 0.003328 0.998418
1305031112.144342 0.118272 0.014767 0.100688 -0.032939 0.050628 -0.003398 0.998168
1305031112.179390 0.130230 0.012554 0.099628 -0.035870 0.061781 -0.005934 0.997427
1305031112.211254 0.143537 0.005475 0.105311 -0.037560 0.068933 -0.011553 0.996847
1305031112.243369 0.155588 -0.001246 0.108547 -0.034910 0.076656 -0.015302 0.996329
1305031112.279353 0.158040 0.000106 0.106787 -0.029108 0.084857 -0.018582 0.995795
1305031112.311312 0.161176 0.000527 0.107914 -0.022647 0.089000 -0.020676 0.995559
1305031112.343323 0.170349 0.003019 0.104647 -0.015367 0.089592 -0.018682 0.995685
1305031112.379360 0.176347 0.002942 0.102964 -0.011756 0.089840 -0.015162 0.995771
1305031112.411442 0.189594 0.005155 0.100899 -0.008673 0.086621 -0.010658 0.996147
1305031112.443391 0.203049 0.003533 0.101182 -0.006738 0.084616 -0.003736 0.996384
1305031112.479418 0.208266 0.006061 0.099548 -0.002890 0.084807 0.005517 0.996378
1305031112.511504 0.217563 0.005211 0.099896 -0.001275 0.081457 0.013542 0.996584
1305031112.543212 0.231003 0.006398 0.099012 0.001507 0.076572 0.018390 0.996893
1305031112.579252 0.239051 0.008367 0.097257 0.004074 0.073838 0.024288 0.996966
1305031112.611261 0.253768 0.008552 0.094224 0.003542 0.071909 0.029620 0.996965
1305031112.643246 0.261807 0.012506 0.091878 0.002909 0.077036 0.036896 0.996341
1305031112.679952 0.264831 0.010965 0.094095 0.000417 0.082802 0.040030 0.995762
1305031112.711251 0.266234 0.012405 0.093063 -0.001124 0.087022 0.041317 0.995349
1305031112.743245 0.266585 0.017778 0.089811 -0.004218 0.090709 0.043908 0.994900
1305031112.779310 0.265551 0.015913 0.093861 -0.011173 0.094704 0.047174 0.994324
1305031112.811310 0.258868 0.015408 0.099954 -0.012683 0.095795 0.046383 0.994239
1305031112.843286 0.255796 0.017502 0.098713 -0.014739 0.091026 0.043758 0.994778
1305031112.879421 0.252543 0.018119 0.100467 -0.017905 0.089173 0.046036 0.994791
1305031112.911411 0.250533 0.018736 0.102333 -0.020164 0.084853 0.049192 0.994974
1305031112.943321 0.246913 0.016681 0.104150 -0.022565 0.079139 0.048322 0.995436
1305031112.979278 0.245618 0.015828 0.104382 -0.023660 0.072384 0.046282 0.996021
1305031113.011353 0.238660 0.015492 0.102424 -0.025858 0.070274 0.045671 0.996146
1305031113.043231 0.232797 0.014781 0.101149 -0.029669 0.067946 0.043488 0.996299
1305031113.079251 0.223857 0.010035 0.104842 -0.030943 0.065223 0.039299 0.996616
1305031113.111316 0.214507 0.012766 0.100319 -0.027969 0.060233 0.033847 0.997218
1305031113.143306 0.203313 0.009885 0.096410 -0.032208 0.059213 0.032038 0.997211
1305031113.179343 0.189382 0.006539 0.097618 -0.034757 0.059024 0.033784 0.997079
1305031113.211259 0.177044 0.003720 0.096958 -0.034306 0.054135 0.034620 0.997343
1305031113.243227 0.163879 0.007231 0.091634 -0.034975 0.048685 0.035238 0.997579
1305031113.279312 0.154456 0.002704 0.093566 -0.037652 0.043087 0.037301 0.997665
1305031113.311452 0.144196 0.002362 0.094846 -0.032291 0.034979 0.041865 0.997989
1305031113.343252 0.129381 0.005191 0.090073 -0.027533 0.026171 0.039554 0.998495
1305031113.379312 0.115837 0.004176 0.088812 -0.030862 0.018376 0.037283 0.998659
1305031113.411625 0.103915 -0.001880 0.094234 -0.031915 0.011169 0.037485 0.998725
1305031113.443266 0.086407 -0.000092 0.092750 -0.030127 0.006125 0.031867 0.999019
1305031113.479311 0.070990 0.002488 0.091565 -0.032058 0.000021 0.026074 0.999146
1305031113.511523 0.055307 -0.001069 0.094276 -0.036700 -0.004652 0.024743 0.999009
1305031113.543242 0.043434 -0.004990 0.098089 -0.039482 -0.011117 0.021740 0.998922
1305031113.579301 0.032197 -0.005418 0.098588 -0.040175 -0.016590 0.017579 0.998900
1305031113.611268 0.022665 -0.001615 0.098039 -0.040792 -0.020368 0.012932 0.998876
1305031113.643222 0.010240 -0.003158 0.098886 -0.043631 -0.020628 0.009045 0.998794
1305031113.679288 -0.002901 -0.005227 0.101215 -0.045413 -0.020098 0.005929 0.998749
1305031113.711931 -0.013302 -0.006971 0.102825 -0.046180 -0.020296 0.001539 0.998726
1305031113.743590 -0.024411 -0.005915 0.103054 -0.045287 -0.018308 -0.003585 0.998800
1305031113.779320 -0.040671 -0.006274 0.103806 -0.044060 -0.014850 -0.008418 0.998883
1305031113.811237 -0.056554 -0.004588 0.103862 -0.042630 -0.012310 -0.011083 0.998954
1305031113.843295 -0.066507 -0.000054 0.103617 -0.041514 -0.011213 -0.014526 0.998969
1305031113.879281 -0.084275 -0.006516 0.108023 -0.042309 -0.009392 -0.019332 0.998873
1305031113.911290 -0.097357 -0.002702 0.108194 -0.038563 -0.009784 -0.020215 0.999004
1305031113.943291 -0.106434 -0.001520 0.108976 -0.035654 -0.008880 -0.022634 0.999068
1305031113.979293 -0.119548 -0.000223 0.109809 -0.032318 -0.007303 -0.027654 0.999068
1305031114.011257 -0.137113 0.003251 0.109909 -0.028205 -0.005017 -0.033449 0.999030
1305031114.043301 -0.154931 0.005289 0.111009 -0.026367 -0.006042 -0.035056 0.999019
1305031114.079285 -0.168514 0.004921 0.112843 -0.024315 -0.010771 -0.036117 0.998994
1305031114.111263 -0.177170 0.007898 0.112909 -0.021714 -0.017027 -0.038736 0.998868
1305031114.143284 -0.187466 0.010223 0.113997 -0.020736 -0.022076 -0.041892 0.998663
1305031114.179337 -0.200166 0.006560 0.118854 -0.019816 -0.023561 -0.044496 0.998535
1305031114.211303 -0.208255 0.014597 0.116456 -0.016135 -0.025190 -0.046443 0.998473
1305031114.243337 -0.221454 0.016901 0.118243 -0.017018 -0.027477 -0.050009 0.998226
1305031114.279390 -0.238557 0.015918 0.122939 -0.017733 -0.031616 -0.051837 0.997997
1305031114.311429 -0.247099 0.017763 0.124637 -0.018587 -0.039550 -0.051380 0.997723
1305031114.343331 -0.254294 0.018013 0.128101 -0.019315 -0.045353 -0.055011 0.997268
1305031114.379320 -0.263551 0.017232 0.131364 -0.019413 -0.047226 -0.059187 0.996940
1305031114.411397 -0.275462 0.017142 0.133167 -0.018691 -0.048273 -0.063101 0.996664
1305031114.443345 -0.286019 0.017513 0.133717 -0.019058 -0.052013 -0.064250 0.996395
1305031114.479332 -0.294895 0.015258 0.136176 -0.020155 -0.058927 -0.064660 0.995962
1305031114.511266 -0.299618 0.015672 0.137331 -0.021051 -0.067100 -0.066249 0.995322
1305031114.543236 -0.303690 0.017051 0.138248 -0.022732 -0.070790 -0.065914 0.995051
1305031114.579237 -0.310948 0.013246 0.141209 -0.025439 -0.070392 -0.062088 0.995260
1305031114.611391 -0.313086 0.015561 0.141056 -0.026999 -0.072042 -0.059910 0.995235
1305031114.644136 -0.316631 0.014089 0.142377 -0.031716 -0.075177 -0.058173 0.994967
1305031114.679251 -0.322463 0.010186 0.146935 -0.035524 -0.080256 -0.058873 0.994400
1305031114.711306 -0.323620 0.007371 0.150608 -0.036951 -0.084620 -0.057657 0.994057
1305031114.743200 -0.324621 0.004599 0.151617 -0.037028 -0.087712 -0.061055 0.993583
1305031114.779289 -0.324945 0.004329 0.150937 -0.035187 -0.088928 -0.064336 0.993335
1305031114.811303 -0.321867 0.009133 0.147015 -0.033422 -0.089629 -0.065504 0.993257
1305031114.843208 -0.320894 0.008425 0.146854 -0.033682 -0.090207 -0.067841 0.993039
1305031114.879281 -0.316301 0.012391 0.146158 -0.032862 -0.091224 -0.067640 0.992987
1305031114.912879 -0.312363 0.013077 0.145577 -0.033939 -0.091760 -0.067787 0.992891
1305031114.943234 -0.303441 0.017635 0.143932 -0.034504 -0.092988 -0.069368 0.992648
1305031114.979280 -0.297770 0.019082 0.144719 -0.036349 -0.091195 -0.070148 0.992694
1305031115.011300 -0.287789 0.025283 0.144402 -0.038015 -0.091843 -0.071571 0.992470
1305031115.043508 -0.279444 0.022848 0.147517 -0.042028 -0.089597 -0.071546 0.992516
1305031115.079238 -0.269751 0.023701 0.150682 -0.043709 -0.087648 -0.071185 0.992643
1305031115.111230 -0.255815 0.027234 0.151288 -0.044986 -0.084559 -0.070880 0.992876
1305031115.143275 -0.247595 0.023074 0.154660 -0.047825 -0.076029 -0.068840 0.993576
1305031115.179440 -0.239100 0.024389 0.156501 -0.048992 -0.072954 -0.067211 0.993861
1305031115.211374 -0.225589 0.020260 0.163609 -0.050347 -0.071724 -0.064382 0.994070
1305031115.243297 -0.214395 0.017917 0.167719 -0.046946 -0.066670 -0.061346 0.994780
1305031115.279966 -0.200030 0.021675 0.166018 -0.045212 -0.064962 -0.056635 0.995253
1305031115.311704 -0.180858 0.018592 0.171623 -0.045437 -0.062411 -0.051292 0.995695
1305031115.343235 -0.166561 0.020101 0.171136 -0.041796 -0.054309 -0.047705 0.996508
1305031115.379166 -0.160002 0.025817 0.165489 -0.044451 -0.049916 -0.042513 0.996858
1305031115.411237 -0.145881 0.022698 0.172867 -0.051151 -0.056425 -0.039051 0.996331
1305031115.443159 -0.126061 0.022057 0.176823 -0.054504 -0.059243 -0.032971 0.996209
1305031115.479241 -0.109404 0.022166 0.179112 -0.058552 -0.060029 -0.026954 0.996113
1305031115.511253 -0.082875 0.017818 0.184647 -0.062366 -0.061772 -0.022936 0.995876
1305031115.543604 -0.063019 0.016498 0.186529 -0.062299 -0.051148 -0.016934 0.996602
1305031115.579315 -0.053557 0.015394 0.185024 -0.062097 -0.038370 -0.011743 0.997263
1305031115.611424 -0.041799 0.014198 0.185360 -0.061613 -0.031561 -0.006946 0.997577
1305031115.643254 -0.029009 0.012102 0.184657 -0.060861 -0.024367 -0.000170 0.997849
1305031115.679241 -0.021503 0.013155 0.182257 -0.059149 -0.018933 0.010040 0.998019
1305031115.711320 -0.000100 0.014456 0.180006 -0.058270 -0.021041 0.019391 0.997891
1305031115.743250 0.022658 0.015451 0.177617 -0.057332 -0.016942 0.026396 0.997862
1305031115.779425 0.033164 0.015912 0.175754 -0.055088 -0.006418 0.032844 0.997921
1305031115.811277 0.047577 0.017745 0.172244 -0.054318 0.002024 0.040239 0.997711
1305031115.843224 0.060903 0.020347 0.169270 -0.054952 0.011611 0.047527 0.997290
1305031115.879198 0.068967 0.015288 0.172910 -0.056156 0.018919 0.054919 0.996731
1305031115.911118 0.084556 0.018544 0.170062 -0.053246 0.020995 0.060322 0.996537
1305031115.943311 0.095370 0.021766 0.169205 -0.052855 0.028103 0.066211 0.996008
1305031115.980740 0.104888 0.025684 0.168906 -0.052819 0.034392 0.071589 0.995441
1305031116.011379 0.121747 0.029017 0.169252 -0.054000 0.040589 0.074326 0.994943
1305031116.043164 0.132246 0.031106 0.170310 -0.056132 0.052268 0.076230 0.994136
1305031116.080030 0.136439 0.035003 0.169717 -0.059075 0.064145 0.079300 0.993029
1305031116.111300 0.147806 0.035359 0.172576 -0.065063 0.072590 0.082439 0.991817
1305031116.143441 0.154881 0.034998 0.177586 -0.068844 0.081086 0.085174 0.990672
1305031116.179572 0.163553 0.031998 0.181457 -0.073236 0.086363 0.087939 0.989669
1305031116.211299 0.172742 0.033397 0.182400 -0.076466 0.091399 0.091048 0.988691
1305031116.243320 0.187373 0.029574 0.186915 -0.080626 0.094892 0.094704 0.987687
1305031116.279385 0.201068 0.031070 0.186223 -0.080655 0.100372 0.098069 0.986814
1305031116.311336 0.201765 0.031212 0.185378 -0.082964 0.111487 0.101091 0.985123
1305031116.343292 0.206831 0.027144 0.189178 -0.085031 0.117459 0.104685 0.983877
1305031116.379384 0.210236 0.023566 0.190201 -0.082132 0.120792 0.104471 0.983743
1305031116.411333 0.208215 0.028010 0.184401 -0.076864 0.124399 0.108072 0.983330
1305031116.443369 0.206789 0.032375 0.178742 -0.076559 0.127418 0.117552 0.981878
1305031116.479850 0.210338 0.027643 0.181464 -0.078859 0.127139 0.121257 0.981282
1305031116.511205 0.210686 0.026606 0.179132 -0.077677 0.124715 0.117726 0.982117
1305031116.543262 0.206455 0.027982 0.176437 -0.074898 0.124306 0.114050 0.982818
1305031116.579313 0.194201 0.027994 0.173638 -0.074881 0.124542 0.110853 0.983155
1305031116.611261 0.185737 0.024137 0.174692 -0.075997 0.118991 0.104967 0.984402
1305031116.643355 0.174256 0.026602 0.171587 -0.072960 0.111968 0.096192 0.986350
1305031116.679281 0.163624 0.025818 0.170230 -0.072958 0.104950 0.087186 0.987958
1305031116.711634 0.152987 0.025916 0.168191 -0.072517 0.100067 0.077668 0.989290
1305031116.743291 0.136379 0.026870 0.165913 -0.073151 0.096941 0.066141 0.990392
1305031116.779298 0.122242 0.026907 0.164018 -0.074879 0.093095 0.055714 0.991273
1305031116.811318 0.105572 0.022791 0.164716 -0.076330 0.090296 0.047279 0.991859
1305031116.846089 0.083332 0.021923 0.162491 -0.075131 0.084781 0.039472 0.992779
1305031116.880165 0.069060 0.023589 0.159195 -0.075564 0.075018 0.033550 0.993749
1305031116.912044 0.053844 0.022433 0.159287 -0.075653 0.064545 0.029342 0.994610
1305031116.943296 0.039858 0.023600 0.157527 -0.076166 0.051194 0.022501 0.995526
1305031116.979351 0.028615 0.023779 0.158107 -0.075516 0.038021 0.012563 0.996340
1305031117.011382 0.012929 0.026707 0.156801 -0.073109 0.027518 0.003943 0.996936
1305031117.043261 0.000694 0.030687 0.156954 -0.072833 0.017155 -0.000599 0.997196
1305031117.079520 -0.009194 0.032893 0.156658 -0.074313 0.006852 -0.005431 0.997197
1305031117.111238 -0.022752 0.030928 0.157832 -0.077652 -0.002451 -0.006928 0.996953
1305031117.143218 -0.028919 0.035735 0.158419 -0.078748 -0.013553 -0.006341 0.996782
1305031117.179264 -0.029472 0.037655 0.160589 -0.081215 -0.025211 -0.010144 0.996326
1305031117.211361 -0.033514 0.037553 0.162715 -0.083228 -0.032240 -0.014044 0.995910
1305031117.243277 -0.033290 0.041256 0.163044 -0.085523 -0.035769 -0.014669 0.995586
1305031117.279299 -0.033317 0.039913 0.165822 -0.090108 -0.036405 -0.019046 0.995084
1305031117.311200 -0.040447 0.036233 0.168280 -0.094440 -0.033075 -0.021230 0.994755
1305031117.343243 -0.045560 0.032513 0.171526 -0.096801 -0.032010 -0.022190 0.994541
1305031117.379454 -0.047456 0.026634 0.172953 -0.097700 -0.031824 -0.022765 0.994446
1305031117.411221 -0.051939 0.022445 0.173427 -0.096756 -0.031776 -0.022217 0.994553
1305031117.443274 -0.051077 0.018753 0.173214 -0.094576 -0.033663 -0.020800 0.994731
1305031117.479403 -0.051246 0.015791 0.172072 -0.092158 -0.034543 -0.019248 0.994959
1305031117.511325 -0.051740 0.007441 0.173178 -0.090419 -0.035844 -0.017926 0.995097
1305031117.544285 -0.050444 0.003871 0.172510 -0.085675 -0.037451 -0.017217 0.995470
1305031117.579155 -0.051885 0.003114 0.171097 -0.080918 -0.038544 -0.018528 0.995803
1305031117.611159 -0.050678 -0.002520 0.171660 -0.079895 -0.040759 -0.017380 0.995818
1305031117.643252 -0.050249 -0.010701 0.174942 -0.079294 -0.043135 -0.016087 0.995788
1305031117.679262 -0.049740 -0.013419 0.175989 -0.077733 -0.045940 -0.015089 0.995801
1305031117.711184 -0.049791 -0.021874 0.180363 -0.078734 -0.048184 -0.012788 0.995648
1305031117.743184 -0.049709 -0.032056 0.185008 -0.079840 -0.050284 -0.009442 0.995494
1305031117.779467 -0.047741 -0.036708 0.187834 -0.078870 -0.053349 -0.006985 0.995432
1305031117.811320 -0.046679 -0.046548 0.192400 -0.080162 -0.055475 -0.005087 0.995224
1305031117.843291 -0.043401 -0.058662 0.197753 -0.079908 -0.056241 -0.004085 0.995206
1305031117.879451 -0.043716 -0.062857 0.199867 -0.077401 -0.053441 -0.004543 0.995556
1305031117.911407 -0.045743 -0.074518 0.205079 -0.078129 -0.051498 -0.004849 0.995600
1305031117.943253 -0.044814 -0.080486 0.208946 -0.076817 -0.050198 -0.004451 0.995771
1305031117.979228 -0.048536 -0.085423 0.210743 -0.076909 -0.047472 -0.005909 0.995890
1305031118.011228 -0.049882 -0.098414 0.219314 -0.080107 -0.047132 -0.006217 0.995652
1305031118.043521 -0.051081 -0.110002 0.225397 -0.080966 -0.045682 -0.006032 0.995651
1305031118.079334 -0.049346 -0.117054 0.229354 -0.080544 -0.045242 -0.007439 0.995696
1305031118.111217 -0.047229 -0.126994 0.235746 -0.080498 -0.042390 -0.008616 0.995816
1305031118.143256 -0.052623 -0.134077 0.239006 -0.078910 -0.036610 -0.010857 0.996150
1305031118.179323 -0.055260 -0.145026 0.244315 -0.079185 -0.033317 -0.013220 0.996215
1305031118.211202 -0.061746 -0.158100 0.250610 -0.078594 -0.029334 -0.012513 0.996396
1305031118.243173 -0.062397 -0.163984 0.253120 -0.074963 -0.030278 -0.012350 0.996650
1305031118.279194 -0.061644 -0.173848 0.257427 -0.072129 -0.030869 -0.012880 0.996834
1305031118.311299 -0.061804 -0.181518 0.261212 -0.066894 -0.031416 -0.013122 0.997179
1305031118.343324 -0.057820 -0.181963 0.261603 -0.060377 -0.031750 -0.013719 0.997576
1305031118.379208 -0.062541 -0.187089 0.264005 -0.056271 -0.029023 -0.015406 0.997875
1305031118.411296 -0.061066 -0.187186 0.264450 -0.052658 -0.031327 -0.014488 0.998016
1305031118.445692 -0.058872 -0.186066 0.265127 -0.050670 -0.031706 -0.011404 0.998147
1305031118.479285 -0.059343 -0.189457 0.268723 -0.050777 -0.032047 -0.009128 0.998154
1305031118.511255 -0.054146 -0.187078 0.269727 -0.048625 -0.033861 -0.007350 0.998216
1305031118.544414 -0.049382 -0.180787 0.266879 -0.048079 -0.034627 -0.007256 0.998217
1305031118.579285 -0.049390 -0.179378 0.268514 -0.050066 -0.033546 -0.007593 0.998153
1305031118.616142 -0.046989 -0.175261 0.268574 -0.050416 -0.032570 -0.009641 0.998151
1305031118.645325 -0.048057 -0.167154 0.265591 -0.050305 -0.030313 -0.012363 0.998197
1305031118.679295 -0.049361 -0.160372 0.262915 -0.052458 -0.028755 -0.014088 0.998110
1305031118.711421 -0.053381 -0.159719 0.264182 -0.055161 -0.028136 -0.017451 0.997928
1305031118.746770 -0.058431 -0.152427 0.260963 -0.053710 -0.028669 -0.016982 0.998000
1305031118.779277 -0.051492 -0.132848 0.250293 -0.051840 -0.033945 -0.016154 0.997948
1305031118.811221 -0.047330 -0.131960 0.251652 -0.057481 -0.037420 -0.017158 0.997498
1305031118.846753 -0.048100 -0.130372 0.251309 -0.057114 -0.036960 -0.016533 0.997546
1305031118.879208 -0.044235 -0.107856 0.236179 -0.051693 -0.035639 -0.018747 0.997851
1305031118.911177 -0.046095 -0.102331 0.233293 -0.054531 -0.034146 -0.021426 0.997698
1305031118.946974 -0.046635 -0.093813 0.227554 -0.054438 -0.032769 -0.023355 0.997706
1305031118.979374 -0.047030 -0.077197 0.217693 -0.052668 -0.031875 -0.027083 0.997736
1305031119.011363 -0.049569 -0.067401 0.211654 -0.055533 -0.031262 -0.029620 0.997528
1305031119.047172 -0.052666 -0.062638 0.207066 -0.058795 -0.030947 -0.030411 0.997327
1305031119.079223 -0.056064 -0.053463 0.202417 -0.059189 -0.032133 -0.030590 0.997260
1305031119.111328 -0.056908 -0.044902 0.196261 -0.059384 -0.035132 -0.030066 0.997164
1305031119.147616 -0.056076 -0.033809 0.189331 -0.058828 -0.038689 -0.028252 0.997118
1305031119.179226 -0.055144 -0.028273 0.185753 -0.059640 -0.042980 -0.028209 0.996895
1305031119.211364 -0.055910 -0.018514 0.179890 -0.057001 -0.043986 -0.026970 0.997040
1305031119.247399 -0.053511 -0.007074 0.172894 -0.055218 -0.045961 -0.025697 0.997085
1305031119.279212 -0.051895 0.001727 0.167415 -0.054988 -0.047261 -0.025369 0.997045
1305031119.311212 -0.053605 0.010422 0.162503 -0.054690 -0.046835 -0.023235 0.997134
1305031119.347741 -0.055331 0.017238 0.159222 -0.054168 -0.047909 -0.021175 0.997157
1305031119.379239 -0.052112 0.028554 0.153109 -0.052701 -0.050942 -0.020318 0.997103
1305031119.411484 -0.049254 0.036939 0.149025 -0.053250 -0.051351 -0.019763 0.997064
1305031119.447706 -0.048987 0.045088 0.145866 -0.053587 -0.049144 -0.019674 0.997159
1305031119.479267 -0.050460 0.053483 0.141949 -0.052790 -0.046969 -0.020494 0.997290
1305031119.511240 -0.053186 0.064782 0.136336 -0.052832 -0.044847 -0.020255 0.997390
1305031119.547382 -0.054200 0.072998 0.133615 -0.054486 -0.044397 -0.018778 0.997350
1305031119.579559 -0.051584 0.084961 0.129131 -0.055719 -0.044112 -0.018575 0.997299
1305031119.615017 -0.053828 0.093143 0.126786 -0.058752 -0.041687 -0.018504 0.997230
1305031119.647903 -0.056106 0.103075 0.123711 -0.061301 -0.040351 -0.017736 0.997146
1305031119.679208 -0.051029 0.113788 0.121265 -0.064688 -0.040323 -0.019133 0.996907
1305031119.715232 -0.055498 0.121690 0.119567 -0.069907 -0.034183 -0.017622 0.996812
1305031119.747193 -0.063567 0.125834 0.120945 -0.075026 -0.029950 -0.013710 0.996637
1305031119.779169 -0.063437 0.133422 0.120566 -0.078049 -0.031670 -0.010984 0.996386
1305031119.814537 -0.063720 0.140854 0.119905 -0.080251 -0.032113 -0.007264 0.996231
1305031119.847429 -0.060171 0.147185 0.119082 -0.083750 -0.032578 -0.002445 0.995951
1305031119.879214 -0.059593 0.153923 0.118750 -0.083669 -0.031293 -0.002832 0.995998
1305031119.911401 -0.062108 0.161132 0.115002 -0.084327 -0.028561 -0.001756 0.996027
1305031119.947392 -0.061124 0.170227 0.112265 -0.086933 -0.027315 -0.001958 0.995838
1305031119.979537 -0.060592 0.173637 0.112322 -0.089821 -0.024860 -0.003145 0.995643
1305031120.015264 -0.065341 0.179503 0.107194 -0.093875 -0.019539 -0.002239 0.995390
1305031120.047290 -0.067236 0.185245 0.109762 -0.099010 -0.018657 -0.000700 0.994911
1305031120.079418 -0.072471 0.182570 0.113995 -0.102435 -0.018453 0.001599 0.994567
1305031120.115232 -0.071323 0.185033 0.112657 -0.103349 -0.021095 0.003402 0.994416
1305031120.148157 -0.068816 0.184821 0.114428 -0.104574 -0.022804 0.004115 0.994247
1305031120.179246 -0.068669 0.182344 0.116479 -0.103405 -0.022102 0.006484 0.994373
1305031120.215249 -0.069396 0.176821 0.118296 -0.100196 -0.022004 0.006273 0.994705
1305031120.248003 -0.068216 0.173661 0.117270 -0.096346 -0.022514 0.004053 0.995085
1305031120.279430 -0.067326 0.169367 0.117723 -0.093000 -0.022163 0.002344 0.995417
1305031120.315196 -0.069609 0.163109 0.119021 -0.090357 -0.020805 -0.000050 0.995692
1305031120.347787 -0.069615 0.154427 0.121161 -0.087860 -0.020463 -0.002127 0.995920
1305031120.379437 -0.069555 0.147897 0.123890 -0.085650 -0.020629 -0.002852 0.996108
1305031120.415445 -0.071760 0.134002 0.130364 -0.081970 -0.020168 -0.003373 0.996425
1305031120.447417 -0.069083 0.129373 0.131658 -0.074542 -0.022094 -0.003041 0.996968
1305031120.479432 -0.067307 0.121051 0.135526 -0.071371 -0.023400 -0.002543 0.997172
1305031120.514819 -0.069620 0.111068 0.141879 -0.066014 -0.024297 -0.000751 0.997523
1305031120.547736 -0.068084 0.105354 0.144746 -0.059217 -0.027694 0.001596 0.997860
1305031120.579551 -0.064801 0.101364 0.147708 -0.054729 -0.032680 0.005588 0.997951
1305031120.615236 -0.062249 0.091988 0.153424 -0.052371 -0.037459 0.008205 0.997891
1305031120.647354 -0.059039 0.084645 0.157525 -0.047902 -0.041245 0.008825 0.997961
1305031120.679318 -0.056129 0.079913 0.160535 -0.044680 -0.043482 0.010347 0.998001
1305031120.714522 -0.055065 0.071372 0.164939 -0.043353 -0.044431 0.011417 0.998006
1305031120.747369 -0.054882 0.063580 0.169360 -0.042260 -0.046642 0.011786 0.997948
1305031120.779894 -0.052473 0.053998 0.174131 -0.040771 -0.049268 0.011865 0.997883
1305031120.814944 -0.049951 0.048162 0.177156 -0.038150 -0.050655 0.011878 0.997917
1305031120.847921 -0.047928 0.040561 0.180179 -0.038439 -0.052415 0.010150 0.997834
1305031120.883435 -0.048441 0.029928 0.184480 -0.037120 -0.051665 0.007743 0.997944
1305031120.915444 -0.046682 0.025460 0.186069 -0.035049 -0.051279 0.006497 0.998048
1305031120.947488 -0.048135 0.016480 0.189308 -0.035287 -0.050676 0.004021 0.998083
1305031120.983366 -0.049681 0.007223 0.191877 -0.035345 -0.050146 0.002037 0.998114
1305031121.015019 -0.050780 -0.003121 0.195422 -0.034854 -0.050508 0.000562 0.998115
1305031121.047498 -0.049353 -0.007909 0.196554 -0.033437 -0.051062 0.000102 0.998136
1305031121.083099 -0.053173 -0.020937 0.200094 -0.034103 -0.051008 -0.001636 0.998114
1305031121.114696 -0.052103 -0.028220 0.201830 -0.031875 -0.052618 -0.000933 0.998105
1305031121.147331 -0.052086 -0.035658 0.203652 -0.030239 -0.053364 -0.001287 0.998116
1305031121.183271 -0.052637 -0.044899 0.206371 -0.029147 -0.054575 -0.002014 0.998082
1305031121.211420 -0.050362 -0.053800 0.208386 -0.027099 -0.054903 -0.002227 0.998121
1305031121.247194 -0.051947 -0.058312 0.209864 -0.024477 -0.053448 -0.002360 0.998268
1305031121.282876 -0.053469 -0.068237 0.213011 -0.025173 -0.054240 -0.001417 0.998210
1305031121.313568 -0.052015 -0.080261 0.218005 -0.024300 -0.054865 -0.000353 0.998198
1305031121.347517 -0.054151 -0.085088 0.219218 -0.021901 -0.055313 0.000921 0.998228
1305031121.383226 -0.052096 -0.097658 0.224064 -0.021808 -0.057095 0.001819 0.998129
1305031121.414318 -0.052428 -0.104288 0.226318 -0.017620 -0.056261 0.000480 0.998260
1305031121.447319 -0.051219 -0.108619 0.227333 -0.015619 -0.056236 0.001893 0.998294
1305031121.482964 -0.051421 -0.121904 0.232842 -0.015613 -0.054184 0.003057 0.998404
1305031121.514107 -0.053200 -0.124437 0.232823 -0.011748 -0.052328 0.004066 0.998553
1305031121.547270 -0.049971 -0.129429 0.233783 -0.012578 -0.053241 0.005469 0.998487
1305031121.583204 -0.051933 -0.140541 0.237542 -0.014676 -0.051295 0.004268 0.998567
1305031121.614700 -0.052106 -0.148306 0.240797 -0.014047 -0.049693 0.003097 0.998661
1305031121.647183 -0.051160 -0.152688 0.241159 -0.012945 -0.046198 0.000403 0.998848
1305031121.683200 -0.056839 -0.158512 0.242149 -0.014589 -0.041129 -0.001301 0.999046
1305031121.714520 -0.061263 -0.167391 0.245767 -0.016175 -0.039295 -0.000811 0.999096
1305031121.747145 -0.059314 -0.170325 0.246949 -0.017193 -0.039750 0.000154 0.999062
1305031121.782835 -0.058849 -0.177685 0.251880 -0.019520 -0.039519 0.002189 0.999026
1305031121.811540 -0.056281 -0.181333 0.253657 -0.020613 -0.039096 0.004373 0.999013
1305031121.847335 -0.056611 -0.183486 0.255579 -0.022265 -0.037526 0.007538 0.999019
1305031121.882060 -0.057660 -0.185962 0.257700 -0.024776 -0.036875 0.013715 0.998919
1305031121.914931 -0.054870 -0.186991 0.258979 -0.026816 -0.039495 0.016625 0.998722
1305031121.947288 -0.053883 -0.186269 0.260290 -0.026366 -0.041454 0.016208 0.998661
1305031121.982926 -0.050117 -0.182528 0.258580 -0.026050 -0.042374 0.016042 0.998633
1305031122.014256 -0.051149 -0.180275 0.257914 -0.026733 -0.042193 0.014179 0.998651
1305031122.047306 -0.051933 -0.175015 0.255761 -0.025287 -0.043301 0.010242 0.998689
1305031122.082959 -0.048893 -0.168528 0.253913 -0.024183 -0.044925 0.006998 0.998673
1305031122.114672 -0.049811 -0.158905 0.249358 -0.022221 -0.044789 0.003116 0.998744
1305031122.150725 -0.047459 -0.151379 0.245736 -0.022491 -0.045949 -0.001958 0.998689
1305031122.183042 -0.047611 -0.141098 0.242752 -0.020170 -0.045135 -0.007343 0.998750
1305031122.214959 -0.047708 -0.121737 0.230926 -0.019159 -0.043400 -0.012693 0.998793
1305031122.251319 -0.050664 -0.118827 0.231357 -0.025801 -0.042140 -0.016214 0.998647
1305031122.283560 -0.054185 -0.108485 0.227384 -0.026404 -0.041997 -0.018700 0.998594
1305031122.314289 -0.054137 -0.089754 0.217632 -0.028428 -0.044139 -0.023293 0.998349
1305031122.351327 -0.055416 -0.084302 0.216865 -0.035345 -0.045949 -0.025380 0.997996
1305031122.382630 -0.059154 -0.075442 0.211970 -0.039880 -0.046736 -0.026711 0.997753
1305031122.414997 -0.062191 -0.070547 0.208830 -0.044526 -0.049719 -0.027183 0.997400
1305031122.451257 -0.061815 -0.060805 0.203628 -0.046358 -0.054149 -0.025504 0.997130
1305031122.483360 -0.061085 -0.052523 0.199076 -0.049199 -0.058826 -0.025228 0.996736
1305031122.515097 -0.059656 -0.044431 0.194592 -0.050538 -0.062848 -0.026525 0.996390
1305031122.551490 -0.057247 -0.034883 0.188612 -0.051537 -0.064161 -0.028071 0.996212
1305031122.583208 -0.056960 -0.026332 0.184788 -0.052820 -0.063197 -0.029225 0.996174
1305031122.614980 -0.062539 -0.020145 0.181467 -0.054146 -0.061561 -0.028748 0.996219
1305031122.648788 -0.061992 -0.012231 0.176375 -0.053470 -0.063556 -0.027840 0.996156
1305031122.683402 -0.061988 -0.001608 0.171139 -0.052420 -0.064591 -0.026412 0.996184
1305031122.715208 -0.063682 0.008115 0.167288 -0.052061 -0.066484 -0.023557 0.996150
1305031122.751298 -0.060670 0.020298 0.161549 -0.050760 -0.069686 -0.023641 0.995996
1305031122.783423 -0.058564 0.033354 0.156959 -0.052451 -0.070569 -0.023701 0.995845
1305031122.812555 -0.057958 0.041451 0.154853 -0.056575 -0.069920 -0.024649 0.995642
1305031122.851418 -0.055908 0.046121 0.154364 -0.059703 -0.067098 -0.026639 0.995602
1305031122.883754 -0.058677 0.056542 0.150295 -0.061669 -0.060336 -0.026490 0.995919
1305031122.914571 -0.064002 0.060072 0.149165 -0.066036 -0.056361 -0.026241 0.995879
1305031122.951341 -0.065183 0.065475 0.147644 -0.067574 -0.055293 -0.025088 0.995865
1305031122.982815 -0.066081 0.073505 0.145259 -0.069185 -0.055176 -0.021255 0.995850
1305031123.015450 -0.065291 0.078742 0.143072 -0.071695 -0.056278 -0.018402 0.995668
1305031123.051827 -0.065305 0.083161 0.142342 -0.071980 -0.055822 -0.017112 0.995696
1305031123.082975 -0.064813 0.092706 0.137763 -0.071098 -0.055061 -0.014444 0.995844
1305031123.113873 -0.062618 0.103200 0.133834 -0.072700 -0.054784 -0.012297 0.995772
1305031123.150822 -0.064403 0.109304 0.132640 -0.075732 -0.053451 -0.012214 0.995620
1305031123.182155 -0.062075 0.118042 0.130201 -0.077915 -0.052460 -0.011539 0.995512
1305031123.214704 -0.060954 0.126034 0.127876 -0.081984 -0.048573 -0.011878 0.995378
1305031123.250618 -0.061956 0.136045 0.126265 -0.086845 -0.044737 -0.013104 0.995131
1305031123.282347 -0.065046 0.142853 0.126357 -0.095050 -0.040264 -0.011183 0.994595
1305031123.311327 -0.064803 0.148060 0.127976 -0.101197 -0.036685 -0.010810 0.994131
1305031123.350481 -0.066811 0.154018 0.128115 -0.106364 -0.031866 -0.010518 0.993761
1305031123.382255 -0.067758 0.162120 0.127819 -0.110472 -0.026708 -0.007427 0.993493
1305031123.411363 -0.067270 0.169804 0.128439 -0.112519 -0.022582 -0.006023 0.993375
1305031123.451255 -0.068936 0.173493 0.128031 -0.116543 -0.019574 -0.004193 0.992984
1305031123.483594 -0.069397 0.182002 0.126127 -0.119660 -0.017111 0.000318 0.992667
1305031123.511360 -0.065542 0.189241 0.126844 -0.121902 -0.017237 0.002606 0.992389
1305031123.551513 -0.066668 0.193122 0.126319 -0.124818 -0.016546 0.005078 0.992029
1305031123.579583 -0.064895 0.202783 0.124618 -0.125084 -0.016407 0.008210 0.991976
1305031123.611335 -0.060759 0.206745 0.123892 -0.127618 -0.016669 0.008978 0.991643
1305031123.652411 -0.060940 0.214373 0.122257 -0.130567 -0.014241 0.008922 0.991297
1305031123.683753 -0.059555 0.219287 0.121712 -0.134600 -0.011286 0.009778 0.990787
1305031123.711323 -0.059501 0.225747 0.121525 -0.138007 -0.007715 0.011020 0.990340
1305031123.751723 -0.057997 0.230349 0.123318 -0.140427 -0.006706 0.013193 0.989980
1305031123.783858 -0.058699 0.233120 0.123507 -0.141719 -0.006646 0.014887 0.989773
1305031123.811608 -0.057330 0.234491 0.123098 -0.142710 -0.007338 0.015814 0.989611
1305031123.851444 -0.056261 0.235513 0.122847 -0.143388 -0.007864 0.018162 0.989469
1305031123.883786 -0.055728 0.237079 0.124046 -0.141714 -0.009336 0.018678 0.989687
1305031123.911243 -0.055526 0.232964 0.123963 -0.140147 -0.010732 0.017801 0.989913
1305031123.951442 -0.056486 0.230358 0.121620 -0.140830 -0.010564 0.019694 0.989782
1305031123.983415 -0.057407 0.230421 0.124651 -0.140110 -0.012302 0.021830 0.989819
1305031124.011302 -0.057881 0.225888 0.128077 -0.135041 -0.015839 0.021467 0.990481
1305031124.051505 -0.057707 0.218872 0.127811 -0.132678 -0.018590 0.021781 0.990745
1305031124.083837 -0.057128 0.216347 0.129925 -0.130195 -0.021464 0.022564 0.990999
1305031124.111331 -0.058341 0.207734 0.134827 -0.124916 -0.023707 0.020917 0.991663
1305031124.147446 -0.054811 0.199775 0.134592 -0.121531 -0.026660 0.019335 0.992041
1305031124.182694 -0.056523 0.194760 0.137248 -0.119230 -0.026979 0.017543 0.992345
1305031124.211396 -0.057628 0.186039 0.141765 -0.113608 -0.027634 0.015309 0.993023
1305031124.249327 -0.057364 0.178626 0.141707 -0.109381 -0.029088 0.015630 0.993451
1305031124.282545 -0.058023 0.173099 0.142833 -0.108057 -0.032763 0.015873 0.993478
1305031124.311361 -0.057388 0.161921 0.148289 -0.105612 -0.036736 0.015781 0.993603
1305031124.350354 -0.054308 0.154639 0.149606 -0.100880 -0.041250 0.015416 0.993924
1305031124.382420 -0.052770 0.146650 0.150848 -0.097121 -0.043843 0.014122 0.994206
1305031124.411439 -0.053064 0.137793 0.152944 -0.092197 -0.045005 0.013476 0.994632
1305031124.450245 -0.052183 0.126951 0.154510 -0.086606 -0.046586 0.011389 0.995088
1305031124.480099 -0.052521 0.119832 0.154903 -0.079446 -0.047519 0.008746 0.995667
1305031124.511324 -0.051224 0.111759 0.155761 -0.073108 -0.049761 0.006832 0.996058
1305031124.550437 -0.051937 0.105135 0.156216 -0.067875 -0.051115 0.004609 0.996373
1305031124.579404 -0.052407 0.096407 0.158584 -0.063622 -0.053414 0.001969 0.996542
1305031124.611358 -0.051681 0.086014 0.161993 -0.059216 -0.056053 0.000417 0.996670
1305031124.651271 -0.049560 0.076419 0.164156 -0.055730 -0.059122 -0.000986 0.996693
1305031124.679362 -0.049453 0.065058 0.168312 -0.052344 -0.060686 -0.002940 0.996779
1305031124.711251 -0.047370 0.055895 0.170027 -0.048242 -0.061570 -0.004503 0.996926
1305031124.749890 -0.047332 0.046743 0.173057 -0.045538 -0.061826 -0.006219 0.997028
1305031124.779365 -0.048639 0.035430 0.178130 -0.042993 -0.062656 -0.006816 0.997085
1305031124.811360 -0.046929 0.026535 0.182103 -0.040822 -0.064251 -0.006854 0.997075
1305031124.850535 -0.047280 0.016807 0.187048 -0.040044 -0.065429 -0.007505 0.997025
1305031124.879355 -0.045319 0.004908 0.193417 -0.038593 -0.066066 -0.008230 0.997035
1305031124.911448 -0.043709 -0.001351 0.197753 -0.036517 -0.064507 -0.007779 0.997219
1305031124.950730 -0.044104 -0.011368 0.202463 -0.039097 -0.063069 -0.007663 0.997214
1305031124.979438 -0.049531 -0.028995 0.212736 -0.040231 -0.060801 -0.006934 0.997315
1305031125.011454 -0.049797 -0.038152 0.217471 -0.036487 -0.063255 -0.004768 0.997319
1305031125.050763 -0.045007 -0.041668 0.219793 -0.033150 -0.066569 -0.003769 0.997224
1305031125.079364 -0.045602 -0.051016 0.225178 -0.034195 -0.065437 -0.000595 0.997270
1305031125.111364 -0.047650 -0.062981 0.231075 -0.034397 -0.065900 0.000501 0.997233
1305031125.151013 -0.045310 -0.071068 0.234095 -0.031052 -0.066969 -0.001643 0.997270
1305031125.179353 -0.043681 -0.071194 0.234711 -0.029396 -0.065321 -0.000178 0.997431
1305031125.211320 -0.047002 -0.083776 0.239279 -0.033581 -0.063157 -0.000160 0.997438
1305031125.250632 -0.050119 -0.095471 0.244602 -0.032673 -0.062543 -0.002913 0.997503
1305031125.279467 -0.050069 -0.098882 0.246285 -0.029458 -0.062662 -0.003601 0.997593
1305031125.311493 -0.052136 -0.108492 0.249350 -0.029722 -0.060349 -0.003600 0.997728
1305031125.348880 -0.052915 -0.113921 0.251500 -0.026386 -0.059571 -0.006522 0.997854
1305031125.379401 -0.048976 -0.115731 0.253639 -0.025109 -0.059042 -0.010269 0.997887
1305031125.411335 -0.051935 -0.121632 0.255749 -0.025579 -0.052230 -0.011932 0.998236
1305031125.451195 -0.053334 -0.126630 0.258530 -0.028119 -0.047355 -0.013523 0.998391
1305031125.479424 -0.058374 -0.136055 0.262058 -0.028848 -0.042174 -0.016235 0.998562
1305031125.511316 -0.057223 -0.135262 0.263105 -0.027481 -0.039481 -0.016411 0.998708
1305031125.551020 -0.057397 -0.138256 0.263623 -0.028485 -0.036684 -0.018447 0.998751
1305031125.579308 -0.058073 -0.140181 0.264479 -0.029684 -0.033312 -0.021018 0.998783
1305031125.611533 -0.063765 -0.146719 0.265543 -0.030432 -0.028440 -0.022192 0.998886
1305031125.650575 -0.071146 -0.148243 0.263896 -0.026789 -0.025964 -0.019469 0.999114
1305031125.679328 -0.066089 -0.137787 0.258201 -0.020851 -0.031945 -0.016600 0.999134
1305031125.711443 -0.065575 -0.139302 0.256847 -0.020293 -0.036711 -0.015220 0.999004
1305031125.751260 -0.058989 -0.127284 0.251361 -0.014473 -0.040882 -0.012883 0.998976
1305031125.779348 -0.054980 -0.119973 0.246223 -0.013917 -0.042893 -0.015183 0.998867
1305031125.811573 -0.054764 -0.110971 0.242271 -0.012831 -0.042225 -0.017025 0.998881
1305031125.847412 -0.051606 -0.105521 0.238915 -0.015232 -0.042077 -0.017776 0.998840
1305031125.879318 -0.057576 -0.097925 0.235594 -0.015101 -0.040772 -0.019352 0.998867
1305031125.911305 -0.057690 -0.084950 0.229333 -0.016771 -0.043756 -0.017658 0.998745
1305031125.947343 -0.059162 -0.083151 0.228738 -0.021697 -0.049592 -0.014908 0.998423
1305031125.979324 -0.056553 -0.071659 0.225168 -0.021379 -0.056963 -0.011150 0.998085
1305031126.011333 -0.051216 -0.059428 0.221441 -0.022288 -0.063422 -0.011012 0.997677
1305031126.047324 -0.046126 -0.047184 0.218634 -0.024382 -0.065824 -0.009964 0.997484
1305031126.079356 -0.045726 -0.036172 0.216621 -0.027967 -0.064393 -0.009659 0.997486
1305031126.111370 -0.044746 -0.029408 0.215953 -0.032464 -0.064030 -0.009915 0.997370
1305031126.147432 -0.045603 -0.015919 0.212755 -0.034098 -0.062390 -0.008638 0.997432
1305031126.179384 -0.045382 -0.003807 0.209999 -0.039544 -0.062617 -0.008083 0.997221
1305031126.211319 -0.044773 0.002590 0.210444 -0.044842 -0.063172 -0.007885 0.996964
1305031126.247298 -0.042474 0.015035 0.207607 -0.047354 -0.062665 -0.007506 0.996882
1305031126.279363 -0.042147 0.025674 0.205181 -0.050990 -0.060975 -0.008544 0.996799
1305031126.311332 -0.041122 0.036364 0.202569 -0.055120 -0.058411 -0.010121 0.996718
1305031126.347363 -0.043097 0.043379 0.201162 -0.060204 -0.054234 -0.011973 0.996640
1305031126.379423 -0.046076 0.052101 0.198663 -0.063815 -0.050528 -0.013777 0.996587
1305031126.411465 -0.047621 0.061483 0.195710 -0.067922 -0.048501 -0.015909 0.996384
1305031126.447361 -0.050412 0.066511 0.194551 -0.073249 -0.046054 -0.015563 0.996128
1305031126.479533 -0.052737 0.073081 0.191593 -0.076299 -0.045246 -0.013043 0.995972
1305031126.511410 -0.050659 0.085533 0.187605 -0.078031 -0.047628 -0.010767 0.995754
1305031126.547374 -0.047178 0.092520 0.186020 -0.084118 -0.048881 -0.009926 0.995207
1305031126.579454 -0.046059 0.100007 0.185564 -0.088287 -0.047183 -0.007740 0.994947
1305031126.611528 -0.047009 0.104887 0.183565 -0.094170 -0.044865 -0.006536 0.994523
1305031126.647376 -0.045819 0.106509 0.184626 -0.099902 -0.043380 -0.004415 0.994041
1305031126.679479 -0.047861 0.111900 0.181874 -0.101528 -0.039948 -0.000469 0.994030
1305031126.711583 -0.043017 0.116765 0.180697 -0.104632 -0.040564 0.003129 0.993678
1305031126.747316 -0.043786 0.118802 0.180186 -0.106150 -0.038180 0.005685 0.993601
1305031126.779379 -0.043363 0.123598 0.177366 -0.105712 -0.037110 0.008761 0.993665
1305031126.811602 -0.039047 0.126518 0.175192 -0.106240 -0.036592 0.009310 0.993623
1305031126.847343 -0.039427 0.130534 0.172322 -0.105927 -0.032614 0.009685 0.993792
1305031126.879357 -0.040000 0.132124 0.170632 -0.106764 -0.030338 0.009842 0.993773
1305031126.911364 -0.038775 0.132930 0.169752 -0.107209 -0.028770 0.009025 0.993779
1305031126.947437 -0.040914 0.135123 0.167665 -0.107284 -0.026628 0.010655 0.993815
1305031126.979337 -0.040437 0.134323 0.167583 -0.107987 -0.027536 0.011804 0.993701
1305031127.011371 -0.038953 0.133612 0.167656 -0.106975 -0.029011 0.012241 0.993763
1305031127.047297 -0.039062 0.135258 0.165568 -0.105422 -0.029025 0.013250 0.993916
1305031127.079299 -0.038114 0.134352 0.166049 -0.106009 -0.029954 0.013522 0.993822
1305031127.111435 -0.039770 0.133568 0.166579 -0.105516 -0.031324 0.014629 0.993817
1305031127.147307 -0.039534 0.130971 0.167627 -0.104735 -0.034656 0.015312 0.993778
1305031127.179349 -0.037761 0.129911 0.168052 -0.102951 -0.038153 0.015194 0.993838
1305031127.211700 -0.035846 0.129142 0.168681 -0.101970 -0.040220 0.015085 0.993860
1305031127.247374 -0.036106 0.126290 0.170058 -0.100226 -0.040293 0.013821 0.994052
1305031127.279465 -0.036269 0.125795 0.170664 -0.097770 -0.040635 0.013081 0.994293
1305031127.311362 -0.036951 0.124608 0.171770 -0.097530 -0.041364 0.012291 0.994297
1305031127.347356 -0.037834 0.118698 0.174344 -0.097077 -0.042591 0.011642 0.994297
1305031127.379262 -0.037650 0.118709 0.174809 -0.094154 -0.043801 0.011648 0.994525
1305031127.411371 -0.037838 0.117949 0.176111 -0.093542 -0.044912 0.011229 0.994538
1305031127.447333 -0.037678 0.114553 0.178637 -0.093066 -0.046345 0.010589 0.994524
1305031127.479362 -0.037868 0.114941 0.179513 -0.090893 -0.047467 0.010217 0.994676
1305031127.511356 -0.038529 0.114047 0.180477 -0.091758 -0.048310 0.009170 0.994566
1305031127.547348 -0.038572 0.109607 0.183962 -0.092660 -0.049371 0.009022 0.994432
1305031127.579345 -0.039397 0.110090 0.184141 -0.090488 -0.049498 0.008737 0.994628
1305031127.611271 -0.039117 0.111270 0.184408 -0.090256 -0.050179 0.008764 0.994615
1305031127.647358 -0.039625 0.108437 0.186202 -0.091681 -0.050137 0.009908 0.994476
1305031127.679298 -0.039115 0.106181 0.187625 -0.090979 -0.050931 0.010917 0.994490
1305031127.711375 -0.038784 0.108868 0.187145 -0.089333 -0.051862 0.010765 0.994592
1305031127.747304 -0.038552 0.107345 0.188064 -0.090539 -0.052385 0.010836 0.994455
1305031127.779346 -0.039129 0.103539 0.189309 -0.090866 -0.052339 0.011022 0.994426
1305031127.811829 -0.038772 0.104708 0.188570 -0.089003 -0.052990 0.010126 0.994569
1305031127.847366 -0.039516 0.105172 0.188206 -0.088700 -0.052782 0.009305 0.994615
1305031127.879380 -0.040858 0.103054 0.188616 -0.089361 -0.052601 0.008841 0.994570
1305031127.911476 -0.041338 0.104198 0.188505 -0.088320 -0.053360 0.008244 0.994628
1305031127.947366 -0.040677 0.104875 0.188945 -0.088800 -0.054458 0.008871 0.994520
1305031127.979371 -0.042937 0.104563 0.189913 -0.090032 -0.054136 0.008048 0.994434
1305031128.011427 -0.041086 0.104116 0.191708 -0.091273 -0.055084 0.008285 0.994267
1305031128.047369 -0.040009 0.103406 0.194341 -0.093403 -0.054599 0.009528 0.994085
1305031128.079334 -0.041730 0.097792 0.197687 -0.095618 -0.053668 0.009998 0.993920
1305031128.111391 -0.042346 0.098306 0.198255 -0.094490 -0.053498 0.010635 0.994030
1305031128.147418 -0.040142 0.098645 0.199761 -0.094914 -0.054543 0.012580 0.993911
1305031128.179350 -0.041670 0.095583 0.201498 -0.094777 -0.053632 0.013122 0.993966
1305031128.211447 -0.040324 0.095291 0.201897 -0.093475 -0.054326 0.013946 0.994041
1305031128.247480 -0.038614 0.097539 0.201683 -0.092753 -0.055574 0.014632 0.994029
1305031128.279336 -0.039771 0.094745 0.202424 -0.093509 -0.055250 0.014156 0.993983
1305031128.311483 -0.039009 0.094844 0.202301 -0.092433 -0.055751 0.013786 0.994061
1305031128.347423 -0.039028 0.095619 0.201986 -0.092027 -0.055998 0.012956 0.994096
1305031128.379404 -0.039434 0.094254 0.202412 -0.092535 -0.056362 0.011296 0.994049
1305031128.411337 -0.040711 0.093493 0.202051 -0.091993 -0.055853 0.010032 0.994141
1305031128.447296 -0.041244 0.093990 0.201512 -0.091247 -0.055815 0.008814 0.994224
1305031128.479296 -0.041604 0.092716 0.201727 -0.091773 -0.055999 0.007692 0.994174
1305031128.511433 -0.041801 0.091188 0.201818 -0.091928 -0.055801 0.006976 0.994176
1305031128.547399 -0.041314 0.091832 0.201123 -0.091452 -0.055491 0.006485 0.994241
1305031128.579455 -0.042120 0.089301 0.201761 -0.091756 -0.054640 0.006005 0.994263
1305031128.611395 -0.043699 0.089105 0.200980 -0.090463 -0.054089 0.006146 0.994411
1305031128.647352 -0.043192 0.089287 0.200539 -0.089902 -0.055600 0.006707 0.994375
