# TF Coordinate Frame ID: openni_rgb_optical_frame(data: openni_rgb_optical_frame)
1305031102.175304 0.000000 0.000000 0.000000 0.000000 0.000000 0.000000 1.000000
1305031102.211214 -0.003922 0.005211 0.007762 -0.002306 -0.001937 -0.001420 0.999994
1305031102.243211 -0.004675 0.006449 0.019702 -0.007449 -0.004672 -0.001225 0.999961
1305031102.275326 -0.005238 0.004890 0.033833 -0.013188 -0.007064 -0.000503 0.999888
1305031102.311267 -0.003839 0.005593 0.048368 -0.016830 -0.009791 0.000609 0.999810
1305031102.343233 -0.005238 0.006397 0.061267 -0.019011 -0.010938 0.002238 0.999757
1305031102.375329 -0.003921 0.007351 0.073466 -0.020858 -0.013447 0.002784 0.999688
1305031102.411258 -0.004021 0.010125 0.084282 -0.022456 -0.016297 0.002194 0.999613
1305031102.443271 -0.006876 0.014527 0.091830 -0.026267 -0.018332 0.001779 0.999485
1305031102.475318 -0.004575 0.013631 0.104544 -0.033070 -0.021157 0.001737 0.999228
1305031102.511219 -0.003802 0.021914 0.134089 -0.036136 -0.021942 0.001044 0.999105
1305031102.575286 -0.001521 0.012181 0.148736 -0.044804 -0.019822 -0.001855 0.998797
1305031102.611233 -0.008056 0.010458 0.163659 -0.043197 -0.015241 -0.001993 0.998948
1305031102.643265 -0.012941 0.014527 0.171797 -0.041447 -0.012804 -0.000866 0.999058
1305031102.675285 -0.014249 0.020314 0.181405 -0.040844 -0.013595 -0.000441 0.999073
1305031102.711263 -0.014361 0.021282 0.195404 -0.041760 -0.014227 0.001127 0.999026
1305031102.743234 -0.015137 0.026695 0.206087 -0.041956 -0.013832 0.002325 0.999021
1305031102.775472 -0.007046 0.028299 0.219851 -0.044037 -0.015854 0.002354 0.998901
1305031102.811232 -0.010576 0.031721 0.232899 -0.044853 -0.011860 0.001007 0.998923
1305031102.843290 -0.012507 0.033927 0.245977 -0.045942 -0.007882 -0.000538 0.998913
1305031102.875363 -0.015200 0.035088 0.259313 -0.046395 -0.004929 -0.002977 0.998907
1305031102.911185 -0.018670 0.038610 0.270034 -0.045403 -0.002330 -0.004892 0.998954
1305031102.943229 -0.024464 0.041714 0.280832 -0.045068 -0.000708 -0.006709 0.998961
1305031102.975203 -0.033472 0.045340 0.291608 -0.045177 -0.003278 -0.007893 0.998942
1305031103.011215 -0.033155 0.048455 0.302699 -0.046227 -0.009227 -0.004700 0.998877
1305031103.043227 -0.033246 0.052347 0.314198 -0.047385 -0.014843 -0.001846 0.998765
1305031103.075319 -0.029003 0.052791 0.326192 -0.047844 -0.019209 0.001030 0.998670
1305031103.111240 -0.027337 0.057976 0.334364 -0.046712 -0.020033 0.002565 0.998704
1305031103.143318 -0.026933 0.062337 0.343107 -0.046875 -0.020039 0.004142 0.998691
1305031103.175452 -0.026735 0.066197 0.351509 -0.047732 -0.019192 0.004901 0.998664
1305031103.211220 -0.028970 0.076794 0.368797 -0.049473 -0.019560 0.006044 0.998566
1305031103.275370 -0.037093 0.074155 0.370902 -0.066727 -0.016638 0.011488 0.997566
1305031103.311210 -0.037143 0.073059 0.382914 -0.072530 -0.026251 0.011817 0.996951
1305031103.343223 -0.028875 0.072904 0.389363 -0.074827 -0.033875 0.013749 0.996526
1305031103.375327 -0.026380 0.072680 0.390234 -0.077981 -0.033343 0.016156 0.996266
1305031103.411260 -0.026908 0.069796 0.393073 -0.080231 -0.033405 0.017396 0.996064
1305031103.443280 -0.028290 0.068500 0.391421 -0.080051 -0.035446 0.016404 0.996025
1305031103.475274 -0.026492 0.065695 0.388865 -0.079974 -0.038836 0.014959 0.995928
1305031103.511333 -0.025085 0.061934 0.383797 -0.077756 -0.040963 0.012839 0.996048
1305031103.543444 -0.025046 0.057996 0.377446 -0.074343 -0.042209 0.010847 0.996280
1305031103.575474 -0.026756 0.056106 0.368025 -0.069750 -0.042399 0.010890 0.996604
1305031103.611223 -0.027657 0.052557 0.358681 -0.067544 -0.044946 0.012123 0.996630
1305031103.643445 -0.024214 0.048513 0.348755 -0.065232 -0.050253 0.013406 0.996514
1305031103.675523 -0.020843 0.044682 0.338021 -0.062864 -0.053391 0.013924 0.996496
1305031103.711610 -0.017438 0.040282 0.326937 -0.061268 -0.055391 0.014377 0.996480
1305031103.743326 -0.015045 0.035305 0.314402 -0.058928 -0.055530 0.013253 0.996628
1305031103.775342 -0.011452 0.031844 0.301519 -0.056575 -0.056677 0.011015 0.996728
1305031103.811242 -0.009078 0.029825 0.287623 -0.056454 -0.056365 0.008279 0.996778
1305031103.843251 -0.012286 0.029480 0.270205 -0.057534 -0.054324 0.005279 0.996850
1305031103.875361 -0.011988 0.020635 0.259193 -0.064236 -0.057523 0.002070 0.996273
1305031103.911221 -0.010595 0.013095 0.249905 -0.064962 -0.061179 0.000707 0.996010
1305031103.943211 -0.008042 0.009451 0.236268 -0.063330 -0.064256 0.000212 0.995922
1305031103.975373 -0.004127 0.003600 0.223824 -0.062429 -0.066984 -0.000265 0.995799
1305031104.011232 -0.001863 -0.003985 0.211269 -0.059609 -0.066966 -0.002246 0.995971
1305031104.043249 0.001857 -0.007735 0.196450 -0.053458 -0.064940 -0.004091 0.996448
1305031104.075425 0.008883 -0.008376 0.179228 -0.049165 -0.062589 -0.005620 0.996812
1305031104.111235 0.011070 -0.013275 0.164716 -0.046197 -0.057517 -0.007618 0.997246
1305031104.143230 0.007759 -0.016734 0.151426 -0.041573 -0.050576 -0.009652 0.997808
1305031104.175424 0.007958 -0.019677 0.137370 -0.037912 -0.047496 -0.010289 0.998099
1305031104.211283 0.007080 -0.023487 0.123645 -0.034100 -0.044238 -0.010923 0.998379
1305031104.243196 0.007581 -0.025920 0.109993 -0.029862 -0.041927 -0.011244 0.998611
1305031104.275546 0.010423 -0.026778 0.096536 -0.025265 -0.040239 -0.011542 0.998804
1305031104.311219 0.010795 -0.027557 0.083039 -0.021295 -0.036817 -0.011944 0.999024
1305031104.343342 0.013304 -0.028308 0.069729 -0.018088 -0.033386 -0.012745 0.999198
1305031104.375837 0.012784 -0.028644 0.057334 -0.015949 -0.028625 -0.012639 0.999383
1305031104.411509 0.009799 -0.029039 0.046098 -0.014391 -0.024281 -0.012114 0.999528
1305031104.443288 0.005129 -0.029520 0.034432 -0.013885 -0.021445 -0.011939 0.999602
1305031104.475456 0.000216 -0.030112 0.024566 -0.013804 -0.021508 -0.011935 0.999602
1305031104.511329 -0.000706 -0.034648 0.018136 -0.013898 -0.023652 -0.010760 0.999566
1305031104.543368 0.001750 -0.037036 0.011117 -0.011359 -0.026331 -0.010067 0.999538
1305031104.575343 0.006158 -0.041886 0.004617 -0.007857 -0.026820 -0.009547 0.999564
1305031104.611336 0.012959 -0.051113 0.005778 -0.001986 -0.024960 -0.007461 0.999659
1305031104.643243 0.014714 -0.049122 -0.006616 0.009653 -0.017849 -0.007919 0.999763
1305031104.675525 0.014824 -0.051791 -0.015938 0.020040 -0.010606 -0.007457 0.999715
1305031104.711277 0.010910 -0.051976 -0.025605 0.032838 -0.001693 -0.005542 0.999444
1305031104.743280 0.008724 -0.048804 -0.039885 0.045701 0.005785 -0.004899 0.998926
1305031104.775327 0.009249 -0.044022 -0.051152 0.057874 0.012369 -0.002796 0.998243
1305031104.811465 0.009164 -0.039306 -0.061605 0.068607 0.018779 -0.000726 0.997467
1305031104.843258 0.008302 -0.037569 -0.073934 0.075951 0.025082 0.002197 0.996794
1305031104.875350 0.006939 -0.029827 -0.082598 0.082055 0.029616 0.005358 0.996173
1305031104.911534 0.009760 -0.025309 -0.091802 0.084579 0.029248 0.006366 0.995967
1305031104.943262 0.011096 -0.023147 -0.094169 0.085772 0.030148 0.007825 0.995828
1305031104.975202 0.012695 -0.017246 -0.095890 0.085641 0.029671 0.008962 0.995844
1305031105.011290 0.014489 -0.015097 -0.093892 0.082127 0.029122 0.008547 0.996160
1305031105.043373 0.016687 -0.013702 -0.088415 0.077044 0.027840 0.008059 0.996606
1305031105.075320 0.013987 -0.015627 -0.081639 0.070211 0.027579 0.005143 0.997138
1305031105.111299 0.009164 -0.017289 -0.068464 0.064457 0.027033 0.003827 0.997547
1305031105.143106 0.005569 -0.009400 -0.060939 0.059984 0.025185 0.001176 0.997881
1305031105.175159 0.004094 -0.008100 -0.053112 0.048360 0.022149 -0.001725 0.998583
1305031105.211268 -0.005451 -0.015269 -0.033480 0.035739 0.020508 -0.004477 0.999141
1305031105.243270 -0.007553 -0.011971 -0.017824 0.028533 0.015248 -0.006138 0.999458
1305031105.275288 -0.011311 -0.011058 -0.004528 0.018787 0.010249 -0.007206 0.999745
1305031105.311290 -0.011773 -0.012347 0.012507 0.009327 0.002524 -0.007506 0.999925
1305031105.343302 -0.011259 -0.013267 0.029764 0.001886 -0.003823 -0.006769 0.999968
1305031105.375338 -0.011495 -0.013541 0.047221 -0.001901 -0.009331 -0.006077 0.999936
1305031105.411286 -0.012326 -0.010987 0.057633 -0.007090 -0.013719 -0.007053 0.999856
1305031105.443316 -0.012727 -0.010611 0.072771 -0.012662 -0.017604 -0.006818 0.999742
1305031105.475280 -0.012705 -0.010024 0.088423 -0.016347 -0.021228 -0.006700 0.999619
1305031105.511332 -0.012159 -0.007374 0.100836 -0.020102 -0.023746 -0.006463 0.999495
1305031105.543282 -0.013378 -0.008013 0.116726 -0.024356 -0.024199 -0.005333 0.999396
1305031105.575449 -0.015122 -0.007700 0.131587 -0.027644 -0.025359 -0.005279 0.999282
1305031105.611378 -0.014562 -0.008541 0.146645 -0.030651 -0.026279 -0.004272 0.999176
1305031105.643273 -0.018941 -0.008512 0.161109 -0.032178 -0.025299 -0.002161 0.999160
1305031105.675166 -0.014807 -0.004767 0.175096 -0.033033 -0.027749 -0.000821 0.999069
1305031105.711309 -0.009757 -0.006026 0.192766 -0.033459 -0.027450 -0.000239 0.999063
1305031105.743312 -0.011359 -0.000922 0.205159 -0.031387 -0.023404 -0.000157 0.999233
1305031105.775339 -0.008130 0.001603 0.219384 -0.031074 -0.020034 -0.000328 0.999316
1305031105.811283 -0.012497 0.002581 0.234444 -0.030560 -0.013873 -0.000070 0.999437
1305031105.843271 -0.012707 0.005925 0.248093 -0.028676 -0.010179 0.000371 0.999537
1305031105.875337 -0.012670 0.011696 0.259363 -0.027754 -0.005171 0.002795 0.999598
1305031105.911262 -0.016722 0.016398 0.271356 -0.029274 0.000889 0.006242 0.999552
1305031105.943272 -0.015610 0.020480 0.284422 -0.032003 0.003401 0.008888 0.999442
1305031105.975329 -0.017378 0.025478 0.295653 -0.035270 0.006364 0.010203 0.999305
1305031106.011285 -0.017965 0.029651 0.308429 -0.038765 0.009007 0.011619 0.999140
1305031106.043355 -0.018489 0.031946 0.320413 -0.043900 0.010953 0.012687 0.998895
1305031106.075330 -0.020792 0.035733 0.332826 -0.047479 0.012347 0.014289 0.998694
1305031106.111327 -0.025177 0.040653 0.342634 -0.051802 0.013977 0.014172 0.998459
1305031106.143355 -0.027735 0.043543 0.354257 -0.057921 0.013548 0.015914 0.998102
1305031106.175534 -0.025970 0.044889 0.367197 -0.062446 0.010449 0.017759 0.997836
1305031106.211275 -0.025819 0.045895 0.378432 -0.065824 0.008399 0.018965 0.997616
1305031106.243267 -0.028952 0.046632 0.388549 -0.067453 0.008107 0.021965 0.997448
1305031106.276385 -0.028385 0.052375 0.394575 -0.067611 0.006055 0.023412 0.997419
1305031106.311238 -0.030884 0.056936 0.399221 -0.069821 0.006349 0.026007 0.997200
1305031106.343258 -0.033223 0.062639 0.401655 -0.073483 0.006667 0.025538 0.996947
1305031106.375388 -0.025593 0.064150 0.405863 -0.080929 0.001807 0.020404 0.996509
1305031106.411320 -0.022012 0.058154 0.414116 -0.089955 0.004093 0.015705 0.995814
1305031106.443278 -0.026046 0.055285 0.416454 -0.092040 0.008776 0.010850 0.995657
1305031106.475345 -0.030804 0.053173 0.414273 -0.092098 0.009569 0.008884 0.995664
1305031106.511129 -0.033081 0.049824 0.410297 -0.091088 0.007310 0.008495 0.995780
1305031106.543302 -0.030168 0.048015 0.403404 -0.087667 0.001906 0.007916 0.996117
1305031106.575282 -0.029178 0.045082 0.394748 -0.085324 -0.000584 0.007192 0.996327
1305031106.611151 -0.031521 0.044287 0.383080 -0.084061 -0.002587 0.003930 0.996450
1305031106.643207 -0.029125 0.039715 0.373549 -0.083900 -0.006431 0.002138 0.996451
1305031106.675279 -0.032877 0.036173 0.361116 -0.082388 -0.007883 0.001876 0.996567
1305031106.711508 -0.033391 0.033643 0.346258 -0.083042 -0.012893 0.001079 0.996462
1305031106.743341 -0.032480 0.027503 0.334353 -0.083333 -0.019392 0.002015 0.996331
1305031106.775390 -0.029085 0.024539 0.320543 -0.082082 -0.026231 0.002355 0.996277
1305031106.811289 -0.026061 0.023566 0.304374 -0.081340 -0.031021 0.002645 0.996200
1305031106.843416 -0.021738 0.016470 0.291480 -0.082727 -0.036754 0.002020 0.995892
1305031106.875905 -0.020577 0.011081 0.276916 -0.077837 -0.039074 -0.001983 0.996198
1305031106.911243 -0.016193 0.006691 0.260210 -0.075941 -0.040659 -0.004938 0.996271
1305031106.943439 -0.015980 0.003373 0.243118 -0.072841 -0.039547 -0.009745 0.996512
1305031106.975547 -0.018316 -0.003706 0.227613 -0.067824 -0.036226 -0.014111 0.996940
1305031107.011576 -0.015729 -0.003268 0.208223 -0.061522 -0.034971 -0.016891 0.997350
1305031107.043281 -0.015663 -0.004422 0.188479 -0.059334 -0.032250 -0.019104 0.997534
1305031107.075432 -0.022881 -0.011572 0.174439 -0.056227 -0.028774 -0.021366 0.997775
1305031107.111229 -0.021363 -0.013939 0.157976 -0.052033 -0.029643 -0.021696 0.997970
1305031107.143260 -0.015512 -0.014273 0.139855 -0.049524 -0.030285 -0.021589 0.998080
1305031107.175399 -0.014430 -0.020178 0.128085 -0.047929 -0.029143 -0.022600 0.998170
1305031107.211358 -0.014603 -0.027302 0.116762 -0.043552 -0.026581 -0.024595 0.998395
1305031107.243378 -0.012858 -0.026689 0.100953 -0.036985 -0.023817 -0.024607 0.998729
1305031107.275398 -0.010264 -0.028968 0.088144 -0.031461 -0.021150 -0.025110 0.998966
1305031107.311226 -0.010734 -0.034805 0.075508 -0.025511 -0.017371 -0.026690 0.999167
1305031107.343509 -0.006995 -0.036240 0.064629 -0.014616 -0.014775 -0.027195 0.999414
1305031107.375413 -0.006301 -0.033018 0.050938 -0.005234 -0.009946 -0.027178 0.999567
1305031107.411271 -0.005605 -0.032455 0.039998 0.001358 -0.005376 -0.028392 0.999581
1305031107.443419 -0.001545 -0.030655 0.029233 0.006385 -0.001596 -0.027395 0.999603
1305031107.475377 0.000075 -0.029111 0.022155 0.010294 0.003038 -0.026799 0.999583
1305031107.511352 0.001108 -0.025899 0.015647 0.012108 0.006806 -0.026266 0.999558
1305031107.543605 0.001112 -0.025753 0.012366 0.010206 0.010295 -0.024328 0.999599
1305031107.575454 0.002542 -0.030114 0.016270 0.008988 0.012227 -0.021902 0.999645
1305031107.611271 0.004177 -0.024968 0.013140 0.010245 0.013726 -0.020369 0.999646
1305031107.643323 0.007891 -0.022825 0.012349 0.008050 0.014069 -0.019084 0.999686
1305031107.675568 0.005471 -0.023089 0.016529 0.006562 0.015421 -0.018544 0.999688
1305031107.711307 0.003872 -0.020659 0.016906 0.005362 0.015710 -0.017734 0.999705
1305031107.743538 0.001587 -0.017972 0.017607 0.002888 0.015097 -0.017419 0.999730
1305031107.775802 0.004241 -0.017311 0.021730 0.000399 0.011439 -0.018427 0.999765
1305031107.811596 0.003955 -0.017659 0.024403 -0.002182 0.010138 -0.018130 0.999782
1305031107.843332 0.010273 -0.015530 0.026665 -0.003967 0.007821 -0.018338 0.999793
1305031107.875358 0.015357 -0.018526 0.031921 -0.005311 0.007603 -0.021593 0.999724
1305031107.911541 0.016807 -0.018041 0.035299 -0.004481 0.010542 -0.024117 0.999644
1305031107.943122 0.019121 -0.018826 0.038321 -0.002917 0.014324 -0.024822 0.999585
1305031107.975807 0.022397 -0.020038 0.041068 -0.000804 0.018644 -0.025835 0.999492
1305031108.011320 0.032291 -0.019307 0.043190 0.002740 0.021973 -0.027062 0.999388
1305031108.043418 0.041476 -0.015668 0.042218 0.005848 0.029193 -0.023728 0.999275
1305031108.075352 0.049078 -0.018053 0.046547 0.006287 0.037591 -0.019724 0.999079
1305031108.111378 0.054490 -0.017645 0.049155 0.008768 0.044017 -0.019668 0.998799
1305031108.143334 0.063716 -0.013258 0.049303 0.011997 0.047615 -0.018068 0.998630
1305031108.176058 0.067785 -0.007187 0.047924 0.011877 0.052919 -0.015978 0.998400
1305031108.211475 0.080640 -0.007496 0.051043 0.007639 0.053075 -0.016404 0.998427
1305031108.243347 0.099540 -0.013225 0.058861 0.005456 0.053224 -0.017417 0.998416
1305031108.275358 0.101695 -0.008398 0.059983 0.006690 0.060054 -0.016860 0.998030
1305031108.311332 0.103620 -0.005747 0.059996 0.003653 0.063633 -0.016662 0.997828
1305031108.343278 0.107046 -0.003562 0.063279 -0.000829 0.064581 -0.014685 0.997804
1305031108.375410 0.118202 -0.005845 0.067126 -0.007057 0.061506 -0.008901 0.998042
1305031108.411361 0.132828 -0.007909 0.070377 -0.012709 0.056652 -0.003074 0.998308
1305031108.443610 0.146507 -0.006178 0.074329 -0.016310 0.054772 0.004750 0.998354
1305031108.475471 0.162296 -0.006716 0.078998 -0.018721 0.053052 0.012738 0.998335
1305031108.511378 0.187465 -0.009192 0.082777 -0.018738 0.050479 0.017880 0.998389
1305031108.543737 0.201861 -0.006596 0.085591 -0.013496 0.055295 0.016906 0.998236
1305031108.575414 0.208066 -0.002196 0.083630 -0.009731 0.060891 0.015113 0.997983
1305031108.611407 0.217713 -0.000779 0.084531 -0.009267 0.067124 0.015270 0.997585
1305031108.643303 0.223074 0.004345 0.083284 -0.007846 0.073647 0.016910 0.997110
1305031108.675375 0.232164 0.006053 0.083162 -0.010345 0.079586 0.019885 0.996576
1305031108.711411 0.240176 0.007137 0.084069 -0.013068 0.086297 0.024169 0.995891
1305031108.743502 0.245701 0.005882 0.088209 -0.014852 0.091328 0.024759 0.995402
1305031108.775493 0.250220 0.008404 0.087848 -0.014995 0.095754 0.026349 0.994943
1305031108.811244 0.252704 0.007348 0.088507 -0.016716 0.099208 0.031433 0.994430
1305031108.843264 0.252864 0.005686 0.091017 -0.016348 0.100516 0.037602 0.994090
1305031108.876515 0.254840 0.004601 0.089885 -0.015257 0.097490 0.042628 0.994206
1305031108.911364 0.259415 0.001719 0.089646 -0.013364 0.092966 0.048959 0.994375
1305031108.943243 0.262341 0.004020 0.086732 -0.007416 0.087389 0.050623 0.994860
1305031108.975268 0.261546 0.007229 0.080246 -0.003664 0.080919 0.049070 0.995505
1305031109.011269 0.261839 0.008032 0.076502 -0.003692 0.076763 0.047737 0.995899
1305031109.043277 0.257287 0.007573 0.075618 -0.002984 0.075053 0.045368 0.996143
1305031109.075410 0.247748 0.008980 0.069730 -0.004513 0.073714 0.039156 0.996500
1305031109.111282 0.238001 0.005655 0.070439 -0.008853 0.073759 0.036197 0.996580
1305031109.143334 0.227002 0.000019 0.072922 -0.011629 0.070957 0.033150 0.996861
1305031109.175464 0.217179 0.001975 0.069892 -0.011727 0.065529 0.030333 0.997321
1305031109.211379 0.202013 0.006778 0.064719 -0.015182 0.064059 0.032024 0.997317
1305031109.243290 0.190415 0.003353 0.065516 -0.024325 0.062535 0.037824 0.997029
1305031109.275308 0.185140 -0.002102 0.073139 -0.027360 0.055759 0.042437 0.997167
1305031109.311329 0.174935 0.002931 0.070240 -0.023687 0.046374 0.043046 0.997715
1305031109.343248 0.158401 0.005503 0.067352 -0.025714 0.039572 0.041452 0.998025
1305031109.375397 0.155202 0.000156 0.070332 -0.030118 0.028891 0.041712 0.998258
1305031109.411329 0.145358 0.004028 0.069990 -0.029323 0.021626 0.037833 0.998620
1305031109.443302 0.136188 0.004605 0.067616 -0.032748 0.016204 0.032526 0.998803
1305031109.475363 0.125585 0.001751 0.069682 -0.036136 0.013912 0.029466 0.998815
1305031109.511273 0.113995 -0.000496 0.071148 -0.036335 0.011450 0.024693 0.998969
1305031109.543294 0.099737 -0.001515 0.069421 -0.034664 0.011170 0.022470 0.999084
1305031109.575362 0.086038 0.001588 0.065530 -0.033109 0.011702 0.021845 0.999144
1305031109.611310 0.075088 0.002311 0.063032 -0.032943 0.009754 0.019355 0.999222
1305031109.643229 0.062345 0.003900 0.061175 -0.033164 0.009857 0.018959 0.999221
1305031109.675263 0.047339 0.007081 0.058015 -0.034160 0.010430 0.020599 0.999150
1305031109.711312 0.036979 0.008926 0.056948 -0.036290 0.006838 0.019607 0.999126
1305031109.743274 0.027240 0.010415 0.056872 -0.039784 0.003538 0.019290 0.999016
1305031109.775277 0.017520 0.007398 0.060801 -0.043887 0.001705 0.019920 0.998836
1305031109.811371 0.006556 0.008206 0.061333 -0.046113 0.000083 0.019102 0.998754
1305031109.843296 -0.005081 0.007994 0.063541 -0.049556 -0.002190 0.018836 0.998591
1305031109.875306 -0.017805 0.008108 0.065326 -0.052803 -0.005520 0.017112 0.998443
1305031109.911265 -0.030577 0.003925 0.072108 -0.055656 -0.010577 0.011911 0.998323
1305031109.943299 -0.037432 0.009331 0.071231 -0.056157 -0.014992 0.009081 0.998268
1305031109.975258 -0.048508 0.012137 0.074108 -0.058441 -0.017667 0.004100 0.998126
1305031110.011256 -0.061084 0.010703 0.079054 -0.061376 -0.019801 -0.003208 0.997913
1305031110.043299 -0.070247 0.010873 0.083229 -0.063827 -0.021725 -0.009171 0.997682
1305031110.075319 -0.083205 0.012369 0.086956 -0.065808 -0.021756 -0.013960 0.997497
1305031110.111325 -0.096420 0.012725 0.087830 -0.069725 -0.022659 -0.018592 0.997136
1305031110.143432 -0.115032 0.009138 0.096446 -0.072244 -0.023282 -0.022968 0.996851
1305031110.175641 -0.120708 0.011683 0.097633 -0.073582 -0.028330 -0.023650 0.996606
1305031110.211637 -0.133646 0.011732 0.100003 -0.076579 -0.029820 -0.025421 0.996293
1305031110.243323 -0.148434 0.009794 0.105282 -0.077815 -0.031868 -0.026002 0.996119
1305031110.279321 -0.156520 0.008189 0.107766 -0.077060 -0.035578 -0.026695 0.996034
1305031110.311404 -0.167326 0.008747 0.108480 -0.074775 -0.038268 -0.027839 0.996077
1305031110.343355 -0.174665 0.011999 0.107499 -0.073000 -0.043476 -0.028325 0.995981
1305031110.379281 -0.184735 0.012917 0.107894 -0.071890 -0.048652 -0.031424 0.995730
1305031110.411469 -0.194434 0.017174 0.107039 -0.070955 -0.054827 -0.033369 0.995412
1305031110.443260 -0.202270 0.021820 0.102780 -0.072913 -0.060752 -0.037150 0.994793
1305031110.479331 -0.213882 0.020010 0.108411 -0.076177 -0.066926 -0.042439 0.993940
1305031110.511429 -0.225291 0.014957 0.112475 -0.079183 -0.073187 -0.044958 0.993153
1305031110.543408 -0.232740 0.019925 0.110189 -0.079290 -0.079821 -0.048072 0.992487
1305031110.579426 -0.238959 0.022935 0.108467 -0.082500 -0.086248 -0.053122 0.991430
1305031110.611307 -0.248466 0.022338 0.113822 -0.085988 -0.089092 -0.056692 0.990684
1305031110.643418 -0.258299 0.018527 0.120743 -0.086655 -0.090805 -0.059025 0.990334
1305031110.679606 -0.262765 0.019819 0.117834 -0.086995 -0.093747 -0.061181 0.989899
1305031110.711412 -0.268024 0.024307 0.116226 -0.087850 -0.095450 -0.063217 0.989533
1305031110.743249 -0.273816 0.019107 0.120819 -0.090596 -0.097092 -0.063761 0.989090
1305031110.779193 -0.276550 0.019932 0.121375 -0.090528 -0.098778 -0.064499 0.988882
1305031110.811386 -0.277011 0.019530 0.120251 -0.091366 -0.099933 -0.066034 0.988588
1305031110.843218 -0.280262 0.020890 0.120448 -0.092127 -0.101514 -0.068094 0.988216
1305031110.879313 -0.281022 0.019304 0.122352 -0.092881 -0.103097 -0.067836 0.987999
1305031110.911333 -0.277764 0.020443 0.122098 -0.093095 -0.105392 -0.068275 0.987707
1305031110.943862 -0.275278 0.020008 0.123150 -0.093308 -0.107163 -0.069108 0.987438
1305031110.979345 -0.266614 0.022306 0.122358 -0.092486 -0.107958 -0.070162 0.987354
1305031111.011431 -0.258412 0.025368 0.121921 -0.092231 -0.104534 -0.069684 0.987780
1305031111.043327 -0.257081 0.024034 0.124131 -0.092356 -0.097493 -0.067473 0.988642
1305031111.079283 -0.248333 0.025211 0.120949 -0.093646 -0.096218 -0.065286 0.988792
1305031111.111508 -0.240877 0.024847 0.125052 -0.094700 -0.094261 -0.062278 0.989074
1305031111.143257 -0.234247 0.020418 0.128016 -0.094856 -0.091703 -0.061080 0.989375
1305031111.179326 -0.223647 0.021730 0.126803 -0.091723 -0.088338 -0.061734 0.989935
1305031111.211433 -0.214880 0.023868 0.122283 -0.089180 -0.079931 -0.058802 0.991060
1305031111.243236 -0.207359 0.022294 0.123521 -0.088843 -0.077788 -0.058267 0.991293
1305031111.279308 -0.200545 0.018495 0.127551 -0.086328 -0.074826 -0.057661 0.991778
1305031111.311547 -0.188576 0.022766 0.120145 -0.081957 -0.070909 -0.052949 0.992699
1305031111.343397 -0.179034 0.022936 0.116083 -0.084958 -0.074046 -0.052277 0.992253
1305031111.379134 -0.168307 0.021126 0.123430 -0.083879 -0.075556 -0.049501 0.992373
1305031111.411296 -0.158820 0.018006 0.122941 -0.081754 -0.076971 -0.048380 0.992497
1305031111.443386 -0.136755 0.018843 0.121873 -0.080646 -0.085656 -0.052104 0.991688
1305031111.479259 -0.115355 0.012742 0.125304 -0.079351 -0.082398 -0.052257 0.992060
1305031111.511264 -0.105493 0.012296 0.122401 -0.075500 -0.072267 -0.051375 0.993196
1305031111.543250 -0.096708 0.010595 0.122358 -0.071915 -0.065162 -0.051408 0.993951
1305031111.579237 -0.084827 0.013717 0.116586 -0.067590 -0.056060 -0.045267 0.995108
1305031111.611271 -0.080741 0.014243 0.112537 -0.068075 -0.049622 -0.038884 0.995686
1305031111.643395 -0.070342 0.006177 0.121542 -0.067284 -0.049414 -0.034069 0.995927
1305031111.679320 -0.044789 0.010188 0.115448 -0.061569 -0.046793 -0.024450 0.996706
1305031111.711760 -0.026029 0.013941 0.110698 -0.059420 -0.041349 -0.021670 0.997141
1305031111.743386 -0.010246 0.006920 0.116087 -0.057637 -0.031844 -0.020342 0.997622
1305031111.779423 0.001339 0.011599 0.110990 -0.053091 -0.014995 -0.016962 0.998333
1305031111.811406 0.005774 0.010958 0.110709 -0.050416 -0.000096 -0.017117 0.998582
1305031111.843299 0.009392 0.012501 0.108374 -0.046926 0.012063 -0.015556 0.998704
1305031111.879442 0.013471 0.015466 0.105051 -0.046479 0.020701 -0.011172 0.998642
1305031111.911354 0.015780 0.010463 0.109666 -0.047227 0.022647 -0.006697 0.998605
1305031111.943300 0.027331 0.011203 0.109349 -0.045396 0.019726 0.001747 0.998773
1305031111.979449 0.055258 0.011439 0.107545 -0.044466 0.016263 0.010178 0.998827
1305031112.011433 0.077331 0.011558 0.107169 -0.042184 0.018889 0.010303 0.998878
1305031112.043270 0.090895 0.011905 0.105739 -0.038817 0.025643 0.008487 0.998881
1305031112.079339 0.102210 0.012984 0.104118 -0.036295 0.036610 0.008162 0.998637
1305031112.111423 0.106334 0.015067 0.102652 -0.033099 0.045319 0.003477 0.998418
1305031112.144342 0.118172 0.015131 0.100662 -0.032756 0.050768 -0.003182 0.998168
1305031112.179390 0.129994 0.012912 0.099627 -0.035690 0.061991 -0.005699 0.997422
1305031112.211254 0.143260 0.005782 0.105336 -0.037402 0.069195 -0.011230 0.996838
1305031112.243369 0.155063 -0.000897 0.108607 -0.034728 0.077058 -0.014928 0.996310
1305031112.279353 0.158204 0.001224 0.106547 -0.028524 0.085054 -0.017885 0.995807
1305031112.311312 0.160056 0.000064 0.108369 -0.022862 0.089861 -0.019850 0.995494
1305031112.343323 0.168243 0.001263 0.105647 -0.016211 0.091151 -0.017316 0.995555
1305031112.379360 0.174344 0.002135 0.103651 -0.012125 0.091114 -0.014217 0.995665
1305031112.411442 0.188432 0.004818 0.101297 -0.008835 0.087470 -0.009929 0.996079
1305031112.443391 0.201744 0.003273 0.101561 -0.006857 0.085531 -0.002995 0.996307
1305031112.479418 0.207049 0.005955 0.099865 -0.002938 0.085652 0.006156 0.996302
1305031112.511504 0.216461 0.005249 0.100137 -0.001258 0.082220 0.014141 0.996513
1305031112.543212 0.230017 0.006617 0.099186 0.001620 0.077286 0.018998 0.996827
1305031112.579252 0.238034 0.008695 0.097405 0.004246 0.074562 0.024886 0.996897
1305031112.611261 0.252976 0.009167 0.094269 0.003841 0.072497 0.030131 0.996906
1305031112.643246 0.260837 0.013165 0.091934 0.003245 0.077693 0.037362 0.996272
1305031112.679952 0.264179 0.012748 0.093860 0.001315 0.083329 0.040750 0.995688
1305031112.711251 0.265254 0.013095 0.093109 -0.000773 0.087668 0.041758 0.995274
1305031112.743245 0.265611 0.018469 0.089878 -0.003868 0.091355 0.044324 0.994824
1305031112.779310 0.263599 0.016277 0.094197 -0.010947 0.095833 0.047486 0.994204
1305031112.811310 0.258132 0.015775 0.099989 -0.012494 0.096240 0.046599 0.994188
1305031112.843286 0.254965 0.017847 0.098770 -0.014552 0.091514 0.043972 0.994726
1305031112.879421 0.251789 0.018417 0.100511 -0.017750 0.089615 0.046212 0.994745
1305031112.911411 0.249896 0.018970 0.102365 -0.020046 0.085229 0.049334 0.994937
1305031112.943321 0.246008 0.016758 0.104214 -0.022516 0.079628 0.048412 0.995394
1305031112.979278 0.245090 0.016047 0.104404 -0.023551 0.072701 0.046413 0.995995
1305031113.011353 0.238133 0.015744 0.102434 -0.025735 0.070584 0.045794 0.996122
1305031113.043231 0.232514 0.014980 0.101153 -0.029589 0.068139 0.043602 0.996283
1305031113.079251 0.223511 0.010255 0.104845 -0.030842 0.065448 0.039417 0.996600
1305031113.111316 0.214212 0.012993 0.100330 -0.027868 0.060437 0.033973 0.997204
1305031113.143306 0.203034 0.010117 0.096415 -0.032106 0.059407 0.032158 0.997199
1305031113.179343 0.189229 0.006863 0.097610 -0.034617 0.059181 0.033936 0.997070
1305031113.211259 0.176871 0.003943 0.097007 -0.034213 0.054283 0.034753 0.997334
1305031113.243227 0.163678 0.007479 0.091643 -0.034857 0.048839 0.035355 0.997572
1305031113.279312 0.154219 0.002977 0.093588 -0.037519 0.043257 0.037418 0.997658
1305031113.311452 0.144000 0.002624 0.094870 -0.032165 0.035129 0.041973 0.997983
1305031113.343252 0.129123 0.005442 0.090124 -0.027412 0.026339 0.039626 0.998491
1305031113.379312 0.115615 0.004409 0.088872 -0.030752 0.018523 0.037351 0.998657
1305031113.411625 0.103746 -0.001641 0.094262 -0.031794 0.011294 0.037566 0.998724
1305031113.443266 0.086240 0.000141 0.092796 -0.030013 0.006246 0.031921 0.999020
1305031113.479311 0.070290 0.002893 0.091725 -0.031865 0.000360 0.026046 0.999153
1305031113.511523 0.055223 -0.000865 0.094312 -0.036601 -0.004576 0.024791 0.999012
1305031113.543242 0.043469 -0.004802 0.098103 -0.039393 -0.011097 0.021796 0.998924
1305031113.579301 0.032276 -0.005276 0.098586 -0.040105 -0.016590 0.017621 0.998902
1305031113.611268 0.022833 -0.001509 0.098026 -0.040736 -0.020409 0.012971 0.998877
1305031113.643222 0.010499 -0.003036 0.098838 -0.043570 -0.020714 0.009098 0.998794
1305031113.679288 -0.002671 -0.005132 0.101175 -0.045365 -0.020165 0.005966 0.998749
1305031113.711931 -0.013023 -0.006877 0.102777 -0.046127 -0.020393 0.001575 0.998726
1305031113.743590 -0.024092 -0.005784 0.102960 -0.045211 -0.018431 -0.003553 0.998801
1305031113.779320 -0.040388 -0.006208 0.103741 -0.044023 -0.014948 -0.008401 0.998883
1305031113.811237 -0.056251 -0.004480 0.103780 -0.042568 -0.012418 -0.011041 0.998955
1305031113.843295 -0.066226 0.000065 0.103535 -0.041445 -0.011312 -0.014492 0.998972
1305031113.879281 -0.083891 -0.006425 0.107939 -0.042255 -0.009518 -0.019266 0.998876
1305031113.911290 -0.097023 -0.002602 0.108089 -0.038502 -0.009906 -0.020178 0.999006
1305031113.943291 -0.106106 -0.001413 0.108863 -0.035585 -0.009000 -0.022598 0.999071
1305031113.979293 -0.119222 -0.000131 0.109698 -0.032256 -0.007415 -0.027619 0.999070
1305031114.011257 -0.136768 0.003358 0.109782 -0.028133 -0.005144 -0.033413 0.999032
1305031114.043301 -0.154641 0.005361 0.110884 -0.026306 -0.006149 -0.035033 0.999021
1305031114.079285 -0.168272 0.005006 0.112713 -0.024248 -0.010859 -0.036112 0.998995
1305031114.111263 -0.176929 0.007989 0.112771 -0.021643 -0.017116 -0.038735 0.998868
1305031114.143284 -0.187230 0.010312 0.113848 -0.020663 -0.022166 -0.041902 0.998662
1305031114.179337 -0.199923 0.006663 0.118692 -0.019730 -0.023656 -0.044507 0.998534
1305031114.211303 -0.208408 0.014733 0.116266 -0.016032 -0.025127 -0.046579 0.998470
1305031114.243337 -0.221213 0.016962 0.118095 -0.016954 -0.027566 -0.050045 0.998223
1305031114.279390 -0.238306 0.015992 0.122792 -0.017664 -0.031715 -0.051869 0.997994
1305031114.311429 -0.246829 0.017823 0.124499 -0.018525 -0.039657 -0.051414 0.997718
1305031114.343331 -0.253983 0.018081 0.127967 -0.019246 -0.045476 -0.055040 0.997262
1305031114.379320 -0.263179 0.017281 0.131244 -0.019350 -0.047381 -0.059217 0.996932
1305031114.411397 -0.275059 0.017154 0.133059 -0.018642 -0.048448 -0.063149 0.996653
1305031114.443345 -0.285590 0.017527 0.133614 -0.019004 -0.052198 -0.064295 0.996384
1305031114.479332 -0.294479 0.015310 0.136043 -0.020082 -0.059112 -0.064723 0.995949
1305031114.511266 -0.298939 0.015357 0.137420 -0.021129 -0.067478 -0.066432 0.995282
1305031114.543236 -0.303293 0.017190 0.138074 -0.022611 -0.070966 -0.065998 0.995036
1305031114.579237 -0.310567 0.013428 0.141012 -0.025295 -0.070559 -0.062177 0.995247
1305031114.611391 -0.312899 0.016210 0.140632 -0.026609 -0.072098 -0.060066 0.995232
1305031114.644136 -0.316222 0.014244 0.142170 -0.031591 -0.075352 -0.058244 0.994953
1305031114.679251 -0.322096 0.010390 0.146704 -0.035378 -0.080406 -0.058929 0.994390
1305031114.711306 -0.323223 0.007542 0.150386 -0.036825 -0.084782 -0.057681 0.994047
1305031114.743200 -0.324204 0.004732 0.151400 -0.036922 -0.087878 -0.061059 0.993572
1305031114.779289 -0.324515 0.004413 0.150749 -0.035106 -0.089101 -0.064329 0.993323
1305031114.811303 -0.321397 0.009211 0.146835 -0.033343 -0.089817 -0.065483 0.993244
1305031114.843208 -0.320424 0.008493 0.146673 -0.033608 -0.090395 -0.067816 0.993026
1305031114.879281 -0.315805 0.012438 0.146000 -0.032795 -0.091421 -0.067600 0.992974
1305031114.912879 -0.311844 0.013114 0.145437 -0.033875 -0.091969 -0.067729 0.992878
1305031114.943234 -0.302845 0.017648 0.143835 -0.034454 -0.093228 -0.069282 0.992634
1305031114.979280 -0.297159 0.019088 0.144639 -0.036302 -0.091445 -0.070054 0.992679
1305031115.011300 -0.287149 0.025275 0.144352 -0.037978 -0.092105 -0.071458 0.992456
1305031115.043508 -0.278648 0.022804 0.147518 -0.042005 -0.089931 -0.071388 0.992498
1305031115.079238 -0.268868 0.023630 0.150737 -0.043699 -0.088023 -0.070992 0.992624
1305031115.111230 -0.254812 0.027135 0.151419 -0.044996 -0.084990 -0.070639 0.992856
1305031115.143275 -0.246525 0.022979 0.154819 -0.047841 -0.076491 -0.068576 0.993558
1305031115.179440 -0.237322 0.024165 0.157072 -0.049081 -0.073761 -0.066696 0.993832
1305031115.211374 -0.224100 0.019979 0.164046 -0.050490 -0.072387 -0.063935 0.994044
1305031115.243297 -0.213230 0.017829 0.167935 -0.046982 -0.067170 -0.061018 0.994765
1305031115.279966 -0.198727 0.021561 0.166318 -0.045276 -0.065527 -0.056264 0.995234
1305031115.311704 -0.179479 0.018568 0.172077 -0.045520 -0.062998 -0.050708 0.995685
1305031115.343235 -0.164669 0.019950 0.171545 -0.041923 -0.055110 -0.047170 0.996484
1305031115.379166 -0.159321 0.025868 0.165440 -0.044420 -0.050194 -0.042381 0.996851
1305031115.411237 -0.145165 0.022757 0.172802 -0.051116 -0.056730 -0.038933 0.996320
1305031115.443159 -0.125393 0.022124 0.176807 -0.054469 -0.059519 -0.032831 0.996199
1305031115.479241 -0.108739 0.022238 0.179084 -0.058514 -0.060304 -0.026829 0.996102
1305031115.511253 -0.082352 0.017937 0.184604 -0.062297 -0.061965 -0.022817 0.995871
1305031115.543604 -0.062570 0.016637 0.186469 -0.062220 -0.051321 -0.016837 0.996600
1305031115.579315 -0.053114 0.015562 0.184951 -0.062001 -0.038545 -0.011646 0.997264
1305031115.611424 -0.041405 0.014405 0.185274 -0.061494 -0.031712 -0.006856 0.997580
1305031115.643254 -0.028648 0.012318 0.184592 -0.060738 -0.024507 -0.000080 0.997853
1305031115.679241 -0.021335 0.013381 0.182217 -0.059023 -0.018973 0.010135 0.998025
1305031115.711320 0.000211 0.014731 0.179911 -0.058118 -0.021156 0.019483 0.997895
1305031115.743250 0.023162 0.016174 0.177358 -0.056924 -0.017157 0.026507 0.997879
1305031115.779425 0.033459 0.016270 0.175654 -0.054892 -0.006525 0.032947 0.997927
1305031115.811277 0.047837 0.018130 0.172138 -0.054108 0.001930 0.040338 0.997718
1305031115.843224 0.061091 0.020714 0.169191 -0.054751 0.011556 0.047638 0.997296
1305031115.879198 0.069198 0.015595 0.172830 -0.055991 0.018841 0.055025 0.996736
1305031115.911118 0.084624 0.018921 0.170007 -0.053039 0.021003 0.060442 0.996540
1305031115.943311 0.095484 0.022154 0.169137 -0.052647 0.028089 0.066347 0.996011
1305031115.980740 0.104997 0.026099 0.168839 -0.052599 0.034382 0.071735 0.995442
1305031116.011379 0.121920 0.029488 0.169170 -0.053751 0.040551 0.074503 0.994945
1305031116.043164 0.132424 0.031634 0.170216 -0.055852 0.052227 0.076426 0.994139
1305031116.080030 0.136660 0.035623 0.169600 -0.058748 0.064084 0.079528 0.993034
1305031116.111300 0.148041 0.036008 0.172452 -0.064724 0.072519 0.082677 0.991825
1305031116.143441 0.155189 0.035737 0.177444 -0.068449 0.080981 0.085471 0.990682
1305031116.179572 0.163974 0.032873 0.181263 -0.072776 0.086192 0.088247 0.989690
1305031116.211299 0.173199 0.034387 0.182181 -0.075948 0.091201 0.091372 0.988719
1305031116.243320 0.187844 0.030524 0.186711 -0.080133 0.094686 0.095020 0.987717
1305031116.279385 0.201517 0.032012 0.186025 -0.080172 0.100178 0.098385 0.986842
1305031116.311336 0.202689 0.032715 0.185004 -0.082201 0.111030 0.101536 0.985193
1305031116.343292 0.207997 0.029069 0.188748 -0.084026 0.116839 0.105124 0.983990
1305031116.379384 0.210648 0.024476 0.190010 -0.081669 0.120604 0.104771 0.983772
1305031116.411333 0.208426 0.028805 0.184259 -0.076455 0.124321 0.108349 0.983341
1305031116.443369 0.206960 0.033138 0.178615 -0.076169 0.127356 0.117823 0.981884
1305031116.479850 0.210467 0.028392 0.181341 -0.078474 0.127099 0.121531 0.981284
1305031116.511205 0.210793 0.027307 0.179017 -0.077317 0.124689 0.117987 0.982117
1305031116.543262 0.206455 0.028657 0.176336 -0.074547 0.124338 0.114314 0.982810
1305031116.579313 0.194022 0.028459 0.173618 -0.074627 0.124682 0.111100 0.983129
1305031116.611261 0.185516 0.024577 0.174677 -0.075752 0.119147 0.105193 0.984378
1305031116.643355 0.174096 0.026994 0.171579 -0.072746 0.112098 0.096401 0.986331
1305031116.679281 0.163468 0.026211 0.170223 -0.072742 0.105076 0.087393 0.987942
1305031116.711634 0.152802 0.026292 0.168192 -0.072307 0.100209 0.077866 0.989276
1305031116.743291 0.136174 0.027229 0.165926 -0.072953 0.097095 0.066336 0.990379
1305031116.779298 0.122026 0.027254 0.164042 -0.074681 0.093255 0.055907 0.991262
1305031116.811318 0.105455 0.023095 0.164741 -0.076164 0.090401 0.047447 0.991855
1305031116.846089 0.083323 0.022224 0.162472 -0.074970 0.084823 0.039605 0.992782
1305031116.880165 0.068992 0.023850 0.159199 -0.075422 0.075087 0.033663 0.993751
1305031116.912044 0.053844 0.022676 0.159272 -0.075520 0.064579 0.029450 0.994615
1305031116.943296 0.039904 0.023823 0.157505 -0.076043 0.051206 0.022601 0.995532
1305031116.979351 0.028705 0.023982 0.158078 -0.075403 0.038010 0.012649 0.996348
1305031117.011382 0.013051 0.026898 0.156765 -0.073001 0.027491 0.004025 0.996945
1305031117.043261 0.000897 0.030849 0.156905 -0.072741 0.017086 -0.000525 0.997204
1305031117.079520 -0.008967 0.033049 0.156600 -0.074221 0.006769 -0.005364 0.997204
1305031117.111238 -0.022505 0.031078 0.157763 -0.077562 -0.002544 -0.006869 0.996961
1305031117.143218 -0.028622 0.035871 0.158343 -0.078667 -0.013675 -0.006283 0.996787
1305031117.179264 -0.029105 0.037792 0.160502 -0.081130 -0.025368 -0.010084 0.996330
1305031117.211361 -0.033103 0.037717 0.162605 -0.083123 -0.032421 -0.014009 0.995913
1305031117.243277 -0.032804 0.041469 0.162851 -0.085396 -0.035986 -0.014647 0.995589
1305031117.279299 -0.032738 0.040121 0.165622 -0.089974 -0.036669 -0.018997 0.995088
1305031117.311200 -0.039857 0.036440 0.168090 -0.094305 -0.033339 -0.021157 0.994760
1305031117.343243 -0.044787 0.032673 0.171326 -0.096683 -0.032360 -0.022092 0.994544
1305031117.379454 -0.046544 0.026946 0.172677 -0.097505 -0.032244 -0.022659 0.994454
1305031117.411221 -0.050611 0.022842 0.173029 -0.096492 -0.032402 -0.022037 0.994562
1305031117.443274 -0.049498 0.019498 0.172668 -0.094123 -0.034378 -0.020640 0.994753
1305031117.479403 -0.050320 0.016098 0.171797 -0.091964 -0.034966 -0.019141 0.994964
1305031117.511325 -0.050790 0.007758 0.172902 -0.090220 -0.036270 -0.017810 0.995102
1305031117.544285 -0.049534 0.004158 0.172247 -0.085496 -0.037858 -0.017108 0.995472
1305031117.579155 -0.051079 0.003359 0.170873 -0.080763 -0.038899 -0.018430 0.995803
1305031117.611159 -0.049978 -0.002357 0.171489 -0.079787 -0.041065 -0.017290 0.995816
1305031117.643252 -0.049565 -0.010569 0.174798 -0.079205 -0.043429 -0.015998 0.995783
1305031117.679262 -0.049100 -0.013328 0.175875 -0.077671 -0.046201 -0.014987 0.995795
1305031117.711184 -0.049188 -0.021798 0.180247 -0.078680 -0.048441 -0.012709 0.995641
1305031117.743184 -0.049118 -0.032000 0.184905 -0.079799 -0.050538 -0.009362 0.995485
1305031117.779467 -0.047194 -0.036686 0.187752 -0.078851 -0.053580 -0.006912 0.995422
1305031117.811320 -0.045741 -0.046550 0.192264 -0.080145 -0.055915 -0.004985 0.995201
1305031117.843291 -0.042936 -0.058683 0.197710 -0.079917 -0.056433 -0.004021 0.995195
1305031117.879451 -0.043346 -0.062990 0.199893 -0.077480 -0.053576 -0.004483 0.995543
1305031117.911407 -0.045386 -0.074650 0.205108 -0.078211 -0.051627 -0.004801 0.995588
1305031117.943253 -0.044508 -0.080624 0.208973 -0.076902 -0.050304 -0.004411 0.995759
1305031117.979228 -0.048278 -0.085596 0.210831 -0.077019 -0.047526 -0.005852 0.995879
1305031118.011228 -0.050004 -0.099100 0.219741 -0.080542 -0.046964 -0.006165 0.995625
1305031118.043521 -0.050885 -0.110142 0.225436 -0.081056 -0.045733 -0.006012 0.995642
1305031118.079334 -0.049165 -0.117167 0.229375 -0.080618 -0.045288 -0.007419 0.995688
1305031118.111217 -0.047094 -0.127084 0.235750 -0.080555 -0.042419 -0.008613 0.995810
1305031118.143256 -0.052481 -0.134171 0.239003 -0.078969 -0.036645 -0.010859 0.996144
1305031118.179323 -0.055139 -0.145011 0.244231 -0.079174 -0.033354 -0.013240 0.996215
1305031118.211202 -0.061729 -0.157987 0.250434 -0.078519 -0.029332 -0.012560 0.996402
1305031118.243173 -0.062399 -0.163836 0.252906 -0.074862 -0.030275 -0.012411 0.996657
1305031118.279194 -0.061749 -0.173642 0.257151 -0.071991 -0.030821 -0.012960 0.996845
1305031118.311299 -0.061891 -0.181279 0.260904 -0.066736 -0.031383 -0.013200 0.997190
1305031118.343324 -0.058077 -0.181630 0.261223 -0.060163 -0.031641 -0.013831 0.997591
1305031118.379208 -0.062810 -0.186744 0.263612 -0.056049 -0.028907 -0.015516 0.997889
1305031118.411296 -0.062018 -0.186561 0.263668 -0.052226 -0.030920 -0.014790 0.998047
1305031118.445692 -0.059624 -0.185296 0.264469 -0.050217 -0.031382 -0.011552 0.998178
1305031118.479285 -0.059774 -0.188923 0.268232 -0.050453 -0.031864 -0.009261 0.998175
1305031118.511255 -0.054496 -0.186546 0.269270 -0.048309 -0.033717 -0.007471 0.998235
1305031118.544414 -0.049559 -0.180239 0.266505 -0.047777 -0.034559 -0.007318 0.998233
1305031118.579285 -0.049508 -0.178856 0.268175 -0.049782 -0.033503 -0.007642 0.998169
1305031118.616142 -0.046934 -0.174853 0.268415 -0.050202 -0.032618 -0.009658 0.998160
1305031118.645325 -0.048124 -0.166192 0.265174 -0.049837 -0.030277 -0.012328 0.998222
1305031118.679295 -0.049298 -0.159916 0.262652 -0.052219 -0.028779 -0.014096 0.998121
1305031118.711421 -0.053312 -0.159318 0.263932 -0.054951 -0.028171 -0.017472 0.997939
1305031118.746770 -0.058250 -0.152091 0.260772 -0.053539 -0.028745 -0.016977 0.998008
1305031118.779277 -0.051309 -0.132537 0.250101 -0.051678 -0.034023 -0.016143 0.997953
1305031118.811221 -0.047137 -0.131707 0.251482 -0.057346 -0.037502 -0.017152 0.997502
1305031118.846753 -0.047877 -0.130157 0.251155 -0.056999 -0.037054 -0.016521 0.997550
1305031118.879208 -0.043974 -0.107691 0.236056 -0.051603 -0.035746 -0.018726 0.997852
1305031118.911177 -0.045834 -0.102176 0.233174 -0.054444 -0.034254 -0.021398 0.997700
1305031118.946974 -0.046338 -0.093696 0.227451 -0.054371 -0.032892 -0.023327 0.997706
1305031118.979374 -0.046782 -0.077078 0.217592 -0.052596 -0.031974 -0.027063 0.997737
1305031119.011363 -0.049291 -0.067295 0.211585 -0.055464 -0.031370 -0.029580 0.997529
1305031119.047172 -0.052377 -0.062534 0.206976 -0.058730 -0.031064 -0.030381 0.997328
1305031119.079223 -0.055782 -0.053369 0.202346 -0.059132 -0.032237 -0.030555 0.997261
1305031119.111328 -0.056625 -0.044809 0.196188 -0.059325 -0.035242 -0.030035 0.997164
1305031119.147616 -0.055765 -0.033730 0.189258 -0.058777 -0.038814 -0.028224 0.997117
1305031119.179226 -0.054816 -0.028190 0.185674 -0.059588 -0.043114 -0.028176 0.996893
1305031119.211364 -0.055583 -0.018434 0.179810 -0.056949 -0.044120 -0.026938 0.997038
1305031119.247399 -0.053149 -0.007000 0.172805 -0.055167 -0.046113 -0.025661 0.997082
1305031119.279212 -0.051520 0.001800 0.167324 -0.054940 -0.047419 -0.025339 0.997041
1305031119.311212 -0.053226 0.010505 0.162418 -0.054639 -0.046988 -0.023197 0.997130
1305031119.347741 -0.054936 0.017334 0.159123 -0.054107 -0.048075 -0.021136 0.997153
1305031119.379239 -0.051688 0.028643 0.153002 -0.052642 -0.051122 -0.020285 0.997098
1305031119.411484 -0.048857 0.037028 0.148926 -0.053193 -0.051520 -0.019742 0.997059
1305031119.447706 -0.048530 0.045203 0.145774 -0.053520 -0.049325 -0.019625 0.997155
1305031119.479267 -0.049990 0.053621 0.141830 -0.052707 -0.047171 -0.020465 0.997285
1305031119.511240 -0.052669 0.064965 0.136196 -0.052720 -0.045083 -0.020233 0.997386
1305031119.547382 -0.053709 0.073178 0.133448 -0.054374 -0.044625 -0.018762 0.997347
1305031119.579559 -0.051052 0.085208 0.128963 -0.055567 -0.044362 -0.018545 0.997297
1305031119.615017 -0.053263 0.093425 0.126606 -0.058582 -0.041955 -0.018473 0.997229
1305031119.647903 -0.055501 0.103422 0.123519 -0.061089 -0.040644 -0.017699 0.997147
1305031119.679208 -0.050392 0.114200 0.121046 -0.064443 -0.040636 -0.019096 0.996911
1305031119.715232 -0.054818 0.122179 0.119321 -0.069618 -0.034525 -0.017579 0.996821
1305031119.747193 -0.062868 0.126379 0.120687 -0.074708 -0.030307 -0.013666 0.996651
1305031119.779169 -0.062672 0.134086 0.120279 -0.077659 -0.032069 -0.010921 0.996404
1305031119.814537 -0.062490 0.142114 0.119368 -0.079524 -0.032784 -0.007194 0.996268
1305031119.847429 -0.059299 0.147947 0.118779 -0.083305 -0.033045 -0.002361 0.995973
1305031119.879214 -0.058723 0.154725 0.118457 -0.083190 -0.031762 -0.002714 0.996024
1305031119.911401 -0.061169 0.161959 0.114686 -0.083845 -0.029062 -0.001651 0.996054
1305031119.947392 -0.059726 0.171558 0.111811 -0.086160 -0.028098 -0.001787 0.995883
1305031119.979537 -0.059718 0.174401 0.112060 -0.089373 -0.025326 -0.003019 0.995672
1305031120.015264 -0.064373 0.180313 0.106911 -0.093407 -0.020054 -0.002108 0.995424
1305031120.047290 -0.066315 0.185969 0.109515 -0.098590 -0.019146 -0.000560 0.994944
1305031120.079418 -0.071650 0.183073 0.113819 -0.102150 -0.018867 0.001758 0.994588
1305031120.115232 -0.070436 0.185546 0.112474 -0.103056 -0.021543 0.003575 0.994436
1305031120.148157 -0.067952 0.185253 0.114270 -0.104327 -0.023234 0.004292 0.994262
1305031120.179246 -0.067871 0.183014 0.116351 -0.103055 -0.022527 0.006714 0.994398
1305031120.215249 -0.067997 0.177092 0.118104 -0.100009 -0.022634 0.006663 0.994707
1305031120.248003 -0.066832 0.174006 0.117049 -0.096143 -0.023189 0.004285 0.995088
1305031120.279430 -0.066211 0.169729 0.117549 -0.092788 -0.022694 0.002576 0.995424
1305031120.315196 -0.068326 0.163601 0.118800 -0.090075 -0.021425 0.000146 0.995704
1305031120.347787 -0.068429 0.154567 0.120983 -0.087767 -0.021032 -0.001943 0.995917
1305031120.379437 -0.068431 0.148062 0.123714 -0.085548 -0.021167 -0.002683 0.996106
1305031120.415445 -0.070667 0.134058 0.130207 -0.081932 -0.020687 -0.003222 0.996418
1305031120.447417 -0.067437 0.128920 0.131488 -0.074793 -0.022903 -0.002878 0.996932
1305031120.479432 -0.066392 0.121085 0.135385 -0.071348 -0.023838 -0.002428 0.997164
1305031120.514819 -0.068713 0.111053 0.141741 -0.066020 -0.024731 -0.000639 0.997512
1305031120.547736 -0.067257 0.105330 0.144612 -0.059231 -0.028090 0.001697 0.997848
1305031120.579551 -0.064165 0.101411 0.147580 -0.054703 -0.032978 0.005670 0.997942
1305031120.615236 -0.061662 0.092052 0.153300 -0.052336 -0.037733 0.008281 0.997882
1305031120.647354 -0.058509 0.084721 0.157400 -0.047859 -0.041489 0.008893 0.997952
1305031120.679318 -0.055726 0.080015 0.160407 -0.044623 -0.043663 0.010405 0.997995
1305031120.714522 -0.054696 0.071487 0.164809 -0.043287 -0.044592 0.011472 0.998001
1305031120.747369 -0.054498 0.063701 0.169223 -0.042190 -0.046812 0.011843 0.997942
1305031120.779894 -0.052128 0.054116 0.173997 -0.040703 -0.049421 0.011917 0.997877
1305031120.814944 -0.049850 0.048353 0.176959 -0.038044 -0.050695 0.011917 0.997918
1305031120.847921 -0.047632 0.040653 0.180061 -0.038384 -0.052539 0.010194 0.997829
1305031120.883435 -0.048112 0.030023 0.184359 -0.037065 -0.051804 0.007789 0.997939
1305031120.915444 -0.046375 0.025541 0.185957 -0.034997 -0.051407 0.006549 0.998043
1305031120.947488 -0.047827 0.016569 0.189190 -0.035231 -0.050802 0.004063 0.998079
1305031120.983366 -0.049401 0.007306 0.191778 -0.035293 -0.050255 0.002079 0.998110
1305031121.015019 -0.050452 -0.003040 0.195313 -0.034801 -0.050643 0.000604 0.998110
1305031121.047498 -0.049015 -0.007831 0.196441 -0.033388 -0.051199 0.000140 0.998130
1305031121.083099 -0.052833 -0.020881 0.200003 -0.034065 -0.051148 -0.001593 0.998109
1305031121.114696 -0.051748 -0.028148 0.201737 -0.031828 -0.052762 -0.000885 0.998099
1305031121.147331 -0.051748 -0.035584 0.203554 -0.030190 -0.053508 -0.001250 0.998110
1305031121.183271 -0.052286 -0.044831 0.206288 -0.029102 -0.054721 -0.001972 0.998076
1305031121.211420 -0.050024 -0.053718 0.208293 -0.027046 -0.055043 -0.002190 0.998115
1305031121.247194 -0.051646 -0.058241 0.209763 -0.024425 -0.053573 -0.002333 0.998262
1305031121.282876 -0.053189 -0.068171 0.212907 -0.025121 -0.054356 -0.001400 0.998205
1305031121.313568 -0.051729 -0.080211 0.217910 -0.024256 -0.054979 -0.000339 0.998193
1305031121.347517 -0.053883 -0.085026 0.219103 -0.021844 -0.055427 0.000925 0.998223
1305031121.383226 -0.051866 -0.097605 0.223946 -0.021754 -0.057191 0.001811 0.998125
1305031121.414318 -0.052215 -0.104261 0.226211 -0.017577 -0.056347 0.000473 0.998256
1305031121.447319 -0.051077 -0.108570 0.227190 -0.015554 -0.056298 0.001849 0.998291
1305031121.482964 -0.051282 -0.121851 0.232692 -0.015545 -0.054246 0.003009 0.998402
1305031121.514107 -0.053075 -0.124392 0.232665 -0.011680 -0.052382 0.004009 0.998551
1305031121.547270 -0.049876 -0.129372 0.233599 -0.012500 -0.053282 0.005394 0.998487
1305031121.583204 -0.052230 -0.140469 0.237253 -0.014540 -0.051187 0.004071 0.998575
1305031121.614700 -0.052061 -0.148251 0.240606 -0.013968 -0.049705 0.003027 0.998662
1305031121.647183 -0.051128 -0.152632 0.240954 -0.012865 -0.046201 0.000335 0.998849
1305031121.683200 -0.056816 -0.158452 0.241937 -0.014508 -0.041127 -0.001368 0.999048
1305031121.714520 -0.061234 -0.167318 0.245546 -0.016090 -0.039292 -0.000870 0.999098
1305031121.747145 -0.059210 -0.170273 0.246751 -0.017127 -0.039759 0.000119 0.999062
1305031121.782835 -0.058797 -0.177630 0.251644 -0.019446 -0.039521 0.002141 0.999027
1305031121.811540 -0.056265 -0.181288 0.253416 -0.020544 -0.039079 0.004322 0.999016
1305031121.847335 -0.056592 -0.183446 0.255335 -0.022200 -0.037505 0.007492 0.999022
1305031121.882060 -0.057681 -0.185928 0.257438 -0.024712 -0.036841 0.013661 0.998922
1305031121.914931 -0.054948 -0.186969 0.258680 -0.026755 -0.039436 0.016557 0.998727
1305031121.947288 -0.054007 -0.186234 0.259969 -0.026297 -0.041373 0.016138 0.998667
1305031121.982926 -0.050286 -0.182521 0.258244 -0.025990 -0.042272 0.015963 0.998640
1305031122.014256 -0.051347 -0.180273 0.257566 -0.026674 -0.042077 0.014093 0.998659
1305031122.047306 -0.052542 -0.175086 0.255202 -0.025233 -0.042987 0.010085 0.998706
1305031122.082959 -0.049102 -0.168531 0.253569 -0.024126 -0.044805 0.006907 0.998681
1305031122.114672 -0.049977 -0.158895 0.249038 -0.022162 -0.044690 0.003030 0.998750
1305031122.150725 -0.047591 -0.151387 0.245439 -0.022445 -0.045867 -0.002042 0.998693
1305031122.183042 -0.047686 -0.141111 0.242488 -0.020131 -0.045079 -0.007415 0.998753
1305031122.214959 -0.047637 -0.121741 0.230751 -0.019130 -0.043402 -0.012722 0.998793
1305031122.251319 -0.050612 -0.118824 0.231156 -0.025764 -0.042140 -0.016255 0.998647
1305031122.283560 -0.054078 -0.108480 0.227220 -0.026371 -0.042015 -0.018719 0.998593
1305031122.314289 -0.053965 -0.089754 0.217499 -0.028400 -0.044176 -0.023295 0.998348
1305031122.351327 -0.055232 -0.084289 0.216726 -0.035310 -0.045999 -0.025378 0.997995
1305031122.382630 -0.058984 -0.075431 0.211835 -0.039845 -0.046780 -0.026708 0.997753
1305031122.414997 -0.062004 -0.070528 0.208708 -0.044490 -0.049758 -0.027175 0.997400
1305031122.451257 -0.061624 -0.060779 0.203497 -0.046318 -0.054202 -0.025497 0.997129
1305031122.483360 -0.060957 -0.052503 0.198943 -0.049155 -0.058846 -0.025231 0.996737
1305031122.515097 -0.059523 -0.044387 0.194443 -0.050486 -0.062873 -0.026535 0.996390
1305031122.551490 -0.057142 -0.034851 0.188467 -0.051491 -0.064173 -0.028085 0.996214
1305031122.583208 -0.056834 -0.026280 0.184636 -0.052765 -0.063222 -0.029242 0.996175
1305031122.614980 -0.062816 -0.020023 0.181147 -0.054024 -0.061400 -0.028891 0.996231
1305031122.648788 -0.061811 -0.012162 0.176228 -0.053412 -0.063595 -0.027849 0.996156
1305031122.683402 -0.061890 -0.001533 0.170970 -0.052351 -0.064603 -0.026442 0.996186
1305031122.715208 -0.063638 0.008212 0.167115 -0.051982 -0.066471 -0.023601 0.996154
1305031122.751298 -0.060529 0.020376 0.161409 -0.050697 -0.069721 -0.023658 0.995997
1305031122.783423 -0.058365 0.033401 0.156855 -0.052411 -0.070632 -0.023704 0.995843
1305031122.812555 -0.057734 0.041522 0.154747 -0.056521 -0.070001 -0.024645 0.995639
1305031122.851418 -0.055667 0.046165 0.154278 -0.059667 -0.067180 -0.026626 0.995599
1305031122.883754 -0.058441 0.056574 0.150216 -0.061639 -0.060421 -0.026470 0.995916
1305031122.914571 -0.063795 0.060140 0.149088 -0.065988 -0.056436 -0.026221 0.995878
1305031122.951341 -0.064927 0.065509 0.147570 -0.067539 -0.055391 -0.025055 0.995863
1305031122.982815 -0.065854 0.073568 0.145187 -0.069143 -0.055262 -0.021233 0.995849
1305031123.015450 -0.065018 0.078791 0.142984 -0.071655 -0.056389 -0.018374 0.995665
1305031123.051827 -0.065010 0.083194 0.142252 -0.071950 -0.055946 -0.017081 0.995691
1305031123.082975 -0.064536 0.092757 0.137664 -0.071057 -0.055178 -0.014418 0.995841
1305031123.113873 -0.062311 0.103290 0.133711 -0.072635 -0.054922 -0.012274 0.995770
1305031123.150822 -0.064132 0.109341 0.132526 -0.075694 -0.053573 -0.012189 0.995616
1305031123.182155 -0.061819 0.118067 0.130066 -0.077882 -0.052577 -0.011526 0.995509
1305031123.214704 -0.060710 0.126059 0.127719 -0.081942 -0.048691 -0.011872 0.995376
1305031123.250618 -0.061736 0.136043 0.126106 -0.086819 -0.044844 -0.013107 0.995128
1305031123.282347 -0.064824 0.142824 0.126183 -0.095035 -0.040374 -0.011192 0.994592
1305031123.311327 -0.064615 0.148030 0.127785 -0.101179 -0.036781 -0.010830 0.994129
1305031123.350481 -0.066626 0.153963 0.127905 -0.106355 -0.031959 -0.010546 0.993759
1305031123.382255 -0.067583 0.162074 0.127593 -0.110455 -0.026805 -0.007461 0.993492
1305031123.411363 -0.066996 0.169478 0.128095 -0.112627 -0.022760 -0.006131 0.993358
1305031123.451255 -0.069100 0.173491 0.127727 -0.116484 -0.019513 -0.004274 0.992992
1305031123.483594 -0.069285 0.181940 0.125898 -0.119647 -0.017178 0.000276 0.992668
1305031123.511360 -0.065387 0.189185 0.126637 -0.121888 -0.017320 0.002580 0.992389
1305031123.551513 -0.066516 0.193094 0.126114 -0.124789 -0.016627 0.005056 0.992031
1305031123.579583 -0.064755 0.202768 0.124444 -0.125054 -0.016481 0.008201 0.991979
1305031123.611335 -0.060593 0.206734 0.123730 -0.127589 -0.016750 0.008972 0.991645
1305031123.652411 -0.060749 0.214365 0.122110 -0.130540 -0.014334 0.008922 0.991299
1305031123.683753 -0.059370 0.219294 0.121581 -0.134568 -0.011374 0.009787 0.990791
1305031123.711323 -0.059311 0.225756 0.121405 -0.137976 -0.007804 0.011033 0.990343
1305031123.751723 -0.057811 0.230376 0.123234 -0.140393 -0.006792 0.013223 0.989984
1305031123.783858 -0.058494 0.233147 0.123441 -0.141687 -0.006737 0.014931 0.989776
1305031123.811608 -0.057099 0.234515 0.123035 -0.142681 -0.007440 0.015863 0.989614
1305031123.851444 -0.056076 0.235553 0.122804 -0.143353 -0.007945 0.018212 0.989472
1305031123.883786 -0.055471 0.237108 0.123990 -0.141683 -0.009450 0.018737 0.989690
1305031123.911243 -0.055236 0.232987 0.123910 -0.140118 -0.010859 0.017871 0.989914
1305031123.951442 -0.056190 0.230373 0.121562 -0.140803 -0.010696 0.019764 0.989783
1305031123.983415 -0.057111 0.230442 0.124602 -0.140079 -0.012434 0.021912 0.989820
1305031124.011302 -0.057524 0.225923 0.128024 -0.135005 -0.015998 0.021556 0.990481
1305031124.051505 -0.057333 0.218916 0.127753 -0.132638 -0.018756 0.021871 0.990746
1305031124.083837 -0.056785 0.216351 0.129893 -0.130161 -0.021617 0.022694 0.990997
1305031124.111331 -0.057918 0.207789 0.134764 -0.124868 -0.023898 0.021021 0.991663
1305031124.147446 -0.054284 0.199861 0.134517 -0.121471 -0.026900 0.019444 0.992040
1305031124.182694 -0.056056 0.194833 0.137181 -0.119173 -0.027193 0.017650 0.992344
1305031124.211396 -0.057160 0.186112 0.141693 -0.113552 -0.027846 0.015411 0.993022
1305031124.249327 -0.056782 0.178734 0.141618 -0.109305 -0.029353 0.015759 0.993450
1305031124.282545 -0.057467 0.173200 0.142735 -0.107989 -0.033020 0.015974 0.993475
1305031124.311361 -0.056902 0.162012 0.148207 -0.105549 -0.036957 0.015871 0.993600
1305031124.350354 -0.053797 0.154727 0.149517 -0.100821 -0.041483 0.015501 0.993919
1305031124.382420 -0.052298 0.146740 0.150768 -0.097060 -0.044054 0.014201 0.994202
1305031124.411439 -0.052590 0.137879 0.152862 -0.092140 -0.045218 0.013553 0.994626
1305031124.450245 -0.051721 0.127034 0.154425 -0.086550 -0.046795 0.011462 0.995082
1305031124.480099 -0.052070 0.119906 0.154821 -0.079395 -0.047719 0.008817 0.995661
1305031124.511324 -0.050765 0.111840 0.155683 -0.073054 -0.049965 0.006904 0.996052
1305031124.550437 -0.051494 0.105226 0.156128 -0.067817 -0.051311 0.004674 0.996366
1305031124.579404 -0.051970 0.096491 0.158495 -0.063566 -0.053608 0.002032 0.996535
1305031124.611358 -0.051217 0.086100 0.161901 -0.059159 -0.056260 0.000483 0.996662
1305031124.651271 -0.049114 0.076500 0.164068 -0.055677 -0.059319 -0.000923 0.996685
1305031124.679362 -0.049022 0.065143 0.168222 -0.052289 -0.060876 -0.002882 0.996771
1305031124.711251 -0.046914 0.055989 0.169936 -0.048183 -0.061776 -0.004442 0.996916
1305031124.749890 -0.046929 0.046831 0.172978 -0.045484 -0.062000 -0.006165 0.997020
1305031124.779365 -0.048236 0.035520 0.178057 -0.042938 -0.062830 -0.006758 0.997077
1305031124.811360 -0.046537 0.026625 0.182019 -0.040767 -0.064421 -0.006805 0.997067
1305031124.850535 -0.046853 0.016893 0.186980 -0.039989 -0.065613 -0.007444 0.997016
1305031124.879355 -0.044936 0.004991 0.193341 -0.038541 -0.066228 -0.008176 0.997026
1305031124.911448 -0.043372 -0.001258 0.197679 -0.036459 -0.064645 -0.007730 0.997212
1305031124.950730 -0.043749 -0.011278 0.202386 -0.039043 -0.063217 -0.007614 0.997207
1305031124.979438 -0.049180 -0.028890 0.212651 -0.040167 -0.060946 -0.006880 0.997309
1305031125.011454 -0.049464 -0.038038 0.217377 -0.036418 -0.063388 -0.004718 0.997313
1305031125.050763 -0.044672 -0.041553 0.219695 -0.033081 -0.066702 -0.003720 0.997217
1305031125.079364 -0.045258 -0.050874 0.225069 -0.034112 -0.065573 -0.000539 0.997264
1305031125.111364 -0.047348 -0.062827 0.230951 -0.034305 -0.066018 0.000546 0.997228
1305031125.151013 -0.044998 -0.070904 0.233957 -0.030954 -0.067092 -0.001598 0.997265
1305031125.179353 -0.043345 -0.071021 0.234589 -0.029298 -0.065427 -0.000108 0.997427
1305031125.211320 -0.046754 -0.083588 0.239120 -0.033471 -0.063247 -0.000124 0.997436
1305031125.250632 -0.049913 -0.095240 0.244402 -0.032535 -0.062614 -0.002885 0.997503
1305031125.279467 -0.049892 -0.098641 0.246075 -0.029315 -0.062721 -0.003578 0.997594
1305031125.311493 -0.052054 -0.108176 0.249076 -0.029538 -0.060367 -0.003591 0.997733
1305031125.348880 -0.052844 -0.113594 0.251224 -0.026197 -0.059584 -0.006512 0.997858
1305031125.379401 -0.048994 -0.115354 0.253326 -0.024897 -0.059016 -0.010272 0.997894
1305031125.411335 -0.051921 -0.121209 0.255444 -0.025346 -0.052220 -0.011916 0.998243
1305031125.451195 -0.054063 -0.125754 0.257715 -0.027620 -0.046995 -0.013637 0.998420
1305031125.479424 -0.058309 -0.135655 0.261779 -0.028629 -0.042188 -0.016202 0.998568
1305031125.511316 -0.057136 -0.134836 0.262841 -0.027253 -0.039506 -0.016366 0.998714
1305031125.551020 -0.056949 -0.137819 0.263601 -0.028286 -0.036888 -0.018296 0.998751
1305031125.579308 -0.057957 -0.139786 0.264233 -0.029472 -0.033350 -0.020970 0.998789
1305031125.611533 -0.063517 -0.146411 0.265376 -0.030268 -0.028542 -0.022125 0.998889
1305031125.650575 -0.070873 -0.147948 0.263736 -0.026631 -0.026077 -0.019400 0.999117
1305031125.679328 -0.065773 -0.137527 0.258080 -0.020715 -0.032073 -0.016522 0.999134
1305031125.711443 -0.065270 -0.139062 0.256708 -0.020164 -0.036838 -0.015152 0.999003
1305031125.751260 -0.058697 -0.127067 0.251227 -0.014353 -0.041003 -0.012823 0.998974
1305031125.779348 -0.054692 -0.119791 0.246099 -0.013813 -0.043012 -0.015132 0.998864
1305031125.811573 -0.054479 -0.110802 0.242159 -0.012735 -0.042340 -0.016973 0.998878
1305031125.847412 -0.051334 -0.105365 0.238799 -0.015141 -0.042187 -0.017733 0.998838
1305031125.879318 -0.057317 -0.097771 0.235478 -0.015009 -0.040876 -0.019310 0.998865
1305031125.911305 -0.057473 -0.084812 0.229226 -0.016688 -0.043840 -0.017630 0.998744
1305031125.947343 -0.058951 -0.083024 0.228643 -0.021622 -0.049670 -0.014883 0.998421
1305031125.979324 -0.056360 -0.071521 0.225070 -0.021298 -0.057036 -0.011129 0.998083
1305031126.011333 -0.051082 -0.059288 0.221352 -0.022207 -0.063466 -0.011007 0.997676
1305031126.047324 -0.046081 -0.047026 0.218549 -0.024292 -0.065832 -0.009985 0.997485
1305031126.079356 -0.045712 -0.036002 0.216540 -0.027872 -0.064387 -0.009688 0.997489
1305031126.111370 -0.044689 -0.029252 0.215867 -0.032377 -0.064042 -0.009942 0.997372
1305031126.147432 -0.045590 -0.015733 0.212661 -0.033993 -0.062389 -0.008682 0.997435
1305031126.179384 -0.045867 -0.003511 0.209933 -0.039392 -0.062391 -0.008256 0.997240
1305031126.211319 -0.044688 0.002779 0.210345 -0.044735 -0.063210 -0.007924 0.996966
1305031126.247298 -0.042369 0.015229 0.207495 -0.047243 -0.062718 -0.007552 0.996884
1305031126.279363 -0.041990 0.025866 0.205058 -0.050874 -0.061055 -0.008580 0.996800
1305031126.311332 -0.040929 0.036583 0.202432 -0.054987 -0.058512 -0.010163 0.996719
1305031126.347363 -0.042787 0.043606 0.201001 -0.060063 -0.054395 -0.011993 0.996639
1305031126.379423 -0.045770 0.052335 0.198490 -0.063667 -0.050689 -0.013803 0.996588
1305031126.411465 -0.047212 0.061764 0.195501 -0.067741 -0.048721 -0.015929 0.996385
1305031126.447361 -0.050021 0.066759 0.194340 -0.073084 -0.046264 -0.015591 0.996130
1305031126.479533 -0.052206 0.073430 0.191325 -0.076067 -0.045540 -0.013066 0.995976
1305031126.511410 -0.050160 0.085813 0.187351 -0.077837 -0.047901 -0.010819 0.995756
1305031126.547374 -0.046575 0.092766 0.185789 -0.083956 -0.049211 -0.009928 0.995204
1305031126.579454 -0.045800 0.100343 0.185113 -0.088006 -0.047373 -0.007927 0.994961
1305031126.611528 -0.046083 0.105245 0.183308 -0.093915 -0.045400 -0.006634 0.994522
1305031126.647376 -0.045060 0.106832 0.184209 -0.099666 -0.043802 -0.004476 0.994046
1305031126.679479 -0.047021 0.112151 0.181499 -0.101344 -0.040409 -0.000508 0.994030
1305031126.711583 -0.042218 0.117238 0.180017 -0.104282 -0.040999 0.003035 0.993698
1305031126.747316 -0.042844 0.119007 0.179814 -0.106001 -0.038687 0.005681 0.993597
1305031126.779379 -0.042082 0.123962 0.176874 -0.105463 -0.037805 0.008778 0.993666
1305031126.811602 -0.037664 0.126479 0.174802 -0.106247 -0.037347 0.009340 0.993594
1305031126.847343 -0.038476 0.130665 0.171987 -0.105828 -0.033115 0.009703 0.993786
1305031126.879357 -0.039076 0.132198 0.170339 -0.106703 -0.030825 0.009867 0.993764
1305031126.911364 -0.037881 0.132951 0.169492 -0.107178 -0.029236 0.009055 0.993769
1305031126.947437 -0.040089 0.135108 0.167442 -0.107276 -0.027054 0.010687 0.993804
1305031126.979337 -0.039703 0.134284 0.167388 -0.107992 -0.027909 0.011836 0.993689
1305031127.011371 -0.038124 0.133376 0.167499 -0.107087 -0.029431 0.012293 0.993738
1305031127.047297 -0.038403 0.135203 0.165407 -0.105437 -0.029355 0.013283 0.993904
1305031127.079299 -0.037466 0.134286 0.165899 -0.106031 -0.030278 0.013560 0.993809
1305031127.111435 -0.039182 0.133486 0.166445 -0.105546 -0.031616 0.014664 0.993803
1305031127.147307 -0.038952 0.130890 0.167500 -0.104764 -0.034942 0.015353 0.993764
1305031127.179349 -0.037222 0.129854 0.167931 -0.102967 -0.038418 0.015235 0.993826
1305031127.211700 -0.035321 0.129068 0.168568 -0.101994 -0.040479 0.015127 0.993846
1305031127.247374 -0.035609 0.126208 0.169950 -0.100252 -0.040538 0.013861 0.994039
1305031127.279465 -0.035771 0.125692 0.170556 -0.097807 -0.040879 0.013126 0.994279
1305031127.311362 -0.036486 0.124497 0.171668 -0.097569 -0.041592 0.012337 0.994283
1305031127.347356 -0.037382 0.118597 0.174251 -0.097111 -0.042814 0.011695 0.994283
1305031127.379262 -0.037120 0.118395 0.174668 -0.094284 -0.044081 0.011676 0.994500
1305031127.411371 -0.037339 0.117787 0.176022 -0.093608 -0.045149 0.011299 0.994521
1305031127.447333 -0.037158 0.114411 0.178538 -0.093118 -0.046599 0.010661 0.994507
1305031127.479362 -0.037359 0.114751 0.179428 -0.090973 -0.047708 0.010303 0.994657
1305031127.511356 -0.038020 0.113849 0.180397 -0.091842 -0.048549 0.009263 0.994546
1305031127.547348 -0.038062 0.109435 0.183887 -0.092733 -0.049609 0.009115 0.994413
1305031127.579345 -0.038885 0.109928 0.184067 -0.090558 -0.049738 0.008836 0.994609
1305031127.611271 -0.038392 0.110861 0.184346 -0.090451 -0.050516 0.008951 0.994579
1305031127.647358 -0.039124 0.108273 0.186136 -0.091752 -0.050367 0.010011 0.994457
1305031127.679298 -0.038660 0.106052 0.187566 -0.091033 -0.051138 0.011013 0.994473
1305031127.711375 -0.038307 0.108752 0.187083 -0.089381 -0.052078 0.010859 0.994576
1305031127.747304 -0.038127 0.107255 0.188008 -0.090575 -0.052574 0.010920 0.994441
1305031127.779346 -0.038729 0.103475 0.189261 -0.090889 -0.052515 0.011095 0.994413
1305031127.811829 -0.038393 0.104664 0.188521 -0.089016 -0.053154 0.010196 0.994559
1305031127.847366 -0.039153 0.105144 0.188157 -0.088706 -0.052938 0.009371 0.994606
1305031127.879380 -0.040550 0.103037 0.188577 -0.089363 -0.052727 0.008896 0.994563
1305031127.911476 -0.041056 0.104192 0.188471 -0.088316 -0.053473 0.008295 0.994622
1305031127.947366 -0.040413 0.104881 0.188915 -0.088790 -0.054560 0.008919 0.994515
1305031127.979371 -0.042679 0.104572 0.189883 -0.090021 -0.054237 0.008092 0.994429
1305031128.011427 -0.041010 0.104120 0.191736 -0.091275 -0.055078 0.008298 0.994267
1305031128.047369 -0.039762 0.103425 0.194313 -0.093388 -0.054692 0.009570 0.994080
1305031128.079334 -0.041441 0.097810 0.197648 -0.095604 -0.053784 0.010045 0.993915
1305031128.111391 -0.042046 0.098313 0.198215 -0.094481 -0.053619 0.010684 0.994024
1305031128.147418 -0.039829 0.098651 0.199722 -0.094905 -0.054671 0.012632 0.993904
1305031128.179350 -0.041322 0.095586 0.201445 -0.094768 -0.053779 0.013180 0.993958
1305031128.211447 -0.039954 0.095289 0.201845 -0.093470 -0.054484 0.014009 0.994031
1305031128.247480 -0.038214 0.097529 0.201627 -0.092752 -0.055749 0.014699 0.994019
1305031128.279336 -0.039344 0.094722 0.202367 -0.093513 -0.055438 0.014231 0.993972
1305031128.311483 -0.038562 0.094816 0.202244 -0.092439 -0.055949 0.013868 0.994048
1305031128.347423 -0.038560 0.095578 0.201925 -0.092039 -0.056209 0.013043 0.994082
1305031128.379404 -0.038924 0.094208 0.202347 -0.092550 -0.056593 0.011390 0.994033
1305031128.411337 -0.040173 0.093426 0.201985 -0.092018 -0.056098 0.010133 0.994124
1305031128.447296 -0.040685 0.093912 0.201445 -0.091276 -0.056072 0.008921 0.994206
1305031128.479296 -0.041001 0.092600 0.201661 -0.091822 -0.056278 0.007812 0.994153
1305031128.511433 -0.041144 0.091045 0.201754 -0.091991 -0.056107 0.007108 0.994152
1305031128.547399 -0.040666 0.091678 0.201061 -0.091520 -0.055792 0.006613 0.994217
1305031128.579455 -0.041461 0.089148 0.201698 -0.091823 -0.054947 0.006141 0.994239
1305031128.611395 -0.042625 0.088688 0.200922 -0.090665 -0.054601 0.006393 0.994363
1305031128.647352 -0.042515 0.089108 0.200479 -0.089983 -0.055916 0.006852 0.994349
